4746
6575
6665
1427
109
3748
2741
8104
6906
6015
5582
6614
1454
4401
1623
9060
589
8189
747
6870
3370
4047
8425
187
608
9151
5090
910
9872
9468
1126
4233
1351
3126
6215
1636
6969
514
1713
8157
4006
4189
5960
4768
3846
305
7264
9675
9764
6636
3564
3632
6902
6738
1139
2350
3634
5114
8102
5001
282
8226
4302
5190
2222
4273
3883
7720
1027
5500
1781
6959
369
2766
3442
6370
521
4593
2088
2819
4763
9588
4811
9559
1676
9243
3642
1893
7486
9121
67
2683
7707
3418
2416
87
401
6191
9839
9985
5036
240
3225
7875
8320
6395
2296
5273
4774
6271
2627
9467
8944
1622
2914
8732
2784
9440
5152
6960
7047
2141
2851
2550
6833
6942
1318
8865
4204
2413
4353
9795
5600
6248
9200
9620
7605
4177
5885
9010
7893
5802
3475
3685
7359
5634
172
7102
9039
7978
8975
9106
5350
7892
3795
983
3532
3122
9341
6892
5417
6222
1248
5343
7007
3942
2458
4069
3236
6853
1419
906
3125
6958
7597
6594
9348
3657
298
4879
4437
1794
6674
3413
2384
3275
9438
78
3604
2797
2014
4325
2204
9189
5011
6981
1624
4647
6066
8429
2499
4597
8549
8317
2276
5380
7613
3953
6734
6633
9725
5539
6808
3503
7323
3223
5000
3609
3072
1360
2257
5444
2519
460
8037
2857
9362
5988
3891
8731
8973
3210
1259
6410
8427
6086
7844
4125
6179
2632
4070
3797
3847
3996
8072
1699
2051
2547
9711
5228
530
8354
8736
8212
3588
7347
3055
1373
8653
8331
2113
8799
246
3085
130
1711
1633
7159
2966
1901
1841
3120
8622
6069
1024
6850
5363
4485
5276
6515
8008
5053
6356
4673
6341
3885
4149
5167
7151
2786
9249
4916
8556
6904
9564
6825
4269
4059
6077
7539
8391
1294
624
1082
843
565
85
2496
1132
6853
6159
9657
9606
7468
9497
281
2280
9262
4755
2066
7569
4236
5431
3160
2418
872
6069
9528
9868
7653
9335
3623
2982
9236
6002
6692
126
2286
4825
7310
8259
7573
3397
3817
8624
9896
4850
1948
6245
5360
3617
2306
3854
6124
1269
5410
9524
7450
2522
4185
1024
7371
6319
1729
5481
5959
5772
3784
3099
3549
9976
3304
5025
4600
1731
3998
2050
3224
3672
3499
9380
2969
3324
6576
3973
5158
6476
737
6716
1012
2503
8098
9896
6738
1716
4383
2827
8412
2333
1963
6381
6372
5898
4789
9591
4585
9371
3918
4654
3595
7152
7515
2392
5261
7265
5016
6624
6162
7144
3553
3066
247
8904
7899
3903
9673
9025
1516
8367
4209
3143
2592
4139
519
505
1169
3074
1585
1219
8320
3797
4903
6013
9330
1462
2281
8604
9097
9318
5284
3671
1887
9107
7654
5517
7914
2608
5338
9066
1086
6174
1854
8378
8393
6441
4360
216
4941
3592
4002
777
9203
5221
5617
8424
8964
5497
5441
8471
3726
9004
244
7962
5278
6224
9905
2199
4074
7997
7468
5243
7771
6773
8692
6502
3633
2868
821
1234
426
9757
1408
6029
1342
9662
5328
1771
8267
8602
9780
2234
4026
6608
2826
5694
7012
7516
8240
7510
2855
7556
4337
1695
208
6223
3580
941
4901
4149
3253
5663
5388
5298
9873
9048
2987
8720
3152
9371
576
3181
9319
6615
7065
2045
1217
9597
660
1755
4309
8193
6793
9985
7793
4373
9115
3167
515
9595
8812
6603
4801
2038
2194
675
940
4791
8963
9323
5144
6736
4680
7762
7063
9849
8457
6780
5904
1687
4716
4477
1543
2017
4114
1759
6242
3281
9879
6842
5167
4340
3917
2004
9629
9137
6501
6501
1441
5416
1670
3244
5871
1702
2332
7305
4848
8897
1593
886
9384
6088
6935
5564
1487
9778
4956
9092
1463
2753
5491
2476
8597
2608
791
1630
2719
9478
8784
6697
4266
415
8316
1260
2001
4351
8625
1829
625
9073
84
7343
1407
2990
2077
4389
9215
8400
5360
877
1757
2954
7940
9160
255
3343
9602
1510
799
2659
8892
2632
7212
1189
6580
1691
5951
7425
8787
4361
9849
4063
9496
9140
9986
1059
2735
6962
8855
2568
7683
4770
41
851
73
2286
9328
6794
8632
9163
3928
6963
6546
6920
927
8885
1570
4454
6876
7447
8264
3124
2981
7277
471
8736
3154
3925
3129
7137
1740
1355
662
1310
6232
9891
59
4623
3555
3100
3437
1081
4239
2663
597
1349
9280
7183
9831
8139
7385
2268
1089
9842
6846
7230
1436
7918
5354
879
2104
9677
6227
909
810
7505
3522
4780
1371
1782
4973
4274
1860
1506
4449
1135
621
4736
513
7343
7679
7054
9515
1658
4219
4149
724
8598
408
9831
6758
9848
601
8936
9638
7782
5801
6483
4818
8532
5784
5475
4051
6282
5866
9403
7729
3299
7201
2337
4816
5261
7270
725
1466
1827
6198
1705
5597
8817
4275
2236
5972
4114
4369
1783
6827
3450
9852
4966
6823
9246
9840
213
9277
1035
9489
7888
2565
7154
5630
4523
6270
4566
6573
6952
57
6393
7050
8666
5360
5414
1450
1959
8955
622
9008
1237
3841
6224
299
4470
7984
3843
1759
597
9483
1045
6695
6378
2799
5579
6861
2080
2447
9241
2078
4887
4548
7779
8571
7638
6264
5407
917
5741
4331
7559
3761
1222
3834
8313
4966
6685
566
2216
2660
4844
1191
9455
3313
10
2399
5017
6159
8146
867
9707
8556
5146
6472
3068
1488
102
9613
8903
4463
6019
4767
6886
995
7541
1752
5911
6227
8480
6147
1783
8154
3741
5633
8004
9774
1042
4548
3144
8469
3978
9105
7937
4192
7633
6794
1172
2968
1358
8324
3956
3007
7173
9865
1412
6915
2285
7912
7461
7685
5832
1227
8519
1106
5801
9592
2684
4806
6759
6462
3236
4164
8961
7161
1738
6798
8521
6016
8945
2650
2896
8658
2567
1267
1483
8822
8228
1981
7418
1974
6215
106
5768
7505
5050
6280
1177
4578
7836
3732
7439
5990
8080
7390
3050
8192
8169
4272
7188
4143
5761
3247
4619
3084
8945
6131
6138
5228
4644
1744
6469
4461
3440
5128
1307
6484
7829
3665
1615
9683
6198
3186
903
5734
2193
8986
7167
2768
4071
868
2246
5583
8827
4268
9626
2561
1034
8394
3777
2803
4444
6119
2200
1065
5973
6577
5605
1599
8608
4299
5421
8854
1338
4960
4238
6385
2255
2409
2270
5585
3004
9274
8710
7271
4066
8247
5741
7827
9549
1213
7615
9039
4051
3418
316
8960
2069
86
891
5153
6828
9057
6641
1016
9301
8715
8072
9002
8355
6838
7672
229
9900
44
4256
5696
5104
3391
5082
3159
6617
301
3448
6514
4568
198
4593
9279
5224
7307
3829
9804
5253
8107
6261
8135
3925
9284
9882
8981
9077
3644
3387
8925
8258
5910
5599
119
5592
584
5264
2235
6076
1578
3276
7701
5795
1332
9848
217
4128
7138
5812
6524
9032
960
5083
2518
5994
4646
6293
8006
5018
4231
5565
1681
9129
3902
4988
8404
8334
9974
7084
5316
4298
7780
6207
105
5631
6690
3588
8300
7415
8859
2922
6618
5612
3409
2977
882
8361
2759
3465
2546
5567
4945
8665
796
3431
8355
7938
640
4465
9931
9795
3182
7442
3309
647
8972
1254
9922
4516
8528
4765
9006
7465
1726
242
1704
6064
1102
735
3821
536
3073
6304
2271
7908
2607
3648
4042
8493
479
8113
946
9708
5556
7501
5148
6704
6868
1460
1937
9092
2194
2431
520
7134
7880
374
8618
1148
4961
5141
2527
3239
4913
7833
2544
2327
9767
2651
1035
9316
9258
2144
5293
8732
3212
3410
43
1295
6072
4967
8625
4455
2714
3935
1398
4801
6920
1845
5838
9978
6968
3178
6451
1100
1091
8087
7073
6245
5614
3507
8372
5151
8252
7345
3344
8154
3499
6161
8429
9528
6218
1999
1610
8304
3078
1461
5785
4176
7397
1798
5116
9560
1722
3888
3939
1301
1442
3142
5491
1371
6346
3743
3004
8507
7419
4453
2599
5098
6485
7604
6622
11
1587
9961
5465
5137
1145
7866
8264
3104
2712
731
3062
5127
4468
87
980
2358
8308
9647
8619
4934
3625
8955
7557
6464
7005
9378
5261
2555
7340
9306
2265
3847
7626
8006
518
8068
2430
1268
486
4614
4532
1861
7128
1857
9286
9986
3330
226
700
5349
3545
7788
4090
2573
1611
9919
7643
6806
2211
4432
7560
6468
2780
3503
8112
542
6470
7061
5165
5529
9244
3244
7520
7229
7388
673
6933
3756
1297
9079
2656
4657
3074
1121
2912
6127
6389
7476
1523
2739
8308
5246
7389
4616
4201
331
8414
9050
7153
2162
6299
6802
2818
3766
8896
2628
6111
471
228
432
3048
9294
5778
4841
1474
5575
1297
669
3337
2575
7825
5641
6405
2785
3924
1140
2874
9931
6697
3367
6293
9109
8115
5252
1562
520
707
8205
7811
7004
7228
1400
5800
93
319
6197
74
4130
3527
8697
3511
2054
6801
1543
9794
9224
9914
6185
1810
2011
7149
4392
7050
2092
5691
8549
2869
8341
1439
6656
417
2439
720
1971
5298
8119
8134
9137
2472
9375
4260
6664
7224
2722
2809
4361
3414
7288
8662
6612
490
7976
7681
9839
1882
9332
3964
5552
2026
2516
4219
5635
2558
5533
4261
2191
6470
3192
364
2414
4212
6173
685
8890
790
9465
285
3079
3358
6740
894
2075
8236
9184
561
986
3404
3616
6782
9421
6348
3322
2212
636
678
8628
8651
3696
2208
8629
2303
4052
8880
246
3535
1993
4478
9351
9584
7534
8474
3767
7391
7301
9043
3646
8490
1899
5842
9479
7440
7572
1804
3724
5612
8051
2379
5400
7452
6887
2561
992
3600
1935
5613
5262
471
9365
9147
1938
2728
9579
315
1602
3657
8435
576
5285
7576
6269
4418
6508
7117
4840
2694
6320
8057
973
6429
4191
1619
3278
693
8232
5596
4355
8676
8283
3960
333
5876
2328
6064
994
7990
8521
1817
8190
942
1436
5630
2387
3931
3700
7606
7754
8849
2385
2602
8318
4023
1149
5041
2385
6335
4046
1615
7514
8914
1525
2128
4999
1634
9620
4363
736
2000
2178
2509
6082
8794
3962
5498
9571
4943
3798
8716
6781
4163
8148
2478
1004
2340
3323
8556
2539
733
1088
8003
5019
9510
3342
1433
1821
7521
5039
8434
9486
4872
910
8500
8824
5745
5318
7822
3580
205
9567
4677
3389
8828
9060
4397
7422
9995
5171
5073
9390
1333
7027
2039
3242
7825
768
9163
7184
9268
8465
5950
4018
963
9124
7787
3197
2891
9656
3298
1716
2302
7080
8109
2678
6794
5989
6663
1628
7805
1031
1054
6020
9027
6897
8545
8554
6689
9239
9710
8372
1474
2878
4492
5466
4656
8909
6421
9227
9893
431
2872
9839
1026
3808
1731
6655
4582
8677
9666
8840
3108
6392
9939
4225
4369
9903
5711
113
5592
1306
370
8782
7550
4022
9353
2193
494
572
4884
2577
6636
9697
4763
8336
1147
7225
2094
8564
5438
3602
3904
2300
7238
4859
1415
2787
3797
2794
1608
5504
7141
39
6879
1984
4994
8091
2933
8406
893
3064
19
1554
6933
9256
7705
2186
6050
6333
2747
646
8624
9306
3402
1053
7962
1929
499
9908
2008
2389
6569
7206
6471
1665
8984
3672
2055
7893
2281
4237
2629
4747
7588
1254
9995
5030
8495
4519
3735
5651
709
1995
1204
1771
2657
1713
9196
467
2569
659
5906
8850
5508
3889
7823
5980
7151
7248
2602
710
3005
2087
7427
8442
645
5780
5385
4461
2393
9945
7998
7693
8250
9249
8890
7823
6686
293
3221
3330
7778
315
7285
4215
1024
3763
2722
6712
2584
2443
8117
3974
7718
1365
3753
1754
2474
5052
8703
5039
8740
3373
639
8369
2907
2933
6801
9975
5336
5137
2322
658
3567
2123
5417
1310
2566
2747
253
7972
3571
7074
7299
7194
5212
1966
6092
3374
2669
8324
8838
8503
9060
6089
8362
6267
8972
1958
1841
931
3944
9837
5687
2847
6398
3207
6034
7299
7156
5869
4092
1783
888
1004
3559
8458
8675
1955
7290
3691
3744
9005
5860
5549
9173
2890
2966
1132
2911
7118
637
5024
1568
5087
513
6576
4742
8639
2386
1478
5790
3144
9496
6462
8588
6039
6955
2511
5181
2117
6644
4475
9208
5971
7280
1062
9848
7711
2530
6843
6916
3408
2892
823
1287
3447
2745
2026
8783
2043
3885
1106
4130
659
1953
8574
5896
6265
5279
6006
1587
414
5619
2276
158
8556
6142
7576
2906
1921
7697
1860
2911
9484
6648
7853
8229
1082
1128
2527
9112
8974
1094
5295
544
4710
8205
4476
2618
1879
7791
5165
280
2113
889
4528
1454
4010
1453
9985
7405
415
7095
1069
7866
5700
7591
4491
7334
3761
6617
2704
1393
6878
9359
6140
2264
2109
2123
4479
3839
3116
5990
4471
2054
855
6312
1480
6284
1114
3923
3177
8554
1542
8854
3208
2127
4918
8850
5734
1796
9368
1982
8044
7506
9492
9550
6453
6733
8212
8883
3217
8154
5703
6170
3698
6037
4347
2346
6122
2351
4492
8507
7092
924
9581
918
2254
332
8570
3031
766
3374
6389
3202
225
3579
6379
7703
9268
9349
5369
2456
3354
8879
6315
5661
7920
3862
3991
5756
1571
8038
7636
2931
6694
3514
1639
252
3219
3411
8294
5756
9334
7322
2818
4310
8730
2378
1699
1967
6974
9750
8770
8669
2680
9328
3493
3348
3266
9131
3276
8053
2448
7448
9286
4726
6878
8271
2338
6328
3012
689
792
5471
1113
4257
6452
3780
7608
2045
7690
6931
2061
4488
78
6482
2018
9573
485
6110
4096
4085
8158
4288
6941
8570
8610
7495
9819
9167
4503
1293
1209
1480
6663
5275
4892
1589
3998
2731
583
4857
2039
3346
4344
4048
2151
7478
9552
6100
9232
8935
281
7139
9855
2711
7298
5664
9752
5088
8759
4578
558
5218
3889
649
3053
1903
9019
8922
5386
9065
4005
6567
6823
9723
6987
2809
5303
7981
7853
2475
9496
5320
8153
9501
8309
1651
4508
1047
2165
1038
2452
985
7220
9616
7196
8499
6326
4932
4440
320
7522
1353
8897
2621
4681
6254
4489
4370
9974
8085
1608
6627
7393
2927
1124
5417
3862
4317
6575
892
5836
8442
7992
7131
1747
3143
3281
9844
8528
5578
2297
7013
9267
9652
9059
2477
9820
7033
8002
1485
9339
9006
6801
6807
5664
3418
8120
7245
7015
5872
8128
4441
7712
7070
9161
4171
9518
2176
5181
5050
9490
6649
3217
1671
4876
3767
3337
3823
6216
6819
1054
1095
7373
4538
8170
1722
8678
7242
6247
9322
1674
5853
9892
1425
2502
7394
2547
7429
13
1102
6167
2981
7486
6623
5610
428
4103
1077
4360
3061
2085
2768
9454
2501
8306
1086
6444
4135
4029
1671
6895
2899
4020
3312
5160
2105
1766
8073
6291
7803
7306
2904
9504
5529
16
6163
7582
438
6832
3786
1820
4934
7359
8187
9313
4554
1182
7140
4005
6258
5606
4771
6301
7070
9428
5673
3757
5950
9799
3387
134
696
8221
9628
4553
1349
2721
4898
7543
6085
8371
9865
3203
3574
687
9733
9268
3881
9410
7955
7666
7437
6923
5525
2558
4151
3269
6233
2484
8580
3739
1094
4686
9833
6352
3384
684
576
1122
8671
5948
6172
257
4129
2527
7855
3961
2389
9889
385
953
6790
8931
3254
3071
1715
4603
6493
4357
91
3112
6392
2983
6903
9618
4351
9853
231
2682
692
8056
3611
2907
2145
7398
81
7015
837
9313
6186
4723
402
127
4120
7310
6729
5469
2594
7625
6249
7837
8663
8999
1886
6910
7956
6422
4764
5395
797
6855
8023
8686
3501
9002
4222
8237
8168
4251
6505
5619
8687
124
1415
9980
8431
9988
6612
9943
7484
1753
7156
9266
9465
6207
9130
8482
310
2066
9407
9784
3414
548
7770
4467
9879
8387
1114
5373
5064
98
9121
4222
4041
3927
7658
9573
1999
8432
5638
5294
424
2389
8798
8339
5085
7221
2216
7979
7694
9123
4882
1582
7198
8562
7287
7078
7964
6199
1181
94
4385
8353
3020
5435
3603
5964
3620
3069
5341
2720
9403
9394
3736
2194
7593
4212
8143
253
7803
6237
8679
459
990
8510
7973
2372
6114
8356
4553
6704
847
1080
9735
5574
563
1901
853
7006
847
3724
3756
9735
3043
2640
4912
7665
9775
5796
641
8346
793
4352
3307
8234
4042
4507
34
2647
9941
374
566
6291
5617
2046
1540
6069
2015
3371
2032
8468
7991
8491
4374
3931
4921
1900
9641
2283
8090
6738
1439
8652
6543
2172
2623
4725
7375
8079
9087
4172
3722
6564
4668
3799
9473
8754
915
2887
310
2927
508
9115
4414
1812
3306
6312
2698
651
1510
5141
2646
3651
4358
8533
2236
2014
4766
6946
6703
2599
8213
5
6758
1989
2038
1173
9663
3997
9510
9226
3425
7902
1769
5241
9459
7249
7521
7596
269
8367
1016
4410
7034
6727
6992
9711
3228
549
7546
4255
9801
5435
2644
7040
3299
9005
2722
5521
2080
8606
2969
1688
553
9491
8949
3977
1062
2179
5506
612
1668
471
5837
1437
2834
9042
5542
2408
7446
8121
7857
9405
2896
6073
4100
8103
1370
9674
9018
2705
4948
5613
5137
4391
1199
9263
6345
9228
7801
2214
2176
1689
2899
2382
5716
1797
4653
7079
8072
4361
9332
3483
7748
7947
9189
5386
8165
8006
2818
7421
7571
3807
4252
4656
4896
5443
9833
7420
7983
5767
9627
2403
1862
8796
7488
463
7638
6971
4717
3265
2777
9654
240
8144
193
3526
177
6849
7193
4746
6189
203
8691
1813
5494
4120
6297
9376
5156
1885
2443
2745
4407
9125
9853
6772
8011
9884
1933
1703
9338
8227
8927
3581
3336
9681
1193
5914
3281
309
8583
5934
6641
6125
1024
3614
879
2405
6430
7203
1597
6245
191
7041
7611
3236
8603
3103
5752
2079
6326
6684
2448
6478
2918
2958
7807
9725
9520
9844
310
1380
1336
1876
6288
8594
4963
8483
4779
341
5017
9267
3333
5498
8029
7946
4365
2303
5376
3776
3343
7975
1035
2739
752
5731
1870
6738
8941
9106
7891
9808
3355
9832
3832
1498
9528
2518
815
5490
184
1621
2979
788
5977
8072
6545
7281
3907
4701
1874
7600
1459
7981
5446
5473
8222
3595
1891
8518
149
2852
3854
4576
5625
4191
504
1850
7392
103
3314
6282
2509
193
6371
6199
9862
6772
8234
3568
3692
6623
6364
4648
8274
7574
4957
777
1916
652
3679
2204
2707
7368
8565
4370
2010
9024
8350
8038
9791
2325
7391
5095
5
1797
5382
9126
2516
2203
8438
7579
771
2901
5669
8609
4962
4833
3805
7726
9037
2746
9367
3471
1423
8804
373
6456
7449
247
1117
3793
1605
6933
9175
4851
5726
996
1188
5060
8637
2334
591
5069
783
9371
7351
2658
8723
4229
2957
9059
6680
9453
9813
1249
7571
2308
6917
1464
2396
4902
1131
7577
7346
8328
1865
2485
869
1316
2745
228
8725
4977
9113
2742
2153
8955
2382
4035
6344
5850
4262
7520
5471
3887
360
9007
2343
6273
7072
7959
7015
6860
2209
4894
8355
3436
7557
5780
5610
6511
6915
5061
63
743
4193
834
7443
3886
6910
5983
7308
5911
7177
6448
4198
7353
5751
5319
3855
9638
4112
9992
1891
215
3503
2568
7037
7128
3421
3920
1249
5504
6900
3994
9380
142
6436
8888
9480
5388
2556
5270
3105
415
2749
9240
1967
7126
2343
5610
7085
9636
4751
6417
288
3575
4267
7693
8343
6491
5536
9069
6530
4401
9008
5176
6922
732
7403
6812
7807
8370
2040
1282
4788
2195
3816
6574
1543
1258
6216
2479
4960
7874
1014
7135
2142
8287
5756
5657
5147
8412
6687
2539
7439
8062
5889
7560
2445
82
4061
3886
8117
7818
8278
21
9165
5154
2044
4899
272
8414
8255
581
5429
5244
6313
3672
9396
8411
1531
5920
4703
3303
8646
5093
4165
3687
3884
2002
4136
9535
5957
345
4128
8148
988
7960
1025
6447
828
8596
4381
8915
5226
9437
9898
8759
9652
5953
9098
7831
4206
5397
551
5349
4264
5688
9791
3870
7177
4363
8050
8439
2938
7473
9380
7304
3167
4874
5014
267
5190
2587
4693
230
5572
9932
9442
2122
9130
234
4050
8274
1887
9147
7457
3713
2770
383
8399
3707
2779
1885
1439
5899
6004
4821
3866
3071
272
5083
3091
4589
3423
474
3158
6516
4029
9929
5734
3511
6403
8202
7565
493
5358
9778
8376
3152
4971
5337
7622
7091
5950
9918
7636
9627
224
3544
22
9140
4928
129
3971
1771
3006
1438
8630
9883
5
1728
3074
6502
8130
4043
6320
6023
4890
6344
9655
484
2914
621
7058
7233
2915
2154
8039
4553
7131
1306
9785
7964
3794
8613
976
1320
6787
8280
3171
894
1912
191
7893
6493
1879
7350
8484
4121
4386
390
9250
637
6574
9500
1464
9267
2745
8857
7746
7554
8015
4990
9132
9631
6474
5294
3984
6495
7236
831
1948
4135
8870
5097
3142
3463
451
4930
7865
9807
8699
8213
779
3502
3052
7102
9331
4778
6495
8682
5170
5436
5232
718
4211
892
490
6879
6910
9184
6288
4876
1199
6128
9075
5787
7888
7511
5720
4846
2227
4354
5131
9046
1510
9519
9163
1516
699
128
8616
2918
8289
6172
5358
6929
5196
771
2806
4473
3532
4500
4350
474
6913
1233
4513
9321
9190
1858
9944
5144
1861
6587
1593
2303
7232
9339
5890
1618
3973
4665
9413
5451
4648
9812
7873
4043
8164
3317
7902
1161
3888
9917
7791
5510
9076
7236
2875
2441
9083
3938
8836
4817
2379
2786
388
178
3354
7651
3133
4601
4431
900
3407
8086
7864
5273
756
4023
4628
2941
3
5930
7805
4800
9932
6987
2193
5577
1431
8867
8972
8443
5383
3212
2090
7120
1869
6368
9321
8421
4294
4485
6244
2460
475
6665
9088
1828
6443
3108
2597
5164
3960
4748
1245
428
5719
8661
2302
4841
754
3217
5667
4485
5382
7568
8063
1961
9167
9216
7814
7715
615
9077
1627
5298
1551
8893
6953
5176
106
9704
1303
1398
831
9117
8226
2132
6570
440
9621
7578
8708
2529
404
6531
8271
9643
895
2735
4644
6312
5252
9879
3845
8055
7154
9358
7498
4972
4840
7269
8105
3601
2063
3713
1871
5025
7041
7475
6092
1966
4996
7639
3787
1880
1115
3686
9118
484
1556
7818
5933
835
4321
5716
7200
9215
8153
725
3171
9210
9263
7460
1568
5610
44
3785
1373
570
294
3511
2432
1849
9537
2331
4913
8221
2079
3843
3110
262
2684
3009
6023
813
9200
5782
5895
4205
5873
4369
1626
3375
2163
5559
6160
1488
9235
5809
8113
5166
8702
2948
3912
4803
4751
7256
8425
5377
8529
6046
104
2011
7545
9485
7448
8069
7000
5133
6706
4747
1279
9876
1834
724
7213
79
6795
1782
2363
8603
8249
6609
1014
155
2100
9838
4561
2789
7753
6397
3893
411
4150
3680
1293
3162
8585
6874
6882
8100
9624
6158
4557
2652
3739
1720
6237
6426
5230
6263
7181
4468
4241
3748
9567
8066
5465
40
2914
9630
3225
4369
2122
7065
9345
3153
203
4830
9278
4576
2730
9163
2651
6758
8306
4679
8756
8503
5480
424
9710
3144
3309
7797
2399
8378
6058
9264
1782
1352
7810
8039
7034
4170
5245
9064
1309
46
7490
8938
5361
7938
9342
9232
4334
4060
247
5748
7718
2564
1638
558
830
5911
1096
44
2001
315
9381
4504
5325
3013
5529
1981
3749
3547
9958
7299
4539
5491
2717
8838
5470
1696
2659
4280
6329
1330
7005
2392
3186
4505
9708
4483
3271
7461
9941
5122
5790
8507
7015
6531
513
4522
399
7601
1151
76
1963
4639
4259
4529
9612
5840
119
4236
3186
6363
2064
5363
4283
2218
3656
6539
616
7848
2302
2709
7357
797
794
9442
862
3223
3457
1066
8143
7012
2242
827
8387
278
9644
7201
3579
7914
7831
7389
8138
1036
9512
4305
9744
3559
3573
9019
6691
6197
5113
1945
1958
5129
1796
6315
7606
4910
8359
6090
4053
1103
2062
2729
3132
8568
50
81
8231
2821
5204
2068
5524
2360
269
8672
5903
2609
4071
2763
8870
8418
4120
4447
3434
7596
1100
1014
1970
7617
6189
4286
4150
9794
131
8028
4544
2242
8977
4881
1905
6848
3894
1267
9253
5092
8784
6831
1647
5422
7674
2692
1227
7702
5754
5045
8385
1147
144
9936
3015
47
9824
9414
1662
6731
426
7900
2050
1124
5436
2348
8993
3354
2336
5208
9612
3317
1412
227
3511
6576
9069
9732
8470
5209
9849
7369
2006
3599
8285
3961
3270
7628
2432
3534
2066
4659
3366
8657
3841
9296
4506
3006
5720
926
8243
9963
3133
4579
211
9877
2287
7414
40
5177
9659
7543
6618
1798
3401
7168
9252
6507
1309
2995
4106
3645
5583
2095
7362
2162
6963
9959
712
4402
9828
3277
2907
9191
8435
4224
5250
6171
3358
1247
6554
6603
5031
4346
3236
3495
3397
6197
7064
166
9001
1821
366
5988
3894
6836
3215
5295
9797
4474
5936
1459
9841
2508
9393
6385
5586
1109
7883
8703
8430
7427
8062
1365
2197
8629
424
5797
8482
193
7697
2843
7483
5295
7599
7331
1153
5441
8404
9320
6865
1523
6268
648
6110
4382
8123
4492
9417
7450
9962
2265
8564
5153
3599
5472
648
2247
1609
2422
8078
8795
6151
2327
8395
6597
3423
7527
5853
3788
9063
5496
1285
8676
1373
9743
2009
129
4423
7965
3634
6286
7297
6365
5574
7215
52
8997
8395
9863
1573
8019
2043
9018
735
6104
879
342
5340
1142
6763
6390
9724
9535
8005
7867
4977
7186
7796
1129
958
637
496
3051
2885
3508
1477
3238
3450
5873
7505
7878
4025
4663
1110
1401
2548
1719
8430
5021
1397
4940
2065
7404
434
45
2065
1221
1421
2918
9262
6221
4918
9885
6350
724
7111
4788
9721
3463
9375
4742
5166
7734
954
2381
9723
5307
1282
6213
1584
4606
7732
5332
7360
3393
7163
6421
7099
8749
3391
7716
4339
2249
8036
7467
6141
4562
8032
3558
2907
354
5320
9132
9904
4932
1383
9535
766
1347
8392
9033
3025
9683
3662
3276
7011
1650
5137
1205
7302
8998
2253
8907
3459
9626
3845
3395
3174
5177
2905
2454
2137
1588
9493
2496
5433
7013
2699
9464
6640
1729
8834
6567
6643
1823
3577
4355
5025
630
7873
1484
7175
5866
7021
6034
8534
9724
9835
5598
794
4469
9171
8294
1702
4895
6450
7196
1836
9105
6618
8516
4650
8326
2629
7823
7726
1857
6874
4435
7492
9647
5726
5107
1968
6746
2215
1899
7039
4924
3729
4554
8736
9637
4082
5211
8119
8728
4816
3861
7794
6733
6580
5085
2661
3542
950
4858
6196
5648
1439
8920
685
2745
4638
5171
5125
1028
5446
9920
4565
8635
9742
7384
3066
3581
8774
5742
3148
6893
4588
6615
1784
904
826
2851
692
3844
3046
4712
2565
4902
609
3586
3931
3933
7495
5197
2965
9989
3158
5960
6655
6000
3803
3712
401
2377
3497
7582
9402
9982
2726
1458
4741
4437
6584
5038
8514
8244
7429
4716
5880
2015
9812
8558
1723
593
9241
6143
554
9020
3996
5106
3218
2320
9285
6749
7989
6961
5072
4593
5377
6122
2597
9177
84
1868
5919
372
4377
2128
211
9520
8962
7525
3922
5676
7572
1309
8566
2746
1456
7437
8245
7111
2484
9112
5823
5767
4687
2183
585
9212
2996
7136
1535
8525
1973
6640
2068
8209
8363
8560
9602
2782
8715
5777
461
3618
2963
11
7072
5165
3263
2829
5089
3559
5398
7143
8787
8064
3090
2121
4292
5665
1160
1212
806
4308
5621
3192
6641
6900
9863
5344
6415
631
5893
8033
3743
9572
4344
2766
6909
5061
7351
3858
547
4933
4351
79
6153
1955
8135
5074
8959
5787
3186
5759
401
5689
1085
1278
2085
318
7547
3804
8079
240
7063
7920
4260
7447
9849
3784
5276
7357
3487
9369
7043
4156
6148
5106
1697
4136
7453
7721
7673
5199
7580
507
3434
9672
4121
9970
4626
6125
8413
7745
2772
7494
7572
9253
3722
7887
3284
446
3014
3333
529
6676
6883
9537
2395
1411
6694
5023
4938
3766
9306
3979
2315
4200
2848
2517
4084
8910
6862
891
1404
4181
7427
1016
8555
6947
2344
3215
1121
4220
2737
7128
6678
9075
7976
7789
4164
4124
3661
5340
4544
2420
8329
3449
7714
1145
558
5998
788
7557
305
5508
2738
3655
3568
1028
8243
3843
7418
6691
9468
4859
6988
7981
4536
1144
5563
4414
868
5834
4179
8795
690
3755
7341
699
7425
8040
8123
8105
6382
1342
3977
7762
6853
2110
3588
7875
477
8917
6755
3316
6455
2094
9438
4652
5820
3955
5832
3795
9288
5964
9030
4113
4496
9945
3067
9649
7434
4804
2120
3532
4473
3076
5858
6676
7840
4913
2468
8260
656
7517
1294
5596
5053
5838
151
4588
8977
9351
2473
5589
470
5050
5424
7265
9303
2240
8446
361
5159
4548
6386
9040
3307
7146
5078
8202
9693
3669
3517
7894
9432
2910
5809
3747
5423
2247
7920
4580
6221
3740
7163
259
3127
8365
5050
9310
7691
3802
6669
7751
9669
1199
3762
5538
9213
7810
2539
6507
9510
6909
3086
7598
4808
6756
2947
7028
6178
5994
5489
3992
5753
4332
8264
5910
8394
7196
6619
5685
2039
118
9755
5777
6745
7099
4936
797
2603
2867
8250
3836
20
4955
539
2404
5292
1057
1621
9227
5713
5373
3538
3311
6377
2136
9404
3069
4120
1750
2171
7515
4704
495
3480
2422
7941
9946
5441
1163
6134
1521
1876
5609
6987
100
6788
4225
8201
4874
8885
4158
3493
63
9808
7849
4487
8420
9406
3038
7813
6567
4097
225
8455
3238
9451
3886
7659
8864
6452
2086
2046
9927
43
3812
8452
5532
2137
2074
6742
9479
5498
1528
6085
6532
5670
7318
7721
7307
7566
848
3051
2341
7554
5329
2609
3686
2696
2709
6510
3517
5275
2152
8921
7620
6075
912
2169
5746
4615
721
4612
1535
7994
9298
7159
9735
2007
4216
9567
2340
9808
7246
6901
6105
898
2721
6251
6239
2527
3674
6300
5558
6164
5734
1724
988
5018
3384
7813
7688
2046
5714
7599
1994
8552
8194
5937
9921
3547
5513
7090
2241
892
8575
1689
6480
7159
9127
220
452
3581
6235
2803
7692
9059
834
8635
2958
5179
6992
6046
1145
625
2551
1191
6949
4929
9203
7250
4044
8277
2689
2780
4993
6459
3173
9165
5303
2391
2988
6001
7922
7162
4966
6352
6371
6166
4422
9650
4916
4355
8230
6797
5300
7006
223
9579
5113
6792
589
926
4233
8427
7915
5078
6051
1287
309
6020
1747
9729
6106
835
2262
7654
5138
1466
3117
6990
4147
5605
6190
657
4185
7306
849
8151
8441
9187
1100
1028
4316
1383
4617
5048
7152
3375
4044
6114
5796
6896
1180
2683
2881
4538
1849
3189
4852
4623
4728
355
7458
5909
8318
5973
3926
9065
4260
3426
7950
5588
314
9029
1578
9363
5959
2730
2022
4326
4337
1837
8229
8921
3637
7073
2377
5255
3039
3064
5889
8251
8859
4033
6499
1056
2441
25
7396
8026
7083
3984
5549
4763
1170
2978
8647
397
4128
7419
1355
7795
1274
8603
7498
3054
9904
6726
7081
6711
6457
4648
3331
6282
6872
8988
7230
6202
7426
3624
328
5633
9945
1731
1659
2667
2691
5543
9271
5690
9942
7847
5069
909
9646
8516
4815
2772
8182
1300
8248
4062
2099
4352
5121
3966
7647
6183
8948
6935
9003
7208
2749
6159
2311
2537
8630
4922
2841
7407
3735
317
3074
8742
854
9792
3269
1886
2299
7122
3900
7690
8536
2413
2903
7193
16
5280
2661
3616
9988
9225
2044
6262
8251
276
8375
295
9799
7843
3914
9242
1619
4660
1557
8641
1784
5353
2685
9915
8328
514
4182
6674
760
8618
8860
8361
619
5858
7917
8000
5525
1521
9903
2447
9008
7798
7310
4983
9008
3300
5656
2683
851
4750
6650
2635
1432
7738
5105
2580
1418
1956
5581
640
5134
6727
3007
1312
2158
6225
9893
1880
1436
1675
2166
5554
9143
2400
5626
4437
6649
6077
5646
1302
9588
4310
4786
2629
5784
2063
3823
4012
9610
7498
262
2597
7289
8803
964
1949
1834
4671
7512
8356
197
6519
6964
9504
5668
7255
4726
3165
9254
7205
9906
4860
1961
7232
2958
3769
5779
5745
476
5692
728
9961
2976
2304
5989
9801
2434
6079
6963
2150
4665
9073
1421
5418
5549
6718
1285
4691
3622
4372
5558
981
9855
2126
6447
5007
397
1316
8337
3422
1313
664
8853
8534
344
1094
7824
7728
8806
1839
3436
9702
4511
7635
6740
410
8351
6649
1765
4548
5338
6252
910
6469
2204
2730
3739
6169
6398
4157
4847
8115
2091
9221
3169
1491
1097
1253
5394
5018
2537
7885
7006
6724
2592
6240
4354
3557
4600
4323
9155
3649
6924
8371
6241
7619
150
6308
1057
6019
2243
6896
5617
3340
5707
5877
3865
4777
3021
1698
1359
3462
2437
2822
6589
7089
2561
9410
7978
738
8020
9859
3305
2536
9477
9342
7621
9606
8387
2851
7561
8694
8276
8976
3656
2335
2122
637
5659
4251
2960
9934
4781
9816
9299
6106
6049
1689
225
9096
8772
8292
6521
9694
1973
6359
2713
5953
114
9904
4581
1956
9327
2006
8797
3367
6024
5137
9303
8272
8608
4809
8858
4860
1521
3484
1308
3388
6346
9425
7794
2153
5052
7126
7742
1809
2958
7907
5773
9
5024
3225
8277
5195
5876
9133
8555
5749
9420
5952
1786
5323
6704
9481
1339
2244
7553
2730
6761
5471
6862
20
4943
5572
5601
9308
3928
8326
2577
396
8377
4923
6335
7566
9794
8354
3571
4843
1973
9302
430
5037
1140
6930
416
2083
4620
2947
8832
5685
3145
322
6262
1157
7625
1146
4856
7849
3008
4592
7874
2379
9373
8461
5598
832
1899
7504
8211
3995
1655
3854
1667
1283
7488
7998
3349
417
1763
5981
6757
7741
6911
2388
2152
2893
5933
732
5475
186
5908
1455
5387
1671
6473
8681
8311
9226
2530
5450
6410
7670
3586
1476
2223
1907
4157
9688
4897
6141
8748
1662
6128
8847
5390
2896
3424
7375
7827
7153
6683
8883
1207
4276
8085
6146
777
9407
4876
3134
5073
5605
6237
8520
746
7598
1827
3186
3183
835
3496
2907
397
740
891
6225
2695
3854
6560
7125
7500
4694
2425
4896
8937
4794
806
3249
976
2957
8297
9853
7758
8431
2607
9910
3107
8541
998
8183
2726
8693
8873
9127
6941
8763
4686
1793
340
366
4082
8628
5515
562
5704
1735
5601
6112
2224
7440
9958
1721
9929
2985
1420
6683
4479
985
6679
8568
7651
69
9465
5662
3986
5105
8262
4071
8879
190
1432
9777
5581
2152
1612
1329
8532
6333
3086
73
3402
7837
3490
8837
4134
4684
958
973
2403
9968
9077
746
3005
6859
9116
2863
52
8242
7958
7308
1049
2761
9448
4119
9002
3539
7436
79
7106
5762
4532
4424
5567
302
1331
1585
8410
6254
380
3259
3843
3880
1661
4321
2512
7851
2970
4330
7159
555
1328
5488
6071
8933
8934
5647
9194
8553
4552
1292
8415
6875
5266
3923
8945
9897
8148
5231
3618
2301
2099
8285
2227
7723
9254
5599
5147
6838
2325
3541
3063
3678
7923
3276
6551
2933
7787
8739
1544
9105
4688
4903
444
8070
3563
565
1634
5400
7867
2802
7210
3847
5393
6157
4899
556
3765
3145
6636
453
1883
135
1941
3936
6297
6013
5567
1103
9620
6454
6063
3211
2664
5883
8754
3831
8752
636
9755
7446
8349
3451
6280
8197
4979
9981
5879
1278
546
6478
1642
2681
2492
8952
1712
3253
1004
9362
6139
1613
5212
370
1963
174
3776
8728
4015
6571
5868
8279
9526
1576
8864
5777
3004
2624
5439
1508
7954
5158
2575
5861
4305
9402
5801
355
1138
6190
3391
4517
3760
748
6272
9406
9680
1690
8394
2251
4634
9675
5890
4728
3715
2832
7086
8985
5988
2990
6600
5562
6040
6104
7497
3184
7833
2060
338
6923
86
9515
6627
9637
6212
1036
1597
1091
9272
3337
2488
7061
8522
702
7091
8732
7455
4036
759
8030
9894
3198
9143
1905
1691
182
3715
5795
7534
7117
3849
2731
6033
4479
6587
6089
2069
4366
8407
7738
4849
3454
4556
7136
9685
760
1929
1434
8146
207
4799
5529
9338
9411
5194
7638
2327
3364
7269
6234
7030
2436
2420
6381
1440
69
706
4809
8940
3495
56
5623
226
3017
5126
7044
1702
5097
4583
3570
4891
5526
9910
1294
1559
7617
5001
8944
9474
1574
3020
8849
1067
9986
3906
752
4495
8074
3763
6517
791
2860
1703
3470
7068
1204
1707
6950
2486
7680
3005
7581
1552
8966
4234
6197
5424
1128
3557
4549
3574
5504
9317
2913
8323
6935
1203
5803
331
469
5759
469
8854
9142
1124
4479
2905
6192
8889
1315
6834
4017
2262
2523
3236
9101
7646
9766
4993
6360
5031
935
2993
1121
9175
7633
6858
8082
4514
9898
8880
1145
3273
5811
1527
1097
5822
695
1019
8556
2855
2409
6388
2911
7616
2512
5572
279
3174
7130
5251
8709
6142
1477
691
8462
1497
8790
3423
4150
4638
9312
2591
427
2226
5212
4774
404
5328
8872
2203
967
8816
2389
852
4324
2013
8604
412
4516
8555
5527
7575
6872
6035
260
4385
9918
3477
4670
571
4577
3770
5790
8408
3644
4326
8904
5501
9411
557
7606
4129
8889
9651
9920
8890
3594
5427
9695
5178
6890
1734
2138
1131
7589
8073
3121
3862
1675
623
3171
1545
6521
9759
9362
3193
7617
3539
7015
7923
688
8410
6173
8313
3366
2789
3709
5547
4003
4726
4360
3261
122
786
6987
54
125
1468
3986
4586
7981
6011
9702
9948
7295
6165
4565
1499
3751
3713
9241
6200
8058
3142
1427
6631
8239
4824
4604
5728
4456
928
9130
7399
5323
7574
5573
5799
1522
6899
192
7628
9214
9844
8940
5686
1444
4532
9714
3243
3418
1088
9971
7091
5475
7395
1804
3810
1801
8105
7137
6824
5276
967
4950
4263
8779
3062
3416
4995
8402
6609
160
2986
1233
9901
6091
6084
5080
1940
9015
1571
1638
9006
7674
2979
2386
7034
6630
3907
6973
8845
220
193
3666
8440
9550
6228
3176
4686
8986
8508
7879
3285
1166
186
1567
6206
2215
8238
7923
2766
2817
6796
2222
7984
7110
9767
2496
4900
7774
4565
2819
749
6031
1357
7825
2088
8139
7642
6563
8257
1766
8800
2142
8182
5104
941
3149
1667
2326
268
7140
3786
2215
6763
9444
9404
2758
482
9519
1679
1288
9732
620
315
7699
928
5795
667
3165
9982
4111
4865
8562
9832
9934
1184
6643
853
1628
1297
7654
723
3354
1517
4046
8696
687
8167
3325
8582
1737
9876
2388
5037
8410
5477
7589
3322
8062
2812
1663
7693
5798
2917
1487
2374
1985
5421
5569
8951
8903
8449
1284
7822
8730
4304
2468
9527
1200
6745
9718
9208
2234
2243
2055
2578
5589
4536
4340
8507
584
4058
3171
6303
4192
9400
7618
4304
3148
8329
5107
2791
2706
5554
2721
7311
7044
1423
9631
1587
5010
7444
6567
9773
3487
3213
6918
1662
5687
3435
3334
1112
6533
1663
5580
805
4658
3167
8089
5111
5861
9587
9095
2762
7248
6122
6914
5908
6241
1406
4667
3119
1798
1042
1533
7224
3493
3630
9106
7184
7029
914
7563
6295
8959
7701
4266
5820
7357
1314
6569
4397
7970
2044
1391
6052
7337
1712
9185
3768
925
7660
8596
4733
3865
6388
6306
1111
1160
9729
7124
7794
5930
4267
9953
1559
6571
8725
3701
5755
4897
6059
3660
9639
7248
7577
3018
1122
127
7758
6485
435
35
9166
1900
1256
6352
3999
8140
6909
191
7018
3018
3266
5188
2416
6144
109
7791
4098
1612
7581
4276
7647
9103
4856
5281
5729
2354
8762
3259
7177
7027
8324
8184
5703
6936
9244
861
302
1356
2365
5735
6915
4358
1855
7469
1862
4098
5314
2551
5297
5756
1511
8997
4862
5291
9786
6328
2763
1921
372
9044
2841
2421
67
9338
2483
4643
9569
5730
230
6729
7256
9512
8112
3703
3240
3173
1161
1951
4433
6721
6672
2863
6959
6686
2111
5692
8190
771
521
8204
2013
8102
3104
4231
7134
7481
6842
2729
1344
3604
3948
8607
7904
1852
3738
7903
2958
9074
2570
126
6689
9440
3322
3772
9507
9741
5450
786
7712
7645
7082
1369
3778
6708
6005
3727
8828
1556
5316
5646
7195
1227
7126
1856
5146
4097
3727
4559
1594
1621
1007
2635
1649
2411
6179
3577
9549
1494
591
3909
928
2896
2140
7843
9888
3640
1103
2265
8525
3955
8167
1721
4971
9690
5626
3880
5699
1139
8182
5330
7635
5279
7841
4709
4112
3653
5640
6013
4118
8761
318
3933
5580
4342
8896
7471
9585
6978
6612
4101
3540
4313
3992
525
6378
7873
5645
5307
5057
1186
9191
7049
6621
9751
5454
9111
7239
5958
9044
5317
5657
3286
1393
7109
9341
5227
6981
2534
4924
8908
5064
7827
4674
4631
5277
4830
7690
8741
6411
6394
3119
175
5793
696
446
2137
42
2559
3111
6647
2651
1229
8544
5119
9795
2196
765
2944
339
6660
655
9545
6258
9419
9697
3015
1627
2596
703
3274
1893
3402
1064
2467
8015
1220
8722
7590
9900
8483
7051
6969
2776
8369
251
6888
4736
5861
6142
3642
604
1929
8112
8305
2890
4632
9288
5235
2597
2671
6962
6390
3706
1115
5803
3154
9640
3199
5532
6317
8471
1318
8170
9120
4840
546
5518
2582
8848
7515
2936
5565
2446
4487
1690
9535
4855
813
6373
960
8825
6683
7751
5683
1603
1834
3629
8260
540
7416
2677
8678
5027
5306
9980
3276
1714
2964
472
4956
1405
8366
5323
1620
9814
9309
201
5065
9967
7250
9430
675
2857
3860
2722
1586
4440
4163
8842
1588
8535
2056
5296
9341
4413
2369
7598
4326
493
319
5426
676
1935
914
3844
4472
1222
6775
8994
8217
7109
4974
7932
2299
9983
7933
1697
625
9020
3763
2418
7746
4117
7480
9805
4608
8682
8122
8137
5725
3507
9661
9334
797
503
2308
9357
4625
3696
7385
810
834
366
3533
6523
2873
9261
5880
8952
7875
3583
5082
8583
8298
1095
6726
9665
6707
6544
885
5054
5726
9268
1253
6414
648
4715
6458
8274
756
9601
7065
8258
6963
1569
6031
2540
799
685
5446
8707
2949
6705
4705
8873
4063
8769
1800
1427
4570
8914
3030
8462
7223
2751
1985
8531
9332
3991
7747
7134
4442
5723
757
2605
7680
1723
5859
4798
9769
5255
8987
9080
9703
3386
9519
7147
190
8713
5992
4306
3896
6808
1847
2731
9532
8263
3274
8858
4379
9111
3877
8147
485
8828
1800
3042
4313
3854
2482
2882
9908
5703
1262
9519
3735
3754
6143
8727
8982
3822
6403
8707
1990
6853
4353
5355
7666
7386
3473
2575
4553
7181
968
38
2584
3112
2499
6196
5706
8072
1395
6830
900
4853
6167
3861
3303
9333
3022
2112
1998
3891
5994
6763
2151
9444
1559
7158
3911
1889
345
507
3142
5174
9162
2456
9012
3374
4914
313
8362
235
6872
9515
7931
8408
9857
1091
3604
3483
8586
2765
73
3875
4805
3390
2114
2102
7198
9754
4053
3256
1987
5999
131
1881
6119
6477
1861
960
1040
7803
4040
916
5501
2516
7699
4832
1923
2738
4043
5841
3641
9343
212
9897
2331
9115
335
6652
4519
8097
6268
9741
2942
8159
4006
6291
460
390
9052
5967
913
2415
3999
3877
9352
3606
3138
1573
1938
7885
9081
5623
617
2058
1186
1005
1207
6329
7421
8233
4194
1601
8868
7950
6310
7390
6275
1436
9676
2054
5649
1676
2592
9233
5018
434
2022
2218
2262
9309
7971
8756
2906
6426
5026
6160
573
7444
7068
7313
259
4210
566
7920
1682
2545
3281
5662
3791
1581
1728
7794
5778
4902
7710
7896
9157
5430
4357
5537
4879
3444
9001
953
3565
6946
650
8984
4945
5817
7197
6141
5534
7774
6312
3076
1219
8173
1307
6025
1237
3657
4326
8249
7550
6879
4059
9873
1819
6457
5726
842
2711
4000
7027
5386
2079
2373
7475
8757
871
9181
6097
8774
8522
6133
2692
9191
9566
8059
111
49
2642
55
4755
5892
6833
6078
1064
554
7955
9056
2744
6751
7238
751
2942
3039
6252
2453
9806
6133
9203
2246
1811
6156
1333
4021
706
4230
5608
1299
9224
1206
7345
2439
1220
1964
8958
3118
7077
1847
71
3726
1103
9917
9367
5068
1782
9774
9299
7448
3746
6850
2244
5104
8886
5817
711
4272
3690
890
25
1442
358
6809
4888
2548
8512
2862
1922
9252
7430
2856
9922
6154
9141
8587
9894
1030
3243
977
6086
7105
7875
5863
4584
2918
8781
3407
3709
412
8803
5498
7891
2689
7533
3817
9943
8186
3871
8957
4607
3665
1151
7947
9444
9942
7421
9717
2253
3552
2395
9869
3593
4505
4853
7625
8373
8171
3361
4352
6867
8725
1119
2416
2593
4087
1334
6044
4706
1577
4546
3765
6967
969
3019
1838
8526
3789
394
7949
5252
4331
3537
4021
3041
6863
9193
33
9495
7903
8449
1165
916
8727
2857
8139
348
1093
988
7774
5322
6237
5431
7455
1223
7556
2565
533
9130
9336
230
9327
3668
3044
3100
3241
6994
4785
7443
6153
5509
7270
614
416
7133
389
7776
3571
5111
9769
9006
9669
4557
4237
596
3143
9730
8483
5624
1590
6288
9557
878
9419
3068
1484
647
6169
6150
5947
7033
4435
9417
3281
6262
4258
715
4733
2619
3097
8545
6534
7912
517
624
1196
3893
6310
1709
2161
5160
4720
2242
2331
9677
211
2014
8764
7661
7654
8238
1258
4425
8252
2911
6620
6759
6812
3301
4593
8730
516
1671
6626
2881
9424
4145
5074
5760
2661
5701
3422
7583
9645
6287
4406
1883
4028
6670
5033
6863
445
2869
273
4694
1
7129
6024
8258
1234
1844
7079
7965
8220
2867
5919
8692
1258
9183
751
8639
1584
3625
8094
1821
5168
1803
3389
8796
9844
5604
8997
6221
3369
9246
579
3001
6292
3311
2074
7932
386
6198
2136
243
5119
7622
1352
6063
907
3553
8540
2130
6737
2029
4449
6637
3101
3248
267
9400
3902
3077
5658
1113
6187
5652
8541
8917
1228
216
6976
8288
6702
7400
3342
5167
9955
2386
5182
372
1087
5625
397
9584
5493
5925
8930
3896
4455
2688
1906
1027
3436
931
238
486
4766
5931
7042
1722
9344
5594
5396
3522
6431
5518
6477
9886
2517
5218
6009
5458
4874
7298
2937
9847
7188
7565
1442
8786
5921
8238
8098
6842
5691
770
7758
6325
1209
6152
9646
3173
5226
8529
4149
8799
8479
5021
2835
4015
2176
8620
7735
590
6575
7887
153
7562
1668
4997
2437
8795
8421
8165
3775
6160
9055
9624
8038
3164
4197
3935
7878
3791
3824
8750
2956
3641
4299
6623
2588
5447
8794
4569
8994
2947
8017
649
6387
9381
81
3369
5215
9823
2341
5419
6790
6454
1845
4633
1524
1035
9774
5666
5653
2446
9205
6583
1500
602
9799
3012
9973
1185
7351
8425
8754
9046
7441
7522
9854
8052
2196
9301
9715
4902
748
7993
118
6245
7018
5664
1622
7729
6154
9849
9870
649
577
1163
6489
2000
4685
4342
5171
6693
4072
2245
3992
3729
2217
1295
3975
7919
7885
9996
5623
2372
2550
1117
4033
4351
4145
2912
7562
7405
4728
8156
749
5374
2690
9247
7389
1653
3188
1163
4010
1518
8736
3203
2669
7586
8626
5872
31
8650
8830
7700
9456
3980
3546
210
3601
1238
5872
3171
2156
3459
782
4320
7660
8612
8608
8147
9370
8044
3483
3839
3286
5727
6331
4237
2999
5627
6659
3497
2253
4433
9988
7652
9232
6344
30
5004
8076
5862
9695
1649
381
2601
6101
9643
3826
7538
5402
6588
7625
2060
8106
3200
6227
1340
7387
1637
6685
2076
7727
7228
7651
4537
882
2803
1941
3263
3927
7235
5066
4298
4790
6143
4468
4465
422
6958
7767
822
2389
6625
3431
6170
2250
6416
5771
3118
8123
4363
3345
4728
6309
5658
5264
5170
2996
4983
8943
913
4979
4743
4523
3239
7789
9170
5656
3730
8564
3273
1809
7284
6383
6690
7491
6453
8171
2094
4843
1926
9775
8092
5546
1522
2430
7867
3179
4270
1855
9112
3610
6360
9742
99
5685
8645
2630
3123
6415
1637
3299
4164
8012
2547
6352
5726
3692
707
1495
9888
5304
2716
6228
5717
9301
2157
2816
4863
9041
837
9874
537
8158
1123
8947
1295
1459
9626
661
914
646
7404
9278
6197
9562
4552
9837
1972
936
3637
5472
6345
6369
5649
4644
3345
6426
432
7180
1790
5344
4577
8613
3831
2097
5408
9804
3488
1462
882
3366
2470
8380
7880
5875
6014
8884
6185
8163
4067
4048
9959
4267
9054
3839
8862
2793
3023
1517
9851
7200
6831
8588
860
4673
2038
4998
9164
4190
9820
6105
2571
2315
8944
3916
999
3229
4902
2996
9811
2022
9202
1438
9160
1667
3994
3594
2160
8967
777
6563
8249
9080
2042
5413
7334
3557
9450
3990
8823
7300
9680
79
4406
8655
518
7448
6199
5230
5932
6715
5057
6146
6021
4032
4120
5467
1549
3941
1752
1442
5645
4843
6912
7824
3617
2248
6303
2826
9009
7833
6506
464
3591
8874
8958
836
6579
9856
540
2194
6479
5171
2805
7561
4645
4701
6950
8788
5626
9532
3612
9020
1059
1025
9579
4108
2036
2116
884
333
9839
5410
2079
6331
1212
4850
1069
9991
9860
919
1622
2566
6545
9632
5321
661
6420
8031
6642
3589
5227
9558
2204
891
4184
6617
2211
4095
3893
1147
7501
7302
569
3040
7328
8025
3584
6786
1072
8845
1713
4065
297
4519
8286
4309
4556
5896
7987
5932
9182
3759
2513
4140
3354
3603
2190
8425
2989
3680
8766
574
5118
3225
9337
6506
6352
5856
9848
7237
9495
9808
7508
250
9351
9431
7077
4183
8743
6597
9487
7544
2124
1783
1175
209
34
4646
2979
955
526
161
4851
2619
7953
6518
8489
1241
9343
8766
1946
6224
1140
4696
3012
2906
2516
7586
1641
1700
6526
4070
7001
8208
7963
4317
1812
6629
5942
5547
6646
4166
4675
9837
4737
415
2998
2294
3
5142
9436
5686
4746
9530
7114
5781
7806
2119
2047
9583
1121
5011
6833
9046
3249
3677
9034
4093
1117
6793
2316
3378
6879
9338
3420
7852
6975
1516
6258
1817
935
7573
7554
9488
5278
6767
7139
2397
3318
3840
1762
6082
102
8641
5448
8157
894
8190
5892
3406
2023
1211
8267
1789
5397
1438
8407
9501
4582
862
1665
7
2100
2327
9371
3908
9686
3597
5726
351
6784
656
8434
1178
9616
7414
3892
2287
4
3030
3497
3268
9463
6116
3007
979
6211
2745
3565
6482
8761
3810
3844
1792
2210
3550
7993
7920
1538
1021
6751
9491
4175
8030
6657
2625
4132
9947
7993
4278
2966
3511
1635
6584
5303
8709
6923
6423
3453
4703
2840
8168
4218
1634
1656
1189
2177
5520
9346
7693
7544
2379
8168
3187
6411
6375
2630
1228
9631
2611
7555
2484
3412
70
719
415
935
1945
1301
3707
6801
5934
8399
7729
5103
3084
6955
1532
4136
1186
4750
8755
3001
8041
7107
2576
9876
7920
9587
889
1060
2270
2819
2207
4410
1946
8166
7070
958
4092
8595
7942
7072
8377
3476
1867
8329
5439
4013
9192
1809
1649
2733
7631
6098
5452
5200
7152
5195
6809
9492
6165
4833
5658
5073
1531
9136
7108
149
7281
7524
8434
2715
1723
2974
6044
1330
7758
8244
9388
7562
1126
586
9269
8987
7632
9486
8863
7930
2999
9430
5615
1293
6905
3580
7074
8681
4520
954
1130
8960
6729
4645
2375
6980
5642
2659
6133
3945
2461
8015
4808
9232
1818
9204
6372
7577
587
96
4998
5977
8511
2308
8594
3462
9237
1767
9504
2144
7643
5521
8706
8324
1837
8629
4405
2992
7708
4867
7346
8736
6702
3611
9121
6728
8087
90
1706
4247
1655
1665
5390
5358
2341
6811
2092
5427
5077
8975
1793
755
1130
2335
9775
271
742
3187
2243
4979
3197
2895
7204
2457
1829
4021
4210
9486
3089
5758
8671
949
6290
8361
4935
802
2720
294
8826
5630
5120
9325
2094
8735
7985
723
9420
3486
8865
1601
8630
6828
9355
2685
6874
5179
6253
3558
819
4435
538
8297
3630
7790
3811
7770
9175
7733
9452
1993
6294
1443
9369
5554
6353
884
5489
6031
1370
4129
8997
2579
7904
7264
6075
1659
1224
2847
759
2380
8139
9673
1402
2870
4419
4660
8807
2679
6114
9773
2006
5510
568
634
2389
5124
1861
5432
8551
2529
3831
4637
2938
474
6166
3377
3776
7479
3033
3585
2778
7394
3148
8496
79
2976
9888
4635
3701
4336
3452
7231
8367
5797
3714
5729
1476
9172
5177
424
1725
5821
7924
5210
3822
151
3409
1430
4830
6381
8653
8337
4263
6168
7663
1783
9041
3533
8080
5319
8737
5309
3404
2549
7118
492
6171
7379
3604
58
6500
3250
729
2985
4181
5180
7432
5355
3450
7084
1661
6138
6536
2505
6760
9625
5790
3263
6175
116
4644
6614
2442
5241
7616
4760
2055
3722
3320
8238
4413
9143
2252
478
1731
8225
5577
1072
109
6799
6238
8027
5827
7580
1212
8994
6789
735
5189
2679
6122
8316
3301
8024
4301
7870
4107
7225
2195
2385
6210
2256
1395
5547
3770
3563
4625
4133
2311
6607
6852
5638
5401
3442
7044
6577
6123
5637
4774
9573
6112
6421
70
8300
3065
752
1723
1130
5713
4891
6866
5625
3406
1021
2840
1799
5156
6121
6377
8366
1638
4153
2520
3809
1280
4850
2581
344
1791
2010
4756
2322
5024
6482
1081
6255
1948
2027
6413
3664
7269
2635
6887
1210
3092
3014
6390
8169
4170
2742
922
3806
7590
1127
9457
8304
1498
2837
5383
891
3284
3939
4595
3030
8076
1514
7968
6149
6293
7925
5652
838
1850
6150
2255
395
1206
4325
5545
5325
3758
2489
8848
2550
1536
1125
3780
8498
3171
2174
3077
6192
6880
8954
1500
8707
434
9956
4948
359
9284
6062
9595
3892
6937
4975
1160
3726
6968
4178
7223
3767
4884
2615
7429
1525
3597
2625
1330
8453
9251
5345
3842
6020
8677
984
4458
3314
1195
8430
6789
5241
2199
8594
6762
2156
9109
294
5675
9727
6299
7003
8058
4498
5389
286
5123
8876
4879
151
8868
363
1599
9689
3355
8928
1798
2611
506
2218
1054
3484
1511
1588
9873
9086
5139
6730
7687
9640
8725
4773
3311
580
4522
4120
9829
691
3180
8717
2328
1177
9856
4490
1054
4409
6845
6627
4244
8540
274
2761
2472
6466
5650
8621
5793
8934
4803
6140
289
2041
6646
3724
6670
9724
518
1066
9103
4695
1562
3328
2995
4350
2764
6309
3339
9173
3194
7630
3781
9155
4109
9459
4984
4571
6113
7068
2497
1195
2482
9265
3042
5444
3777
4482
9222
4757
4036
2886
8903
3346
6245
9658
1525
4350
2585
2418
8419
4401
9011
4600
2536
2256
3881
1499
5195
2089
5671
8730
5935
2521
1038
8592
9760
1180
584
8105
5997
1203
8637
3847
36
1399
3200
8111
2980
6833
3124
8
7170
764
7474
9425
5562
5140
2391
6556
7158
3026
7078
4905
339
4713
7577
7051
6127
5208
8400
1821
1053
4359
3401
4042
9056
1761
7237
7776
1247
5320
9855
975
2340
5090
845
2800
2611
6475
9128
9082
3004
3682
6706
8181
4560
3714
7818
9810
748
1798
8045
2917
4156
714
5325
5786
8798
714
8939
3269
4073
7021
1355
7557
6079
7809
6441
1829
2495
5247
7898
7472
8657
2690
6711
860
5458
6742
9316
2836
9736
4532
6517
7988
3215
9352
1859
6708
1493
220
9160
1827
7709
3508
3805
864
7148
329
4224
6315
3852
3763
2413
8032
248
8567
8028
5668
3868
8136
4419
2032
7690
2910
3348
4978
1774
7699
1148
3010
5835
1098
5463
8938
385
3252
8030
1647
6406
72
290
9992
8083
1841
2875
4637
9355
2583
555
4340
7507
5010
168
3371
4005
2443
8203
9018
4468
7819
9498
4111
8328
7750
7782
1972
8418
3141
2923
5202
3937
1241
5538
8105
217
3334
6785
9708
9130
7466
6939
2806
9697
9788
6392
5814
1101
7089
2520
4853
1921
341
8175
1869
890
329
8850
2925
9473
1953
4013
2135
913
6061
4482
6855
8898
2491
2661
8847
26
8340
4516
7435
5762
3038
3452
6315
8141
7914
9491
5309
5675
7658
8571
9673
683
8230
679
8567
9826
6868
8061
5242
5212
5060
1747
7545
5541
6006
2385
5067
3152
5271
5684
3498
6451
8463
7666
1227
9134
2077
2703
9979
1960
8630
6346
1393
296
9028
1294
3646
9808
8556
6272
6135
7325
7105
244
1866
5639
2445
6263
1741
5378
6613
6587
1466
9841
8109
4592
6731
6638
9968
8975
8345
6795
4354
4029
7901
3161
2268
8968
9363
2278
6592
5818
5936
2461
587
7090
8279
2857
8057
4033
9981
8555
2809
9216
7240
1556
984
5554
2206
3180
9765
8200
1064
4152
321
173
4927
3732
5256
7638
5972
6579
2749
116
8332
1026
393
2609
2877
4001
7715
9006
7668
5170
1172
6360
6805
7358
2443
1077
3210
5626
8080
856
9532
6156
5680
6631
2577
2131
3340
1187
1681
5691
4211
61
1747
8971
4087
8208
8129
8759
5015
3
5010
1432
9289
6
1943
8706
2594
6149
7055
5986
4097
16
6091
4044
7281
2264
2520
8855
6936
9801
4699
9957
134
8082
6746
1940
8860
1448
5371
2545
5206
419
5358
8599
5484
202
2687
6091
7462
8764
281
9545
1576
9661
8227
8391
282
1251
8734
5302
8800
7973
7430
854
9455
213
4001
2089
9243
8835
8590
1025
9053
2939
6455
8731
6141
6834
7419
6827
1316
9558
7220
3955
4961
1515
9900
9240
2706
2014
5560
7238
3137
6522
9292
9868
2507
773
8125
8633
991
5804
4983
4521
2395
5897
2786
6149
1162
2096
5112
6944
6202
4923
2533
8192
5433
1528
6535
5114
6924
6314
6073
3257
1661
2447
8376
830
9646
3635
3738
786
9669
9873
1164
2400
6367
4961
5315
4317
9199
5926
365
2917
1022
4208
787
2918
2226
7440
6805
111
9055
5206
7330
9341
5053
625
3345
5439
2966
4278
7699
1774
5031
1029
9544
4458
4125
1013
7306
3946
8738
1765
2825
8908
7053
4112
3557
3365
7978
234
1634
3282
2411
9707
1877
359
2706
9985
5613
1126
7248
7025
4981
8451
6915
8216
8384
4543
8933
8020
777
5966
4589
6916
4487
2974
3353
2525
4009
2220
9428
5341
141
6985
5303
5487
4614
3754
7870
8966
4371
506
4081
1539
9592
120
215
5869
416
6914
7140
8931
9242
3641
5551
8739
4323
8991
7996
1016
6157
6246
729
3762
8101
6729
6765
3328
9975
3851
46
2209
8991
8776
7288
6799
905
6369
8030
7876
6063
3046
5832
88
8816
7950
5901
4048
2178
3801
5236
4228
8451
9687
8235
8884
5208
8802
3953
3593
8910
3227
4128
6265
9677
4879
6427
3570
9516
459
9688
1823
8512
3531
4862
5507
4517
2580
4698
7763
9568
9420
5197
2593
7909
8795
1882
5041
4390
7615
828
8017
6464
5620
7428
3514
4149
9470
6410
6202
6722
1765
6801
2175
5279
651
8571
4851
758
3068
754
2884
9218
5127
3383
2674
556
4648
7308
3419
6940
3491
8222
8182
1180
7340
8440
2315
8852
2150
7906
7735
4784
2153
5337
43
5461
9957
3872
2791
4740
1188
2370
3941
7063
1045
3341
9332
1549
520
9314
5805
1821
544
7670
4450
4176
386
8091
9275
4084
4739
5649
4178
4576
5181
8407
7638
4685
1825
911
405
5117
8844
8639
3131
103
5074
6130
9625
6274
4488
9032
1276
9478
9764
1899
1089
9231
5350
9661
1991
4492
6128
6388
6991
2599
9406
794
3690
1003
3805
6778
8293
1849
2344
9886
9746
8303
29
9576
9104
7692
9342
8345
6834
9828
8959
9216
526
665
6902
4752
4048
8709
9210
2157
4722
9116
2608
1412
8028
3142
1483
8389
4040
7549
3229
8662
7212
8260
9681
5617
4645
9636
2063
9226
4036
8641
7554
3191
7472
8629
4433
8542
5190
2064
8652
4566
2118
3404
6317
2850
5750
4809
5653
8492
2478
730
8023
9967
7987
2870
2118
422
9786
3647
523
6828
7609
9900
4726
8418
6648
9135
2847
5445
7784
2308
5377
432
7209
4000
6963
4950
6995
6716
3586
972
