2380
5443
3700
6040
6258
656
132
8375
2594
2344
9957
4703
8365
4764
6391
1507
6349
8681
5232
7413
6715
641
7583
5911
3013
311
8656
4728
7189
8789
7142
9211
3950
8010
4447
9356
8789
975
1360
2170
9655
4362
6267
3011
5073
3859
3510
5851
5843
9043
6820
9290
8565
9910
6713
1631
8607
9647
9047
5692
7139
2112
8317
5736
2850
635
8540
9899
886
8006
4105
1508
2939
7688
8728
442
6146
450
7185
3310
8810
9807
5055
9986
3097
770
5998
314
1974
4080
6105
1562
425
8678
3139
9587
8967
3778
4605
5201
6439
5957
5593
6202
9407
5071
4312
7204
2377
3011
9778
5212
5485
115
4153
5800
201
6158
6322
601
6274
4663
6793
3526
7070
7381
222
606
6761
9634
2512
4564
5927
3201
3640
3127
3692
5957
3005
3772
7723
270
5693
7352
3101
2226
8039
2387
1874
4353
6981
1019
3220
3338
8336
4385
8556
1693
3368
6503
8849
4512
2251
1210
5297
1909
8068
8385
1836
2786
8073
6420
8063
3453
1297
2920
7939
2712
3464
4170
4198
4096
9207
1560
47
9433
8800
9870
4344
9502
9274
2221
7456
8367
6630
5191
2891
3411
2275
681
5887
2871
8102
451
9037
6938
9239
8966
8997
5770
132
7453
1719
2999
6629
5250
4138
9391
6122
3414
2525
8617
4772
7824
3519
1974
5347
8169
1714
7917
9218
8061
8235
76
6287
8626
500
2714
2686
5273
4230
4730
7765
19
549
1269
1247
685
9747
8545
862
5022
3159
3146
3513
6470
5867
3609
1911
3288
1238
5556
7161
3803
800
1786
3733
6045
7827
3803
8012
6230
4316
3725
4962
7029
4206
6942
4609
2451
5359
6952
716
4249
4259
8797
9365
3743
8979
7910
2622
4642
1232
8133
6623
8874
7925
6676
7338
5639
1032
5878
50
1436
7744
444
918
993
8805
1792
235
8416
1213
8440
6736
8362
9525
5791
7988
363
7675
5114
7152
1068
7490
9346
612
3243
5640
8281
2422
1798
2500
6160
7536
3938
3675
3967
3503
4183
833
5004
9731
4129
7475
1607
6909
7562
6739
5171
4838
6430
8975
1494
959
7482
9167
5173
4431
7190
1862
2674
1992
5857
3149
2324
6912
9535
2959
7054
4133
8537
5847
2672
2177
232
4795
3828
1723
3605
3221
7743
1437
9913
4796
5991
4681
8347
8217
5572
4813
7208
8567
4003
7336
9603
4674
2297
2348
7177
6754
9588
8539
2421
1897
2587
1872
7048
8586
8998
2551
8651
3135
4233
7290
860
927
8340
2918
3567
5804
6756
69
3349
4363
4860
2101
5852
9554
3910
5444
1192
2748
6655
1126
8872
9088
970
9413
3743
7725
7574
2956
6759
6541
8061
2656
7542
9614
6729
5362
1133
4939
3522
7181
6786
5664
1820
6457
6309
1792
8900
6554
1232
9319
1414
3316
7205
5975
5550
6475
4578
3125
1764
686
7159
7545
5432
7397
3593
2659
3834
8726
422
5048
2472
7690
3542
3329
4034
5415
7718
3529
8469
1122
2705
997
1127
7790
7273
1849
1892
4167
7434
8158
7488
5920
1465
3985
1937
5277
5684
2021
2502
7817
301
8032
8913
9494
3832
5527
5831
6337
9770
6867
2995
8601
4841
6014
7269
24
7705
6620
4919
5237
4606
1935
5296
371
5005
6460
4443
5661
9591
8921
1356
7924
6233
507
3600
2335
779
5389
9299
3232
8706
6947
1344
8583
6012
9270
7160
7398
3436
8067
9318
8615
4371
7569
4851
1092
428
780
2004
1609
4972
6993
5375
4222
6493
3047
4645
7571
4015
1806
8995
7197
3670
3710
5294
5965
2239
28
2090
7832
1435
4600
1953
2093
1708
4038
1683
275
1101
1683
4903
598
225
4481
4078
7035
512
4034
3967
267
9656
2190
943
4746
1648
6225
3464
1240
519
7277
2751
7879
4655
9330
3006
2500
2659
8147
6292
3448
938
6824
9693
5923
37
304
906
1704
367
540
6544
9004
2007
9739
4769
8036
9174
9401
343
3048
6070
9466
878
2935
8500
1147
3899
3342
6801
9286
1747
7398
7340
8357
5534
9236
3629
4148
2295
7795
4807
2695
1698
7207
6058
7107
3868
4872
1539
7107
230
4670
7585
6774
971
2372
8437
6424
8786
8723
4500
8969
7329
3338
3701
721
3994
9557
1050
5689
1102
809
6492
2407
489
1527
6446
5856
117
2300
9673
2201
5625
4197
7812
6044
7887
5353
1882
1777
792
8256
1126
240
9665
1993
8933
858
4653
2228
8295
6155
6419
7615
8718
3461
6032
4456
1110
8354
5944
8149
2060
5392
4642
7281
773
3462
4846
716
5528
7354
4229
6485
6059
2142
3506
9958
3353
4309
842
2179
1653
9310
7264
8748
9866
6122
9314
5358
4188
9481
9031
9497
4842
7735
4070
9974
9204
2921
9342
1846
959
7224
2943
5195
6393
406
7452
2760
4324
3448
7421
7468
2874
1034
2994
4111
776
1533
7628
7005
9765
9797
8762
3726
1614
3120
4632
5260
5421
3598
8527
2852
4632
8869
8072
2974
2427
8067
101
1315
5309
5359
1658
503
2040
7700
4658
9793
7856
9793
352
1851
132
4324
3383
513
5461
939
3117
2473
8022
4183
2604
441
4296
6275
6753
9126
8086
2474
1357
7584
7896
5089
8310
5519
2796
1688
171
6431
8970
9062
4675
6655
9287
8141
6027
4145
5185
1708
1830
6838
9922
5471
4082
3520
4549
8030
4526
9593
1554
3150
5220
4119
8511
8277
9314
6125
306
5746
5498
4876
2799
7094
9117
1025
6687
3714
5148
8958
9604
6436
1951
9208
1812
3834
8282
3162
2709
9500
9439
3174
3926
2820
1316
2503
9802
793
2298
2000
796
5263
7431
8383
6312
8179
54
2822
9612
694
2677
4829
2679
5462
472
2360
9576
1443
9055
1780
9929
6746
6470
1423
546
7595
1762
1896
8227
8749
488
9608
5348
3824
1071
3899
9876
2808
1314
1453
1270
3525
9150
770
1920
9394
9969
9800
2460
3544
9509
4851
7035
3133
214
3454
7482
7820
5689
4641
5382
4423
5345
8330
2005
5944
9328
8484
1795
9635
8401
1680
2659
2024
531
9784
4093
8727
1146
140
8698
7941
9916
6855
5253
7661
926
5404
4412
1464
6004
3232
5064
3736
3182
3585
6011
9805
9362
8622
8353
2868
9768
2698
1232
5009
7323
3411
6453
2824
9670
4530
4779
5315
8750
9866
5285
4416
6179
693
4255
8475
7775
594
8545
3841
9813
3667
2147
5488
8839
4311
8675
7114
3616
3007
5054
3991
3726
6518
8752
5845
1462
2200
3710
6147
1396
816
3207
2830
295
5388
9214
5344
7375
8285
8377
9131
4414
6825
1208
8800
3783
4754
8903
2868
1900
8236
5989
849
281
3513
75
8325
1837
2742
3888
5118
4324
6287
6599
4363
971
9792
6913
836
4417
7536
9918
661
95
4800
4222
8945
8265
3316
4188
5829
8842
2020
3919
885
6413
266
9351
5238
5740
853
2323
4688
8574
5391
2847
9821
6615
5284
2024
2986
8999
1329
5316
6200
3549
7688
9100
8576
7380
2036
599
4329
3121
1940
8714
2161
8228
9377
1198
9136
3972
2120
1865
378
4988
3844
8515
8331
570
4014
3892
1777
2508
2634
6942
3403
1112
2205
4422
5649
2455
6997
2155
6709
6094
1758
7511
3943
5396
5978
6282
4424
560
7867
8597
4902
5790
2685
8987
6857
2219
8175
9862
3460
9956
4832
1788
7169
3389
7324
5835
1077
5281
8509
4778
5394
8632
4467
4927
5829
8239
2032
936
7612
5526
3028
8922
8847
5415
9885
8360
7481
2913
109
6786
7352
3507
4788
5672
2499
6977
5626
3856
1097
5540
3197
7249
1726
3944
1963
4083
5764
1070
549
4823
2016
5051
1672
1008
5376
9232
8686
5156
3974
661
2764
3143
9416
1173
9480
4768
4341
2623
9626
1861
5714
5108
1996
2230
9855
7908
7335
9029
986
7036
7506
2254
4571
9745
3268
7624
1653
6672
2695
5088
3724
8704
7449
5042
6873
4277
8043
2575
5442
5857
3881
466
1700
6405
2114
7582
5050
9532
8479
7274
3726
436
5567
7457
9211
2027
1585
9805
7395
4847
7385
1495
5441
6687
6038
1612
1368
6249
8844
1382
72
829
7853
3908
4558
9941
6112
2634
7010
20
2816
6987
1709
327
5183
3279
9713
1017
8022
3885
8055
4452
6675
3267
2246
4525
8003
3454
2300
4159
959
3158
5729
5456
5975
2901
248
265
3391
1965
5690
2654
7620
6014
6624
7356
5217
4266
3085
630
7945
5002
998
9267
5821
6236
4387
1262
9996
1682
3663
9994
1222
4995
4797
2477
9247
4142
116
4736
48
7085
8691
9057
480
6753
3048
4727
3005
3051
1328
6258
886
9642
439
9641
1916
835
7449
5309
7690
5085
6306
827
6739
5125
9623
62
684
6763
9262
4218
7110
5606
3910
4655
6017
289
3057
7381
2582
4732
2568
3577
6506
7437
9569
4769
2028
3370
585
2396
5846
6111
2415
1816
981
1787
5015
2552
8838
5649
3402
4311
400
7329
7511
3637
7255
2725
2195
2283
1967
6059
6422
7278
1038
7663
4783
3785
5031
4328
2001
3951
6461
7153
9151
1944
8910
8004
7130
9796
1379
7766
8995
1221
5947
9471
2931
8553
9064
4352
1452
2156
8299
4222
3157
4430
9282
2540
183
9493
3170
3855
9759
2820
858
8878
2439
2216
9377
2294
9012
3332
3033
2159
5424
5602
3984
5075
2981
8377
9339
7531
8198
708
2504
2038
1549
9685
9053
9142
5579
1166
4271
563
9047
2656
2882
9458
2006
9226
3112
6649
1068
8984
3987
3451
6544
5934
2510
1242
5755
247
8715
3438
1696
3279
1139
3167
5433
4070
3343
2908
4866
7787
4378
7680
4827
1204
1703
8477
4793
3825
5157
8463
3754
3616
3660
109
5449
4792
4958
4516
4725
7155
1862
9814
1147
8664
1751
7953
2606
783
5407
8390
8455
8770
9798
532
3791
1070
7552
4516
7441
7958
9990
6769
8753
5485
807
8911
911
858
8304
2806
6625
287
2108
7157
377
5107
9375
2144
7048
7439
6200
7664
6982
143
1919
5365
9699
2170
5869
1284
8469
4452
5220
6694
1366
7289
7999
8596
2815
2344
1650
8994
4381
3899
5205
6986
3181
3364
7663
7767
2960
737
9281
7298
5943
4047
9589
4307
2166
1004
3511
6008
3646
9472
6499
4582
6603
6018
6176
4953
5231
4913
8314
1919
7855
2984
8488
728
4850
4430
7116
2025
2625
1330
5615
5766
6
1779
1997
9573
4551
5656
2897
6597
8130
6713
15
4396
4889
446
7900
3189
2934
6253
5848
4965
8593
5189
3432
644
5529
3635
5366
3475
69
378
1579
940
8515
5808
2386
7107
6345
621
7513
2289
9974
1419
2859
2492
8622
8186
5794
1490
4287
7020
580
9210
8414
9318
6986
6177
9751
2670
3056
1232
1804
7985
953
7442
3963
8777
7597
6869
8451
426
2655
3686
4294
6704
8792
7401
9287
6960
3565
5079
7486
8150
3700
3554
6146
2284
8830
1
6488
4857
1951
5702
4742
9622
8847
5866
8714
8837
1652
8274
8334
9909
7597
3921
2064
6529
2108
7573
5744
8258
3565
3030
9045
6626
3783
5607
4356
6430
5168
2856
9797
8853
7587
2783
1943
7311
8224
6528
2135
7204
5233
3734
5890
4488
6488
7517
9828
1112
5711
9454
6571
5797
8530
314
7927
6233
5843
3107
6193
1254
5255
2578
9317
8047
4729
7550
3849
5237
1615
8579
7641
7601
833
8195
121
5652
4879
593
4218
8872
6243
3145
8144
3555
8971
4009
777
9718
711
2531
7711
1152
5442
8591
5900
3482
7581
8256
5794
6270
3224
4075
9919
9719
18
1963
2253
7929
2007
1694
7659
1689
9774
4554
8986
8198
2072
7857
4150
2222
461
7033
5611
3032
8329
1971
4448
873
3504
8847
5001
1536
2366
6444
2778
8872
606
8690
6220
8223
3543
692
1722
6269
260
1102
7823
8781
8562
8375
5551
8753
6976
5574
4257
244
897
2497
4610
1211
9705
5765
7404
8928
2263
8862
9581
2675
1255
8001
8898
7986
4084
6022
1139
2345
4189
7448
888
9283
299
9697
2370
8189
8181
9545
4702
6988
2921
8329
1089
8838
5924
620
9414
3161
682
2591
274
2814
7100
9886
6314
8541
8223
7148
3844
2518
1561
5470
2042
7400
3205
5793
5465
6280
1554
2563
6887
2132
6715
9651
3892
9617
6143
9444
5263
7528
6826
1953
5180
5810
4637
6600
9092
7950
8123
1435
7032
6274
9384
26
1725
9757
3725
7057
5918
3980
4387
5622
9853
5334
7903
3035
7118
6047
7435
8796
799
9671
6102
2598
4644
969
2312
8378
7112
8664
1624
1082
3794
4958
7109
2984
7373
5843
2887
7878
737
5923
1878
427
4784
5199
6126
3753
9296
7842
1540
48
9606
4111
1050
1778
7002
1767
3731
6769
3523
6536
9484
7930
6283
6257
3096
6405
6492
5871
4908
7516
2045
7135
9785
359
2521
9858
825
8178
5810
696
6297
77
8494
3024
9240
8977
1366
4030
1525
7579
954
738
1162
8588
2471
3231
4462
5519
4132
9472
3407
4760
8622
2436
1740
8363
3160
8920
8222
3730
3329
1014
8735
4426
3422
1766
2260
8739
1307
5546
6248
5204
5024
3975
1917
8211
8969
5640
2517
9123
2018
1710
6259
8315
5723
1097
9790
1562
3437
9883
7922
7558
758
8518
4001
108
7892
9303
476
4542
9015
3325
3030
7790
4413
9981
8560
8586
7070
1949
6871
5786
4828
5665
3053
1979
9122
3669
1059
9765
5108
6759
3392
1490
3325
8335
2739
9123
3045
8970
1790
4437
1289
1486
5226
3651
5376
2165
3105
3219
8984
809
4163
8545
5722
2558
9973
1084
1370
170
4392
8588
2824
2856
7982
776
174
6635
882
5274
1448
6018
8514
4531
2734
6234
7002
570
2399
3767
5059
2737
6583
2555
9048
3518
2216
785
1266
2156
8827
4166
4431
9598
9667
7658
2402
3274
5052
2582
3471
2126
2412
7495
6034
4456
4717
6135
6847
229
8434
4627
3420
9586
7567
3505
246
4373
4398
3749
978
5768
2548
7619
5286
2928
8261
4477
844
2799
527
4297
9088
9404
6521
1544
2397
2033
3728
6382
223
4895
4257
6613
8265
3969
6028
2720
4544
6351
523
5140
5023
1836
2488
8242
3494
1925
2847
5212
3988
3511
3226
2166
5046
6000
891
5906
3077
9786
9381
1313
6963
3453
1113
8757
9084
7868
6367
9781
5557
6760
6528
8593
8561
3043
2079
5459
5898
3532
8607
8488
6869
5354
6954
1952
8077
1273
9035
6256
2773
1905
5998
4639
6967
979
8753
4290
4399
7386
6064
4450
2928
4659
313
2560
8258
1202
860
8482
3738
5299
5875
7179
3187
7701
6
8475
3099
6254
3037
7494
3763
6024
3208
8325
7770
2012
7564
9425
2372
1905
9311
9630
1298
7756
9301
2635
7807
2974
7873
5085
4725
1248
6525
7005
2907
450
906
2595
9967
7439
8960
7498
1337
3860
9500
8516
9915
8199
7110
7633
9150
4293
334
3125
133
2727
5900
2753
2481
948
3583
5161
5910
9430
705
2552
769
9302
6320
6566
8137
25
9034
3324
6287
4040
7457
3020
2777
2498
7248
4560
1554
3554
5680
3725
5925
8430
6402
8014
3034
8696
9408
5298
231
860
7574
8675
7244
5079
5403
1157
5985
10000
2056
6105
8507
6501
3507
2378
7327
9276
8778
4008
7448
8114
3754
7556
3860
2005
5
7246
7526
428
621
3188
2084
7318
1900
5850
5509
3489
8548
4374
5120
6662
4045
1860
9529
7518
5455
4961
6173
2951
728
5451
9000
989
9811
3737
9984
7695
2722
2129
8883
9796
8051
5844
5434
7823
8227
8344
2885
8272
9536
5745
94
1885
6511
4251
9178
6417
6995
1515
5248
7104
9167
9018
2640
5018
9789
901
708
1817
7315
3251
7077
8273
8084
399
6885
7983
7028
8641
8177
6138
8660
5446
1082
2851
9326
3364
4715
8731
6854
7908
4703
5079
771
1996
1584
5373
5263
723
6349
1016
3858
265
4751
1449
9405
3620
8292
4423
3272
8400
2748
5151
6394
9941
7038
514
4560
9522
8547
3690
1285
2693
7571
1805
8919
2657
6895
6938
2423
5188
6284
2692
5321
6276
9575
2841
1739
5071
5968
4872
9129
2018
5084
4715
1982
4548
4526
3754
7733
9864
9692
2182
3720
9495
831
896
649
9600
5055
4332
984
8842
9930
6879
9123
5680
3111
1794
3038
1500
3685
474
408
8974
8482
8148
3519
4506
5430
7874
3036
5124
5493
8411
3494
33
4040
8839
1749
6264
1325
2711
6248
1027
4542
5868
3882
7561
8464
2792
7608
7557
5960
5913
5678
7398
6908
2711
6501
7110
4624
8961
3145
5515
5686
6034
1841
6683
1162
5334
4511
6954
8578
9845
2297
9101
4722
5044
409
8595
2285
2775
3052
2341
2890
2882
5329
3599
7565
9328
9319
3753
6828
7326
7248
3993
1925
7579
6563
3514
6666
672
7837
8985
9704
1142
6913
7818
1413
6101
1895
2183
281
2811
8495
5866
7971
9705
1515
8473
8960
6492
3338
1756
4392
3725
2605
6744
6352
2584
1727
4991
7110
6655
6410
8970
7578
4422
7458
6648
3412
1673
3775
7181
7508
3041
5416
749
5981
4490
7679
8610
526
9652
1717
9639
9854
2220
2917
1453
9104
7567
9663
8069
3598
7741
3563
3296
4260
7002
3164
5602
5676
7945
4702
4205
5555
4609
7316
1074
1778
385
4131
8487
5998
6363
9356
8215
2931
2222
5376
2293
5963
793
3909
7220
2550
1493
7486
1936
9014
6131
8889
5324
4890
2579
581
9535
2190
811
9326
5370
5812
9190
7321
2592
2832
6564
6805
2253
2498
5091
595
8047
6577
1510
5797
5922
890
4299
7920
4550
7271
2336
9983
6684
5584
111
3559
21
4391
1771
2445
3058
1446
2835
5038
1344
5605
9492
7213
9542
1088
6609
2410
9349
4959
7221
7762
1326
1006
8107
8191
4341
247
243
8011
6952
3737
6777
8080
72
7456
9781
8692
8841
4400
6066
1141
7926
6600
4052
496
1792
4018
9209
4716
8658
1873
2533
2365
2875
7952
3687
3201
6813
4467
8788
6958
8322
4274
3948
4523
9877
9441
5673
4935
723
8580
6100
4121
1676
4708
7087
2688
2654
5114
4960
70
629
3742
7093
3818
159
2435
1952
7643
2279
9810
2886
1802
190
4915
5158
7811
6688
5430
531
9272
2479
2346
1736
5879
6550
3159
2571
110
5939
7118
1198
2410
7517
7101
1368
9880
7167
7156
3210
9666
4418
6369
9826
8348
1759
1301
2094
1196
8853
5429
4764
3689
4967
4371
7254
4157
8670
8460
8682
7499
1724
4216
8406
3564
5724
2114
8247
3336
3617
8174
891
68
4248
4449
1128
3924
7693
8834
9222
7949
741
3656
4482
282
7807
2784
7800
6757
2669
3422
4500
1950
116
4217
2280
2546
7870
7425
4109
248
7636
2632
1005
7526
9055
2560
5451
8877
5198
3489
1561
277
8918
8118
1817
6455
1923
7472
3765
6962
5345
824
5693
6542
464
367
2699
7219
9771
4469
8590
7105
2730
4460
8452
4826
5062
7219
1482
4600
5202
5676
6926
2711
4739
4607
1034
7869
9593
5598
4108
3694
4533
3703
2716
9485
3664
2131
6590
54
3534
5608
8193
3030
522
9677
116
4184
5115
9874
3563
2419
2851
3753
1454
8996
5134
7343
2766
6665
9125
2306
9559
2849
7178
9419
4638
9314
3955
4371
9245
6023
532
1498
5350
3398
577
8145
3262
9040
3663
1836
4234
8265
9046
5627
2518
5278
2624
3613
74
184
9326
7673
2438
6156
409
8285
6129
7203
4298
4347
8159
3182
775
1153
9173
2778
638
5656
1296
4266
7736
2336
4219
9321
8692
8686
367
9728
5604
1501
9858
1230
9849
309
782
4729
6087
5854
8173
1083
7256
3209
9546
6259
6901
1324
9141
2896
2086
4206
7820
3228
4710
6044
2471
1186
4065
7128
6783
2122
6576
8363
7035
1831
424
9857
7096
2734
7415
5803
6301
3590
6683
3824
3843
3244
7366
8603
2916
748
2523
7560
3561
106
8436
4344
675
7473
5078
8477
8349
8237
8822
3841
8090
4951
6519
2172
6253
738
8606
1784
5694
8422
8273
8555
4255
703
9853
3053
8646
4099
4411
5419
5455
7799
5874
1675
5322
943
8539
1760
3644
5904
3419
8946
7927
3328
4290
7381
5109
6363
3366
5693
5923
8997
3515
8005
2141
2905
2322
9289
954
2877
4685
7103
6615
1216
3905
7201
1431
1220
8239
4
796
1877
8352
3485
4295
5409
8912
406
1934
4020
6421
1331
4351
5689
650
3318
609
9108
112
1594
6134
2301
5747
3413
9905
5685
3531
1805
4810
7734
7160
7054
5163
9347
3997
5470
9554
7900
4738
7954
7711
2937
4000
7573
3740
3507
5370
762
2615
9868
2488
8068
59
3075
5156
3130
9435
9580
2977
1373
9204
7948
5190
587
98
6887
6852
4661
3333
2759
3712
4183
6123
4143
3381
2250
6607
9368
1842
7721
6463
2318
1356
8363
1485
1188
904
8144
3787
12
2808
5190
4749
1474
8486
6962
2736
3187
2549
215
6099
2741
6609
8380
3205
2859
3655
4758
470
3897
3128
1111
8339
6962
4882
734
7275
3796
8817
6470
2398
7521
5917
3544
7954
3298
1437
435
6133
2736
1579
478
7735
2792
8590
8933
8182
2243
9432
6230
8466
9080
3182
3752
8969
2903
993
381
5562
3071
9465
105
3978
7120
6074
8333
6500
8725
9680
8622
6027
3987
5305
2202
2547
5195
4383
3881
852
9811
3322
4800
3487
5556
7803
9382
6033
9377
3667
4731
3380
9656
1287
2250
7679
2384
655
3686
4643
4548
2330
3478
2874
1754
5070
2280
1920
9293
8866
3799
5296
973
192
5132
9451
786
4549
7934
106
5866
2620
7542
8230
8829
7808
873
6573
5596
3012
2010
4724
4224
4070
9532
2306
8559
1452
6900
4432
3941
4775
1332
2202
4119
1922
8453
6909
6293
6951
1626
105
796
8838
4876
9736
3241
3852
6489
8470
4276
4833
3557
2382
9062
9049
4365
1391
8706
4643
7472
4169
805
7460
1059
9374
1694
3422
36
2197
6500
919
1138
606
136
5150
2256
7528
6786
5050
9282
9700
3076
7748
6939
1871
7845
354
6732
9056
6512
6974
6590
4108
1107
3779
3114
8124
8796
9694
3329
8939
9032
205
5472
955
798
4430
7055
1792
3215
4838
5446
1235
1734
136
3216
9879
1862
7551
6484
8601
8037
619
3298
8336
6460
8551
322
8389
3960
7878
5831
3558
5257
256
9356
8740
6488
6470
7362
4395
2430
6490
9839
8682
7981
1647
3115
2806
5644
9008
6208
5842
4272
1759
2651
9823
9080
6521
6867
2258
231
246
179
2032
9812
5773
2203
915
173
133
1355
3363
1559
2287
6252
1284
1359
7722
2806
6291
2850
6969
100
2704
8643
2927
6366
2111
1069
4245
4578
351
5282
4233
3592
7585
8883
4076
3047
7707
7586
5122
6139
3416
7248
5783
8590
3002
667
8657
5859
8017
7465
7715
3607
8648
6171
4073
1679
955
2304
3202
3308
6206
9600
5636
6645
104
6961
5344
7777
3496
6440
5116
7814
4342
8250
8690
5293
5017
7059
5192
9702
9342
4977
6877
1058
9044
6189
260
103
8455
7817
6173
4047
2433
4837
9073
6303
442
2067
849
8653
8469
9259
4305
3161
612
2550
3441
3891
3393
7282
8585
3792
8174
2922
2662
7968
893
754
9926
4712
4095
7720
8906
3708
8060
1291
8886
4139
3856
152
686
3909
1150
6607
9967
2891
7534
5846
6187
7772
4846
8288
1591
6820
5290
1979
2289
9479
6366
4970
5010
8489
6332
2219
9384
8493
7810
7096
6729
3236
9774
7125
1639
8099
4272
609
8825
2256
4211
946
5222
5383
8219
9536
8856
6692
4012
9387
2285
3161
5648
3679
5677
1169
2451
207
4300
2401
8155
2557
1917
7170
1941
8389
5300
1437
7011
9973
3077
5552
5463
9504
9876
615
3819
8075
4187
5096
5663
122
381
8971
3960
4441
5587
7515
8921
836
6318
37
5455
8160
4783
3688
8558
6929
9149
5415
3089
6930
4878
12
1295
9590
6455
329
7523
7569
473
9894
1739
5071
7118
4884
3482
4777
6309
9525
8808
9893
8050
4773
3549
9101
9217
3014
7858
3485
553
4725
8989
5340
8146
8416
7974
2983
9108
850
5051
835
3831
8862
8130
9927
5607
5203
1651
4851
9069
3401
8543
3039
8017
1910
9636
1174
806
5732
7773
7109
4056
7142
2040
3278
2888
2263
427
2136
5418
6076
3348
6110
3309
8090
135
7722
8997
5795
6373
9821
1447
950
5074
7234
5359
4850
4324
4603
8767
691
6560
924
8432
2622
7990
3196
6339
5091
9560
4725
5121
5018
2503
9411
3424
1510
2082
7191
9030
5925
9563
2242
8859
7682
2139
924
4231
4186
4898
7213
2287
2548
3324
1613
4411
5993
2724
1364
7300
869
8583
6147
2269
92
8446
222
7541
5339
6904
2009
7308
2555
5902
9649
5962
1600
2424
4080
8299
7978
3916
5870
3543
4906
3166
9453
3728
3170
6225
2199
1122
4450
8268
3671
2828
2902
6033
2694
5333
5113
394
3221
8210
2108
7501
757
4886
4226
6504
46
1223
4038
9182
5020
8612
5317
9865
778
8690
2561
2191
5265
4182
9952
9357
7240
2463
2333
4408
3211
2193
2057
2639
2985
1103
3093
9518
8372
6174
9570
9388
926
472
3334
5324
9976
270
6999
7926
2625
7671
8677
932
6580
4729
7712
1494
6628
117
331
4319
3468
4322
2101
9952
4146
4977
3581
8809
1656
9313
1916
8756
4273
5994
2358
8180
2212
7861
6588
8983
9889
8017
1729
8160
1020
8107
9223
1375
402
8105
3503
6790
8190
9417
5186
8424
9112
7712
3699
9164
4209
9013
3834
4855
355
1057
9283
4559
7300
4741
7258
5235
1436
3155
6349
1568
9425
607
5641
8710
7315
1455
1058
7068
4093
979
1256
6655
253
2890
9412
2520
8510
260
2005
497
7309
5673
7678
8146
7224
1078
4581
334
7973
3759
4634
8920
9911
6045
3870
8729
8444
2147
4541
9481
9843
9142
4868
1634
8912
2053
6025
3889
8473
3669
3774
8483
7262
9984
1195
1314
6768
4971
8936
4640
475
4760
2486
7999
8086
8639
1090
5634
1985
9781
1495
6508
7175
2010
5832
1215
532
2836
781
4399
6788
9251
2613
4761
6895
3154
3097
3702
8342
3618
7685
1468
3085
2909
2284
1577
3956
8141
6599
9926
3159
3044
2419
4930
1238
8038
4234
418
5058
4294
1936
3030
6699
9985
6040
2572
325
3249
2402
4231
4497
2801
1641
9301
9483
7245
9284
5680
7412
4412
6627
8476
7067
7969
6125
3448
8026
8967
2344
1659
75
2446
1807
2016
1661
3169
1690
9608
703
130
9216
3824
7483
3192
137
380
9227
497
4447
2626
6443
3768
8082
2142
5387
9799
5318
9534
491
8804
3907
9970
7006
2559
7691
1675
5278
7405
1671
579
8407
1887
7603
4712
1943
8601
3722
2626
8983
9889
3312
9747
1089
7929
5850
2441
3974
3194
6741
4223
4283
6669
3479
828
4934
8659
2392
2698
9136
1626
9596
3033
2089
7232
8905
4668
2705
1287
74
7045
7406
3149
4736
7649
6971
6809
9180
2432
9731
6266
3191
6814
3051
4112
8230
8067
5977
8068
8658
3893
756
9405
599
4449
1019
5380
7802
351
4965
4032
6695
8987
6730
602
3530
4646
1623
8591
3599
3595
2134
5371
8071
1113
4993
2970
625
3978
6369
6142
9955
7028
9299
7272
6848
8989
8650
7549
3270
2823
8654
254
3898
8378
2933
4979
3476
6399
8292
597
4097
8560
4129
9769
2713
5045
1732
8682
4799
8248
6883
2631
8532
677
9256
7844
2453
5753
3490
4684
9481
4535
5812
450
570
4765
4213
9340
5705
8887
5743
9315
3198
261
7519
6552
1961
2162
4717
8993
6694
4320
5724
3480
3942
1831
6956
241
5245
884
1424
7595
8631
5097
9626
7090
5391
6066
86
969
7490
3745
9657
2574
2829
2118
9309
5462
2565
648
5828
155
8622
1585
7623
8627
2893
5850
6874
4563
4122
8839
2564
5660
72
5692
9705
3957
7353
3267
3773
3934
8803
3261
451
5466
5829
6059
4687
2968
7160
2491
2613
1783
585
2068
6752
3967
4574
2310
2579
6865
9387
1403
6900
9604
5451
8944
1810
7846
1098
2162
965
34
7584
3496
3631
7328
2524
8585
1851
9758
8721
5001
9360
8451
9516
2956
4144
3024
4448
5553
8588
3284
5558
2764
4452
513
5418
6161
5917
8686
5203
2760
9500
4026
1945
5087
7015
2669
2331
844
5566
3754
7960
1599
6114
1501
1981
1134
6453
7314
4351
8254
8018
8657
6441
4483
4160
7962
2948
2437
9980
9352
6542
8324
538
7732
5930
2954
2783
6774
9135
7459
437
5847
3362
2268
556
5790
2688
3358
5004
8971
2759
5756
6466
7534
8481
2271
8639
752
4590
7355
8994
3474
6786
6991
474
7504
8369
1398
3202
4333
9377
9573
1833
3954
1228
532
2141
9357
9053
1998
6233
6373
4476
8467
901
2726
1152
9102
7983
4508
887
8530
7803
8691
9423
6644
4910
8017
1380
8384
3071
4393
8730
66
3376
8139
4020
9034
7167
2281
4928
3548
6618
7126
5021
755
8611
1790
6331
8241
4582
502
5493
988
1719
2077
1717
5774
7501
4415
9527
727
3297
3227
5378
6694
2762
4257
3817
3404
565
7478
280
4222
2258
4186
7042
7979
8690
6252
2839
99
1490
8848
3808
3790
3531
3360
1929
2808
4707
4562
602
1118
260
4685
6466
8809
3997
6058
7857
5355
5397
1488
6818
7272
3029
6614
2089
1085
3308
5470
3881
2510
9642
6999
2808
710
7153
9223
7196
6855
9676
6951
1232
4715
3954
5781
1576
6274
7052
2724
6242
3443
6736
4680
9602
4655
426
685
6900
936
7642
4950
3455
4086
8437
5396
4171
4711
5790
4551
7099
4085
2843
1201
4545
1819
1956
1736
3567
9100
5116
2769
4740
4585
521
8085
5075
9909
6333
2440
9826
1113
1660
1445
1556
1338
9008
1435
4876
1440
3117
909
3687
2821
7262
9904
1907
4658
6174
9868
653
6556
4037
5021
7009
6947
3863
8142
5806
2313
1943
1990
8120
8628
1621
5911
748
625
6808
5564
4296
4352
4541
3771
2847
9348
700
5902
1770
3643
428
1436
6109
319
4158
6119
5711
1025
4217
3265
8034
8654
5925
7845
4140
9781
7168
8907
1642
6947
6693
6951
8939
2280
1194
5610
2218
9687
9122
4809
8074
6142
9135
5511
2044
9920
2661
1134
7792
6523
8648
2211
9233
8298
6425
158
7649
3726
1367
3274
9475
3154
4638
9017
7116
3719
3335
5481
5375
7250
6447
1825
8739
8011
5009
1453
4529
8627
2712
3202
6919
7408
8317
3954
7328
2298
497
6897
2365
8774
3252
3404
8458
278
9701
3288
402
3358
1245
2520
5017
5610
1894
9980
1450
1066
2681
1
8777
1556
161
6204
3399
1194
4690
1837
781
5076
2389
3456
4938
9931
6078
5685
3022
4610
2657
8468
9300
8364
4112
7190
2955
7922
9509
1729
849
9935
5721
7853
8474
8040
1033
2506
3698
8722
7314
2178
1393
7968
8752
226
3296
1117
4302
169
3872
1698
560
9700
1515
9273
7259
3469
3768
3729
2752
5744
1337
5900
4923
1882
9568
2880
6279
7199
7380
5795
4595
4250
7385
626
5635
8390
4529
4830
6906
7836
3258
6017
8151
6161
2098
9960
3432
6494
533
6810
5546
9072
2309
216
3300
4294
6844
3094
7708
8519
325
9860
651
2600
823
8004
9526
2682
5683
9648
7701
2590
4615
9168
8723
4837
5806
710
3958
8063
395
1978
5651
186
1796
7533
1862
4962
9369
5263
6883
657
5274
5309
4828
4796
665
6155
3490
7034
2552
9118
4627
8327
5218
2825
4355
2806
5303
3628
2673
9983
9689
5107
5651
8211
6323
4150
5033
8011
649
4111
831
5638
266
4395
1324
3404
9748
2339
3728
8034
2068
2266
4198
6137
2061
2561
623
2686
3904
5939
2953
5264
7849
2804
7181
7586
9250
7401
6376
6376
3812
8942
1896
3615
1259
5098
9027
6430
162
8815
557
1946
4792
222
7927
6863
9643
6466
4293
2306
3177
6283
8328
1870
5262
6498
2312
7090
2805
3469
2056
9507
402
3076
6126
5066
2232
5059
4719
5463
4443
1660
6980
3292
8061
3351
8670
2475
6471
9716
2999
8051
5512
36
5905
3759
696
8037
6970
9372
1319
3626
5749
3452
1255
3698
4324
4930
4415
4203
5004
6845
2486
4808
8435
7791
7850
9271
4874
8376
7906
3559
7653
4850
5655
1600
7366
3323
4300
5256
7609
9768
8681
6665
2920
5426
6247
3526
9081
3112
5259
9735
2124
4228
9199
9348
4444
6992
5707
869
9148
8755
9158
2142
5460
8199
8587
8567
528
6824
3445
1405
5056
797
3035
4326
4001
3230
4851
5078
1510
2320
3329
205
5231
9026
2464
8832
3690
4502
7811
4413
4977
9192
698
4406
3016
4963
5504
6897
2945
9278
9522
7777
6067
7959
544
6205
4487
3256
6823
3740
8950
1058
2636
4730
1386
1170
6767
2625
1331
7025
8580
6123
6236
2825
9106
7846
8064
5390
2298
4722
3849
6233
1411
2012
5522
1384
1617
5425
4459
8223
9823
5561
6439
4243
6061
3756
8709
5098
2430
4185
8449
314
9932
7497
5035
2803
2507
3454
7261
6306
4991
3805
4204
1431
3766
6900
176
9444
178
4470
2932
5361
2619
6034
424
8980
9209
8712
6974
1370
6250
5772
7979
4615
7862
3085
310
1555
9928
3267
1356
1653
9534
8086
4363
525
8012
32
7499
4243
3591
160
6611
8746
4500
8763
1852
3253
4289
1859
9895
5154
7
6366
1486
3531
8168
3394
2669
8612
2631
9493
335
678
9939
6164
5546
7934
2965
8693
2803
8632
4971
8988
9621
7998
1440
4599
9122
4431
2092
4667
1328
767
5890
98
4053
3165
7974
3613
4404
6370
1681
4781
1946
4006
8078
9433
9521
7991
416
4263
3660
3767
4635
6784
54
5915
560
7488
9338
6675
7746
9806
9149
2887
6115
4812
5193
4245
170
3315
286
8861
7887
570
6410
8801
6302
6581
4834
3885
3344
878
3060
2102
4282
3733
3078
9923
2291
3891
8222
3648
492
5626
3428
7963
3316
3320
5116
6271
1280
639
7640
2502
9356
8107
5325
790
2586
188
5836
5609
7260
3596
9051
8750
6885
5042
9275
5051
31
8904
890
3656
3676
8567
6010
5475
9890
8875
6441
4321
2290
8816
7046
9096
4086
9553
755
2887
9443
7729
1778
3526
2209
6316
6915
6034
3990
636
3318
9269
7362
5958
5868
3953
197
2051
3114
141
3535
3180
4097
4143
7796
5238
8973
5648
3233
4489
6827
1505
7084
9642
7288
6881
8336
122
5589
3851
1817
3905
445
6939
984
3759
942
9944
2344
5465
201
2910
4113
194
8817
6458
349
4480
1224
4230
7721
2058
8308
4866
6244
9775
1733
7287
9164
4986
2304
7760
4572
349
9040
1424
7440
1743
4539
5209
2720
5690
9893
3181
6119
9402
1471
8819
9210
6285
450
2677
2277
5132
2041
9349
9695
795
8194
4247
5185
4504
3592
5055
5860
3148
2289
3705
1868
6300
5507
7362
6402
6232
2291
4175
1038
7971
9172
6632
5056
3160
5426
7711
4981
5872
787
2188
5520
8756
2816
5063
3272
1137
2913
6827
3712
4500
5251
6003
6172
6898
8897
6441
5654
9066
4440
5317
816
6334
5848
9292
703
2410
7590
7856
6721
2355
9231
5557
8429
8264
6638
5082
6596
1236
7502
9309
6112
6460
7435
6654
1395
8371
7911
2380
5544
1057
2467
3713
4930
7820
9429
7568
3175
3236
946
5480
3811
5635
4192
6609
7589
4188
4944
6757
1972
6301
1084
3054
4426
4948
3883
8710
2723
8067
7265
2078
2821
7166
5694
6058
8610
1557
1809
9903
3093
6132
2823
1259
8145
7547
2919
940
7687
2760
7628
2467
9897
1376
3342
2230
6239
7837
1255
5436
9313
3950
7222
7140
2954
8900
8013
4651
2081
1163
8602
5699
5197
4161
95
1809
644
8915
9368
4158
6234
5930
9736
9788
1330
9360
6156
3589
7888
383
8119
8756
856
2672
9833
9433
6179
9578
831
4121
8512
495
3301
1466
5899
9875
4925
8282
656
4211
9661
9637
2477
1614
2683
9343
1199
2610
3143
4484
7832
5161
7943
4774
8252
3531
6032
3739
4128
1796
8587
3490
9406
6540
1062
8933
8465
5962
2674
8492
2873
9081
8761
750
3418
9824
8015
2337
4203
8990
146
1498
7091
3877
6468
4153
5000
6625
7349
1140
5851
9765
9584
862
5246
2015
9906
2652
9050
4025
9205
839
5272
5975
4133
2923
8241
934
8362
8855
8237
6412
4100
4710
2449
2643
5237
533
6
6688
9636
7076
832
1125
618
5929
7513
4581
503
9410
7804
1751
8616
9237
2989
5593
60
3498
2014
9378
7312
2503
7415
1236
641
4131
8253
9256
3005
2840
4412
3909
6934
4731
2439
2775
5573
754
1748
1898
1970
416
5268
6283
2936
9388
3028
4971
6438
6379
9339
464
826
684
1036
3717
5458
7686
8585
5931
5333
4479
2143
2158
3562
1187
6253
2468
9655
3314
7582
2629
2277
4379
5360
9686
1703
267
838
8567
689
9387
1823
9118
3467
9081
4557
3686
104
3991
4541
9320
5174
8463
4489
6265
6068
1229
5887
7123
4165
1830
1646
4198
9550
4630
2395
4845
7436
8508
1235
4648
520
3100
4592
1846
1298
7949
2143
7577
1394
1651
1931
8110
891
2143
6112
4431
8821
2912
468
7068
4064
5262
1902
9350
7799
2474
3631
1239
9741
1338
4049
2090
4821
6066
2559
5825
6690
2326
9804
3841
5663
9564
3080
20
2457
987
871
9078
6429
1715
3857
3725
1157
2636
186
9263
4530
5264
8321
5634
4717
7217
5284
3293
7619
913
5801
1617
5102
1799
5243
3488
6863
3196
1046
6033
4090
7285
6371
159
5891
191
9084
5726
5788
3617
503
3058
2960
1741
9759
2579
5088
2371
8439
1038
9733
1656
2580
4424
3125
864
7919
532
2869
132
506
3757
5616
25
4465
3485
9762
9740
5942
7110
405
5412
8984
8690
7125
7650
9417
5928
1743
6816
2418
8897
2082
8619
6533
6524
2139
4681
5223
9891
6985
7462
9909
4324
6284
5538
4317
3184
3523
860
9426
2509
8451
3494
3270
406
4950
2099
3704
7691
9381
606
7148
8924
8519
8158
7764
4964
487
1994
7984
3911
4749
6952
4048
2640
2870
9235
4565
7461
6833
3472
4030
5021
5184
5943
2108
4416
7450
2761
4328
7695
6535
5803
967
6757
7456
1169
1788
8948
4597
7988
640
8954
5926
2259
6919
5226
2321
9918
313
3265
8447
8826
1799
9564
973
3540
7943
1440
3472
4040
5066
3767
2535
4563
4503
6473
1141
374
7719
6309
7082
6432
602
1394
9186
5178
3534
7521
2231
9678
6973
2346
7547
5102
2775
1389
1630
5196
4300
9162
3384
5778
8540
7690
6550
8818
6513
8303
6741
2085
6081
7436
6901
4277
258
5831
8136
8851
6023
4890
2200
1939
8142
273
4374
2880
4020
9954
668
7350
7266
565
1998
2838
1733
3867
8063
9821
5647
4497
5936
3092
5549
3043
4968
4362
5552
5682
6073
4104
3544
3946
5251
498
6407
6484
2140
9019
6685
8427
4283
9553
2543
5332
5344
3031
4769
9503
192
7402
1558
5387
7004
5165
8294
7982
247
2384
7335
7054
5113
479
1807
3188
5167
7272
2507
6456
6429
3719
8546
2280
7735
2355
7626
4500
3271
8336
3758
7835
4959
646
3024
2215
1333
165
5838
4995
6889
3629
296
8584
7481
8388
4306
2575
9326
804
5481
1177
3019
9348
8821
5062
804
5132
9054
8573
622
2598
4882
548
3773
5662
2636
7611
9506
2660
5147
7161
1644
5215
5710
8356
5812
8834
7169
1370
7584
4938
5576
4849
5803
4152
4243
8631
2031
3670
3688
33
918
4657
9898
5631
2469
402
2828
9491
3034
8446
6061
957
9100
4447
355
8874
6179
912
4040
4266
2175
6217
8543
6606
1946
9774
6180
1568
8483
9388
8299
9835
5329
577
9099
6761
9944
9912
6664
1041
8927
849
4144
4244
1644
3224
7224
1502
6765
1992
1426
9278
2466
55
6184
5176
5633
9630
2904
5609
8127
2075
6140
3055
9477
443
1935
7357
892
6573
3434
6494
6416
7020
9329
1694
573
3083
476
3737
9784
2191
3760
368
7164
4180
5278
9344
2747
6265
2447
9325
9875
3670
9354
1743
413
3958
3127
2004
3138
2206
3419
7082
2284
5773
8467
5082
979
2472
1250
2853
7221
6955
4532
468
5734
9483
4485
5493
5507
4615
9470
697
4239
9362
1007
9260
5577
4482
9171
9682
1428
2300
611
3413
5430
3479
6502
265
320
4451
3116
4154
6377
5674
463
771
223
7516
9410
8372
4495
7698
5782
755
784
7587
5177
6459
3838
2758
2184
5028
4662
5453
4735
7398
850
8956
1956
4115
2671
103
647
11
5003
1348
6421
5698
8787
2398
2865
7038
7905
8317
9169
8502
104
5026
6682
9142
4661
2921
762
2001
1051
4549
1398
8378
1462
6106
3017
2943
1897
4240
7850
5348
4873
2186
3168
8417
758
6486
7950
5385
3363
2306
6886
6498
1647
3296
8137
513
8903
6131
2039
9304
3390
6398
4695
1364
3458
1489
7145
9416
589
2008
4403
5714
4198
6724
9907
1261
1625
4822
6446
7564
4997
8831
9886
8939
3748
9859
5755
7931
8165
185
9983
8023
6571
6977
3655
5551
3675
2951
4142
4005
8116
4375
1423
7621
7083
9142
6635
20
1225
9431
6652
4272
8855
838
8245
2133
262
8382
8515
79
6807
9520
8757
5651
8393
8068
5223
9063
1779
1982
3838
8684
1041
3088
4937
9786
5154
9803
964
3690
1347
1726
8747
3403
4498
4869
263
9796
6153
9337
1329
6168
7837
7367
4079
8110
9063
6863
7517
1886
5982
6704
2030
7101
1200
7540
3896
144
3207
7709
3867
5127
4581
622
4744
4468
7393
2413
248
8236
7185
206
1902
8056
3234
3070
5976
8889
6672
284
4037
9823
6396
5956
6764
7317
369
8590
1856
4586
2364
234
1597
4790
7214
3965
4219
8445
6131
6641
6005
2683
9470
3013
2097
9064
4495
7483
4988
2234
3834
3518
4345
4054
93
1980
6957
4940
2452
7690
2322
8880
9832
5607
4217
8919
6406
617
5469
8481
7532
7886
2714
8955
7585
3633
7957
4199
2177
6097
8079
7671
8002
9688
7759
9483
4296
3025
3375
3583
3799
4754
829
5586
5901
3455
2584
9852
7924
8046
7052
749
2954
7233
7838
1714
5980
7470
8328
1122
7719
5733
9576
475
7301
9470
8204
2362
4301
9627
5732
4572
3929
4884
805
3700
8917
8625
1816
6803
9026
1972
3298
5583
2775
6726
7735
3780
8501
9936
2041
6783
1137
7050
513
3704
7499
6534
4000
1608
8077
5694
2132
8538
7308
6747
4280
7396
1276
2281
6704
4355
2948
95
2010
7647
483
6188
3922
3979
3577
9415
9656
4826
8077
5148
8250
9634
3236
5878
2901
7220
2480
8445
9379
1580
6684
455
238
865
4832
8484
842
9010
4378
2047
6586
8008
4642
4589
8542
9025
1349
6192
9557
8918
1322
9648
6618
9115
3827
9957
7597
2254
5333
391
7183
5819
2850
5649
8998
2334
4455
3065
8269
1912
9757
6543
9970
2647
3586
2452
7470
835
918
8433
8069
8722
6305
2483
2571
8122
1859
2173
8095
8542
2415
2116
9707
2322
6664
9369
819
1653
5543
2025
9911
4974
9245
6978
2697
2362
5263
4548
9374
2635
3096
3258
7561
6968
5913
1824
6250
5577
8050
3492
3124
8350
89
9214
7712
7792
4456
2798
3108
6024
1481
9320
8767
3711
8108
8579
8791
9550
34
8327
8461
9419
6920
1856
6276
5892
2368
1696
8111
6689
1581
4129
3361
9895
6560
2694
2757
8982
5657
5620
5383
1948
242
5208
2193
8892
4798
3591
9242
6569
8031
7626
6962
8054
3640
5325
2848
8428
4098
3911
6763
492
227
8766
1677
5989
3983
4621
2391
6379
400
2385
8075
7179
5608
2594
73
1281
9473
9695
3617
6684
4345
8295
4251
8657
315
7842
3844
9773
2079
1300
5999
4786
1806
1516
3972
7796
5655
6788
1886
6026
130
35
479
1126
8742
9329
5418
3110
3859
7732
6096
4699
6462
5262
9466
1807
7547
624
9172
8226
9256
1772
7103
3096
4512
6899
3994
9695
877
3725
1441
9191
6039
6406
4743
3214
91
4081
3700
4387
6624
2378
2052
1243
7866
9914
1801
2519
1820
3915
5392
9073
1888
2821
9021
1259
9176
9566
7948
1916
5436
7812
5037
2544
6291
7434
6659
1850
698
3099
7112
4952
9868
2718
8296
500
2222
588
7074
9497
3543
2880
1126
2214
3462
1363
5794
4114
686
7076
4281
3958
8695
3058
8083
1416
9479
973
8706
9903
3475
5708
6427
8439
2817
7006
4257
183
6801
9107
4504
4055
5451
9730
6362
8106
7724
197
6486
9807
6403
2135
5704
9749
4101
2748
9517
7292
3561
4072
601
1045
8326
7705
6823
9808
3412
9530
7137
160
4825
7543
5291
2932
9643
4524
3533
5505
3076
3428
6780
195
1422
1811
3125
4594
1058
8930
857
870
7241
3564
2512
5743
114
2323
4876
9732
4152
7369
6351
685
6037
8010
9188
5797
5281
6326
8611
8302
8837
9771
3926
9235
6331
9334
6841
6589
7450
4762
7110
9385
1761
6079
6102
6556
8026
3679
628
3069
9305
7601
9565
5854
9289
3765
5641
7525
3620
1614
1493
5467
2844
3923
8818
7979
630
5617
5074
2488
2080
1457
7729
9135
4272
8614
3258
660
8443
3926
3559
4054
9786
1692
944
5386
7881
162
5008
9568
4846
1768
3273
7840
4055
5241
2611
8975
5518
7383
2766
5729
154
5771
4881
2635
1708
6541
6867
8735
7151
9637
3798
66
5198
3344
6011
5208
9722
9952
7368
3400
3285
2330
1680
4939
6832
4576
4925
3398
3556
9196
3774
210
6061
5652
695
5173
7957
2651
3386
6499
6054
8993
2704
4267
1733
9962
3730
7988
5498
952
9020
2311
233
9387
2731
508
1285
6717
7068
4724
4646
2740
9058
872
910
8435
8724
7357
9958
9089
3400
1371
6007
541
4595
714
8012
337
8104
9226
1237
4828
763
2478
834
4267
1520
4949
7900
5544
9829
8122
9131
3102
7331
8434
9986
8801
3787
9727
5110
8527
583
5912
7033
9374
7196
3435
4625
6247
1313
3282
9980
2336
7280
556
2339
852
4109
1854
48
9415
3632
2118
1414
1474
3281
4665
889
6181
1330
6975
2264
5950
6947
1930
8778
6432
3209
3935
4358
9921
7825
425
8397
5379
8150
1516
3225
9605
8668
6121
5077
2485
3707
5074
4402
4921
6769
9183
6925
8046
1316
5415
3621
1241
2899
8696
9994
4429
891
5452
1538
4296
1082
5974
2887
2996
2146
2507
7571
8594
2175
1142
5634
3039
1268
7474
6214
3757
9159
5201
6107
5421
7890
9537
1732
5331
6932
8349
8142
500
1465
8094
3104
9061
5200
5293
3497
350
4224
6264
1820
2505
5639
5841
6175
1394
7911
4408
9820
1536
506
8269
9275
2577
4301
6290
6126
6580
9888
9889
100
909
5304
3391
1758
5292
3552
9792
9872
9164
3937
8508
4920
309
7148
7908
1906
6508
7727
2290
3601
8362
9354
1807
4966
3297
8458
8488
2712
5251
3880
3469
7842
1098
2186
7073
5053
4555
2343
3450
5055
8933
8745
7468
5429
6703
5943
9381
7892
8348
7657
5627
4334
4491
9110
8559
1680
9229
1208
4099
490
240
4507
8210
2073
1550
7934
7884
9476
8291
2675
2418
3080
7541
8956
3897
9922
8022
3258
7447
3711
8866
6549
6558
5756
3778
6221
8907
2016
7192
6885
5342
3763
3871
2905
9278
1339
1418
6838
8176
573
3079
8835
9462
6719
4775
4723
8255
9736
5340
6843
8131
8253
4495
481
9649
4302
6846
6262
1071
392
4838
9247
5694
8299
3316
5563
7985
2954
3941
9221
2323
1537
4289
3196
6919
4038
6517
2016
7602
9145
2830
5022
9445
590
1303
2962
4300
4179
110
2959
263
3853
3172
4143
5995
70
7345
6078
650
4878
9520
9508
9046
1905
8232
5431
7173
6620
7773
4642
1691
8189
668
2969
8349
3187
4670
9502
8342
6202
7293
3147
6303
8512
1589
3815
5170
1950
9287
8487
431
4490
5017
179
8192
4102
2252
3093
1511
6039
9837
4551
576
8499
8028
4445
6840
2124
8052
9895
1802
4036
3275
1237
1014
3553
92
5722
1952
5160
9302
7882
2011
627
6365
104
4656
1073
5960
4677
5133
7190
3533
3553
3379
1020
1873
2412
4213
231
8633
8077
9735
8545
199
7081
8535
8939
7777
9178
6020
3416
4150
6603
6068
7068
671
3471
7862
6648
4166
5048
1906
7001
7743
2568
3085
4123
7609
238
9386
9828
8081
6312
3941
8475
146
1109
6336
2509
2368
847
7746
8530
5548
411
7336
7290
3513
1708
3353
2725
1607
9526
7582
4906
3286
1163
5648
3500
7466
1445
4377
5301
5983
3120
3082
7983
6847
5540
5339
2487
9792
832
5008
462
350
7723
5639
3662
8163
266
3498
9694
8123
5053
7466
9316
3848
906
8281
5281
8769
6603
2565
236
5809
4542
3493
6932
3826
8132
626
205
3696
1696
9022
6391
9634
2931
8486
9785
8656
7650
1301
8989
939
3538
1801
1231
9663
6185
8912
3733
3833
8290
9691
7674
8761
8484
7631
9107
7669
61
1869
3370
2387
9631
8683
5413
2389
1048
504
1880
2584
8555
3085
4906
6005
9758
7055
2713
4684
3329
2248
7604
5672
3509
6412
1215
5945
8153
9260
5350
2444
7466
9918
3322
3238
1755
3360
7654
5617
1917
2128
1724
6350
1178
2284
3896
7930
8910
4131
8068
2006
2450
3757
6002
6884
7354
2287
1063
1869
1483
5885
9312
8423
7692
5538
2554
9243
6426
9956
5856
1785
1858
8736
1532
4484
4465
3567
9653
8998
1200
9730
5568
1420
8567
3740
4572
2490
5113
2798
9726
1144
3744
4292
8264
4983
7056
2150
7517
5637
8784
8940
3874
5844
7015
9235
1560
5186
8245
1495
9907
6018
6517
322
4507
5002
2215
9952
5638
3911
8215
9185
2802
290
3050
2498
4209
10000
776
4093
715
3512
8363
5571
8675
2873
6556
1280
5119
1008
7086
4827
5650
6418
5128
859
4340
8785
6560
5894
8941
6472
2510
6672
8284
2257
2399
2122
9615
2900
7671
627
357
7283
1956
4677
6314
2737
6125
1002
1111
543
6696
7100
4764
3784
9683
3100
8376
9671
7785
8985
4221
6432
9132
1416
5486
6972
7899
5736
9649
8186
9958
9172
5355
9841
6058
1115
6252
6092
2679
7773
6995
9396
4658
5216
5955
7609
7145
737
7723
1475
2961
1080
7487
228
9401
3270
1948
6487
9563
7181
3989
3507
6508
2569
2699
6628
1115
6266
7721
8766
3978
6416
4331
6162
3908
4131
7990
2732
9552
5082
2295
3264
1767
7302
3513
718
4021
8104
3930
53
4060
5269
7065
2262
2561
4879
6801
9910
5028
1362
4561
642
5213
6824
1829
3215
5980
878
3487
4121
7857
6526
126
4058
5619
4619
3163
4308
9727
5112
8697
3263
4465
7502
4283
9427
3715
8301
9174
769
3207
2320
5146
9589
6307
5280
2532
3418
61
8603
340
6958
959
5365
8279
5590
9151
1739
9462
9873
9800
3256
4993
9775
6457
6813
387
2556
2105
2475
6434
2164
7060
9997
4911
799
6946
9679
2938
9626
9248
5010
3184
5381
6407
2448
9344
6531
6354
9988
2335
4501
3894
7416
9984
672
985
2248
5748
8040
9528
6228
3896
6340
3941
323
1780
4514
6171
7061
7454
534
2258
1529
4558
7986
6967
5318
777
4056
6666
1639
4431
4185
2803
4229
5319
9061
8376
4999
9179
6145
6834
6110
9323
5279
3825
7779
4942
3490
8447
6757
606
5313
5833
3806
9898
559
4482
8305
4550
4424
8825
6742
6863
7776
1855
6659
344
1739
7536
8246
9293
1912
5026
1082
802
6412
139
237
7385
3137
4481
3461
2752
5080
9256
7928
702
3458
3439
6939
9269
9923
486
2289
9407
7854
8469
3041
334
6605
69
2192
2404
1846
3201
7204
3501
7996
4355
3698
4383
5852
9128
2232
2507
7527
9966
9409
1143
4974
459
3237
2175
2517
896
2240
9903
6777
6920
2503
3287
8496
9215
4815
953
4976
6722
7521
8083
9775
1179
9262
4705
5754
5556
5973
4376
8238
3569
2407
2498
3089
3397
9855
4695
3191
4287
5974
3516
3512
6744
6869
7020
7484
3929
2338
5789
1098
7020
8731
7319
1044
7109
3517
886
9525
4080
782
4314
6316
9521
898
8172
1373
1284
1096
6887
7573
7640
2048
6431
4870
3805
4669
9097
2085
2405
1302
6081
302
5402
6876
4504
525
3695
7138
6667
7456
3858
9693
15
5822
3145
1040
5156
6374
1941
8671
5863
2627
3379
6236
7790
322
2593
4357
8910
5497
4227
5466
3887
2406
1988
1253
9784
2250
5501
6056
1589
1941
874
5312
1501
7089
9336
208
8839
7330
1574
5865
3631
2875
3454
9556
3967
4483
1364
8794
3180
2684
2614
8500
1397
3834
6193
2866
6567
9491
1501
8742
5267
8864
1725
917
9062
2121
8869
1964
8659
8476
1778
8958
5467
7973
2204
5870
4784
1874
3308
9946
2624
9518
4135
3250
6606
6569
4139
3077
6706
1437
2717
9326
3170
5321
9535
2296
566
6333
6565
7700
9831
5725
6891
7276
345
9509
1357
2263
1454
8253
9437
5630
701
830
1416
2416
1964
9454
5025
1396
9939
3478
816
478
3577
6273
7760
5538
9594
6993
9074
4690
3490
1892
7504
1104
3877
4004
3239
6117
3871
1056
3558
812
5486
1009
2631
4538
640
1818
3968
3299
5552
4654
6393
1807
5638
834
9295
1735
1363
9625
4932
769
1670
1518
5602
2465
5603
9179
8312
3034
5976
6914
8996
7330
9993
9239
6603
4305
8351
8304
3767
7432
8943
5792
3614
1229
6888
2769
2161
947
8378
8141
2044
2642
3526
5635
769
1499
7270
9299
339
4877
6444
3514
8281
430
6775
2782
6690
6577
9961
7232
3197
1239
7841
8511
5322
3633
5676
3032
9035
7524
2190
392
1934
5046
6339
7687
6248
4822
3183
7719
7764
628
9659
4210
2540
2116
6869
6166
9170
1820
4644
7753
2989
6478
9844
1679
7236
9158
5629
7136
2639
8299
3044
111
9337
7312
9885
1614
5269
9449
4232
6558
7295
9121
9775
963
2737
6529
7169
6858
8897
7359
7069
3604
3554
6279
4062
6809
1394
4987
2852
7463
7360
221
6473
7953
9996
4563
6974
2666
1408
2204
9161
8000
2217
4882
2936
1975
6248
5412
8695
107
146
6054
6310
3455
7475
8664
9782
494
1009
1478
2179
5723
9799
9427
9441
686
862
5329
8850
8629
8796
7339
4949
9464
6225
6054
6006
4196
909
9744
6392
2568
4827
571
4190
9569
1372
4150
1937
7224
921
5345
6812
3189
7352
8823
1007
6600
7188
8263
8222
8779
2172
8018
4041
3201
6643
2483
7954
6189
8199
205
9515
7494
299
4473
3578
2093
1505
9791
5644
29
61
7424
8273
4598
7479
2476
2038
9949
3756
9039
7716
9008
4908
4172
513
2918
7689
4031
5147
4083
3105
9736
9412
587
9777
6307
5751
4262
4023
4240
4663
4404
7238
8088
9205
3042
1255
6988
6613
1831
5287
8483
2235
119
7368
5517
9670
5702
2059
9473
9745
9826
5809
8176
1603
2178
5206
1886
8010
4625
4697
9262
4356
4040
6483
3936
8053
1128
5626
1577
7163
99
3563
6128
5176
1810
8938
9688
300
5582
3536
9310
3625
9408
7017
1536
9609
1617
6371
8847
9930
806
3791
5327
2057
9838
9784
100
4049
5082
7280
1538
8639
4844
4492
7993
2338
5140
1435
8870
1743
1732
7378
3794
9850
1750
6663
4286
1380
4826
475
9808
5727
1513
4468
6737
7324
1359
4665
9515
8213
3579
1183
2496
7541
1003
2073
65
3857
9386
5673
2338
220
9811
4133
5280
2457
6227
9333
5368
3715
9239
662
4789
8966
4094
3372
8649
6484
7197
4417
2598
5769
9061
3847
4030
8880
2443
1665
4336
9129
5140
2950
2963
4617
9232
1671
6235
9785
8726
5424
9933
3325
743
3343
3477
9216
2209
1139
3368
4569
9194
2846
3251
2481
2030
206
6542
2905
3462
6841
1593
1502
802
9030
6305
4328
187
5592
970
8380
9779
3803
3436
1674
8969
1613
4414
1177
2669
9362
4681
1130
1773
686
5221
7012
2322
803
2247
9852
8043
5102
1063
2491
17
3359
633
6153
7176
2614
3531
2128
3045
9437
1049
1077
9316
8037
8308
605
5042
1410
5703
9527
5028
9658
4181
5791
2307
1329
2
316
2890
9341
6407
6050
1141
1840
7438
8202
276
9611
6047
2751
9827
6198
7041
6128
2954
8705
7642
1307
4355
6060
7621
8811
9300
3057
939
3468
1336
9218
2612
3899
3653
2620
4001
1198
389
9664
9518
2301
3547
5383
2716
6296
841
9335
8653
3199
2426
9367
9643
1354
1132
3770
5841
7438
6289
6698
8025
8527
511
4910
202
4402
7923
117
1049
3098
467
3826
2749
2062
190
3176
2456
4706
1391
9715
7935
3529
5916
1472
8795
8438
8545
1552
3822
2643
4989
3807
9211
4071
8054
7949
4880
651
5769
191
9781
22
368
2607
6674
8263
23
3977
5824
2983
9825
3603
3288
8720
9208
8380
2246
8719
3505
2245
3736
8119
6921
7788
5051
4645
8214
881
2805
7341
8624
6498
6046
1708
5471
9194
1827
6922
9268
5878
3147
7507
25
8851
6569
258
5121
2573
6031
840
1222
8948
1352
3646
1943
6416
4933
6175
8290
1936
5842
8282
3483
3709
2364
3364
5960
9163
9277
2226
8636
7212
3220
6196
2522
8514
9282
6951
5774
5887
2391
2088
4949
1915
7161
6199
3427
7169
2120
7821
905
1161
5160
1671
9398
3680
9943
186
6613
280
6216
6800
7219
7617
4673
5286
3789
147
2934
1448
105
3491
2726
8050
6306
5702
2692
9843
737
2496
7903
3041
9457
474
8101
7772
9811
7001
2215
5182
2857
9734
6905
4889
7942
9543
7001
7242
1428
4708
3100
3453
7461
7881
7582
7198
7299
1579
720
9842
5072
4080
9796
6393
1809
7501
580
4954
3279
7638
9718
5144
7823
5495
381
3587
7297
1773
28
5336
4100
5828
8779
7943
1032
3808
6085
4031
9675
3567
8073
5881
6392
8416
3851
9441
2359
4703
2152
9789
6956
7421
6478
6574
5193
6053
1641
5802
7165
5300
8678
8048
3675
2553
6106
9079
5556
1715
8631
6529
968
708
5916
7583
9285
9448
8544
8880
5839
8884
6943
4874
800
4559
9672
7788
5830
6698
8203
2692
6759
3146
5698
286
6494
8572
6128
6262
6899
4011
110
3227
6687
3996
3350
8109
2729
8699
9945
1180
4588
4252
2467
7463
3509
3465
3460
5527
5162
2591
4450
7744
7943
3182
4598
5761
9470
9294
6745
2768
3003
1191
15
6447
4271
2193
397
1546
5827
6408
3481
8418
5166
842
91
9758
9042
4604
440
6742
7684
2282
2426
7948
2345
7903
2850
2338
6449
403
7320
9241
1004
4101
92
8172
7436
9256
8632
122
6922
8348
5697
2130
2160
6703
1711
436
8874
4149
6497
1161
4658
3705
9215
1485
8663
1549
7816
4142
916
7731
2949
9453
8212
7169
8250
5413
307
683
646
2580
8238
7017
4454
3904
7290
3621
8679
6214
2041
8053
1084
6416
5787
1208
4938
7772
5709
1055
2745
3289
7898
2
8660
8577
7532
8691
326
5134
8760
8879
8810
5229
2082
1287
5021
3380
9487
7746
2843
6442
3987
524
1889
9145
5534
6791
2793
6328
901
3663
544
9058
9137
5011
5394
8540
6263
3154
9963
925
5903
3962
4754
6014
4472
2586
5344
9245
6831
7718
9543
7438
7941
8104
9929
6235
569
4361
1560
6198
8241
7933
929
382
8484
8820
2760
6578
9847
8245
80
4837
9879
4322
3981
7886
4272
4517
6021
7912
3842
6493
2359
2828
546
4850
2305
5430
8368
7840
1374
6359
3376
5393
4210
3815
193
6576
6434
4541
7916
7573
9337
1299
534
3718
6840
7147
7160
4337
3706
5434
8915
7613
1538
284
2132
4310
7361
4105
9045
8025
5404
3266
2879
5632
8248
3978
8214
1886
7435
5995
1687
7684
2566
65
2969
8576
2810
3309
4604
7956
3682
8653
3949
3995
4524
7595
2445
3032
6275
7523
8962
3810
5938
9379
467
7932
4582
7755
18
1071
1827
3453
6185
6471
4328
7008
6474
4745
8762
7987
4265
5981
8349
4740
3321
246
2537
2566
2613
10
1310
9632
2332
4986
38
8806
8865
4423
468
1329
7515
1830
2425
7070
9049
9968
5189
9404
5152
4969
6777
7287
3619
5322
8459
5232
2835
8172
6128
2055
5220
1330
4797
6346
579
5581
458
