3239
1509
6510
725
5359
3657
580
5075
375
4337
699
908
4246
8269
1239
2233
6275
9478
5772
3967
9763
466
8585
2897
1443
1178
3085
8162
1808
5817
6390
3724
5478
628
597
2060
6804
4276
3142
5856
4532
2998
7944
6990
2441
5745
5252
8752
7295
2880
9802
1181
4182
7572
1520
4890
393
6683
7646
5731
8755
3138
6953
5944
5799
4563
8400
9447
4741
6642
607
7015
6472
9931
8220
2846
3858
6687
226
4617
1681
1171
590
7683
1294
2477
3910
8715
806
4492
5495
8834
8193
8640
2785
4153
3588
8842
9578
1510
1763
2320
2334
4850
5892
2628
41
4190
3693
5664
9531
6905
5155
6176
6763
540
8996
7800
8746
7979
3924
3990
1036
6343
623
674
2088
1624
3401
526
3
1513
1015
3637
256
8744
6141
1486
2523
3474
3642
1229
8490
9932
4660
4839
859
1022
3427
2648
8289
1615
231
9510
5283
1467
5432
271
5282
9786
8634
6962
2612
3667
1671
7720
5326
7791
3297
2231
8116
9850
8527
8061
8184
7399
2268
5177
3556
290
280
2795
2592
6926
9566
4473
9371
9881
9551
3647
2205
2269
1968
2044
6241
9004
8405
4795
6530
7997
848
6606
9098
7824
7502
4781
1786
7892
3326
8009
9717
3959
4014
9468
7248
1701
1271
1512
9049
8066
1462
8266
9804
6573
3505
5487
1310
143
9709
6497
5266
9337
4339
8718
8262
2111
2519
2930
2406
5865
2594
4191
1311
9101
3538
4582
5834
9043
4207
9178
5017
5319
5236
188
4402
1832
40
7992
1724
4735
7252
5565
3260
5184
5555
7843
1062
5603
2485
2770
7723
5078
5618
7600
9125
4433
6126
5056
5122
6928
4524
5333
4781
9416
6993
8766
9422
2596
5596
9433
8400
1372
1217
4422
726
2407
732
6695
7840
8971
1545
7162
6603
1430
8829
9676
2196
9526
3983
4873
9899
8325
1615
4316
5157
3392
1958
3186
7222
195
5541
4405
181
3315
6240
5123
643
9851
7884
9717
1048
2656
396
7790
2705
1296
4223
9115
8190
2587
1494
9192
5706
7005
895
576
6883
4254
725
9384
6345
8017
838
8563
667
8628
4538
3392
5531
9267
2679
1293
5270
2385
1095
1615
504
2018
3120
3051
7595
2900
5001
1779
3471
182
2505
154
7331
5511
1895
4748
9347
1063
8190
4322
4951
8347
3931
5067
6878
9825
3428
8323
7068
6360
4047
3476
544
1299
708
7409
2556
1633
845
8413
8706
6706
2820
2423
2931
4595
1576
4459
2633
9618
9727
5471
2445
9657
3096
3566
11
3817
4747
5028
2010
5048
50
2642
898
3996
417
225
3043
2329
5856
5292
7506
6576
7160
8791
3896
3262
9848
1495
7242
6433
438
8353
8920
6274
7339
8123
1394
5238
5044
8350
8047
8265
5841
8929
6829
6934
2300
312
1331
3608
1050
8359
5586
6278
6263
6807
4893
34
7977
7483
5030
5352
6593
661
7368
2522
745
2656
7294
2053
7399
9758
4940
3826
4791
6837
7670
6170
6428
775
1475
2540
7433
3045
5678
125
607
2688
6721
6922
6758
2909
5166
4647
4664
1186
8937
1993
9782
9363
176
4590
8199
9682
4495
2687
2099
9456
2108
5815
1418
5241
9528
1327
8203
5088
8869
7034
2314
8978
4862
249
36
4917
4508
3020
1408
3440
3161
8403
18
7508
8392
1201
9264
7131
9016
2899
3723
3929
9988
5892
3608
4281
2752
483
1018
8347
2857
9356
2494
2658
5110
1899
3734
9562
8843
8120
6309
9135
9407
5493
7196
495
7324
4509
7527
6445
2863
490
9268
1274
4722
3437
2978
7391
9763
2602
6560
3009
5574
3944
1674
1617
2079
9060
4971
2201
9063
9965
4500
1396
1925
908
3420
911
2392
2584
5697
8873
7497
4128
4139
5242
3769
3383
621
2776
9677
1259
5034
6297
8629
2160
2711
2485
3998
4459
9540
8487
8729
219
323
7096
8957
4733
5872
2
3916
9269
8256
8555
9723
2485
1091
1544
5224
6821
9415
7218
6474
7649
4574
5516
396
7823
2326
9200
6456
3038
1280
2518
6363
6986
1122
704
5245
5829
3881
2236
6011
105
3016
4607
9590
6446
8838
4754
2348
2471
9607
7047
3074
218
4984
6745
4201
2573
6674
9252
2268
341
3381
4206
6826
1981
7971
7392
5049
2053
9699
3118
8201
2309
2215
7605
2950
9520
4958
1874
2234
4171
6653
9488
1464
3935
2130
9742
1420
519
602
3934
8982
8836
7328
9976
9316
3293
1856
9359
7464
319
6645
3787
3739
3317
1693
29
2799
3515
9556
1238
9643
2075
3567
8216
8221
4325
493
4735
3728
9196
1931
3643
8970
303
4109
8119
7667
407
349
626
9201
2571
7473
8986
3391
2724
9577
6170
2622
7167
3165
2757
38
7557
9165
6340
9433
243
2339
4752
9568
9540
3866
2511
4300
4935
9281
1830
8026
7385
8228
7729
6073
3278
3196
3619
7823
791
1974
7529
2474
648
339
5526
3258
9803
8835
9879
2649
841
965
4985
7098
4470
2342
4169
6204
6742
7480
8470
6645
1212
8409
2938
5669
3730
7381
1992
2475
2454
1534
8842
5783
3264
3961
9925
5074
2314
8085
6534
9910
1024
4748
8192
8406
9144
404
2937
1193
1896
9730
5832
9302
3723
8662
4492
2600
7778
9458
1058
5962
6200
2177
3688
1414
2040
2550
5995
6517
2035
114
3273
6784
1852
3122
2035
7953
5481
633
1014
3953
5502
6392
912
1637
6955
4098
2834
3076
9532
3124
5666
3572
4165
8643
9967
3638
1973
7281
2037
59
9017
4238
8204
4063
8829
4610
1626
149
5516
6407
9098
891
6222
3709
5045
1459
2833
5212
9255
1088
4906
8049
9669
1974
1267
9431
9756
4828
534
9262
3879
9043
6204
8246
1603
7859
2221
4045
8464
8292
1830
2182
3998
5179
3836
1231
2471
7249
8973
411
5624
7575
382
8383
1178
5996
5501
6271
3063
4201
5827
4258
6589
4468
4384
234
6189
4896
2353
7636
7800
4583
1796
4733
1071
1285
4306
918
4420
5102
408
6365
823
7335
7777
5115
543
5040
3779
9509
1362
8571
9962
7321
8150
1938
9818
4919
9567
9161
1652
7884
9306
656
3509
7562
1588
8966
2750
8157
1436
5023
9200
2084
2629
5061
3191
369
1821
1613
9365
6797
8955
1688
7849
1151
5308
6364
3598
8730
5552
5801
8826
1047
9930
6298
3943
7977
2648
9905
5774
3603
7647
4423
1768
7436
483
8199
2537
6393
9841
5859
6637
3127
18
338
1494
6161
4323
5127
8956
1321
2273
6532
223
27
3550
1064
3572
2243
5836
5891
2042
6240
4750
1348
9366
2436
1494
959
6383
8713
7822
4020
2643
115
6450
5624
3504
6457
4438
9372
7336
2485
9036
441
5316
4060
2377
584
7789
124
5510
9410
1423
1996
6081
5070
6416
8134
1747
3094
3003
485
8894
7830
7154
64
8445
7452
4653
7418
4525
2260
1053
2323
389
3356
7497
6952
8454
7117
2660
5538
4361
7885
5233
2653
6421
9652
2170
8801
153
2604
2362
7439
9447
7462
3269
8802
3286
2392
9076
6307
6929
6653
9791
4695
8398
6977
8576
4373
7247
5704
3078
2120
6227
779
9108
1446
270
1067
9290
3449
1419
288
417
6927
6339
6971
7368
658
5905
3635
8176
8196
8913
660
8678
9145
9444
1072
2058
1120
345
8478
8121
6342
8251
6316
2874
999
979
7574
2050
3192
4238
210
2568
2826
7158
3681
3209
9640
5038
8514
6183
310
4130
4365
7731
3468
7047
5379
2166
8623
909
8199
1704
13
2021
7622
9779
44
4909
4915
7968
1846
4946
3472
8319
2606
9439
2838
2148
6995
4984
1100
6366
809
7880
6972
7870
6280
3557
4013
3946
8905
862
8885
252
2062
2632
9013
5012
3794
8840
2336
4610
5316
7545
7530
6463
3485
3267
1554
8432
6622
7420
1696
4388
7735
5792
1261
4621
8852
2380
1916
3016
7032
8437
1546
1560
2476
3266
5222
1610
3281
1893
9752
7288
1019
9624
1017
3843
9839
7949
7333
4350
1962
6380
1069
2065
3884
340
3991
7911
6935
5005
6324
4633
1419
6038
4048
7410
9081
4301
5740
7492
4212
2286
7223
8801
7741
7001
8525
6796
6416
4540
3131
6283
979
4196
7824
7132
6297
2501
4236
4552
6216
4094
6753
9302
1831
6545
7782
3888
4899
9747
382
5434
1609
7818
9406
5193
1011
5746
5411
7173
5122
6393
8290
5217
4104
9480
2101
6844
3925
7628
1224
9845
3555
567
2744
3997
134
4186
4206
6983
3522
2652
2245
7415
9400
5271
2190
8015
3920
2121
1293
7767
8096
6343
4692
5621
2260
9639
3532
6388
8188
8162
4682
2944
5483
1252
8338
3548
8507
2675
3762
2536
4262
1859
27
7218
2813
2450
3019
4796
4285
6374
6593
3625
9288
8545
571
8279
9059
7841
1405
8314
6332
150
115
9518
6560
2501
1016
1428
2337
7764
3465
1527
9041
7917
1680
8912
6084
7813
6685
8940
7881
8389
1974
6928
5308
7420
4386
8827
5551
2645
2342
1394
4931
585
4671
1445
4914
4982
5396
8629
67
8408
4680
5626
6654
8406
3750
4189
9607
754
6371
6362
286
6097
6826
9315
3305
9818
5107
4847
8976
339
7182
6253
3387
8617
3662
4746
5256
7706
2108
4352
4224
5541
8268
2929
8278
4038
5038
2717
5065
9750
6546
7920
3309
3171
2993
5865
6349
7843
401
7227
8857
5455
497
3005
63
1900
9215
6087
6581
7891
9099
6118
6167
6269
6965
5964
6810
2126
6671
4579
7627
1014
1813
370
7746
9141
6558
3689
8227
7866
5622
2581
3021
4218
3185
4307
6418
9339
547
5676
394
1189
8104
5754
9187
4465
142
3872
5920
9378
9808
4755
4125
1021
6446
2123
1518
156
48
6838
1217
9664
882
8696
1290
178
7194
2423
7336
1875
502
7741
7136
8555
7298
843
6287
7093
4606
9324
2541
9644
7173
115
148
6507
8174
797
3111
7295
1660
8610
4864
598
3676
5750
4388
6769
1450
7974
3633
6449
6298
4180
3858
7863
9450
7847
5669
2924
607
9740
7033
8275
3321
6059
9775
8313
6012
3086
4286
8882
3767
6849
6018
8962
8075
2834
17
2631
4226
5867
8160
8875
423
8333
8118
8673
5720
2739
8512
8071
6847
9138
3469
851
5537
7974
2005
7502
9318
2341
6069
6777
4654
2066
2548
7512
7917
4598
878
8066
7722
2329
5796
8970
8851
5219
4766
5894
1892
1924
1807
7011
3629
5645
4025
5173
1491
446
9972
3741
1062
6328
7874
1562
5973
3450
5195
206
336
9905
8661
4864
5672
2616
7792
4260
9465
7673
8189
9635
2540
379
2010
1808
837
510
5574
8707
4583
9473
9100
642
5981
3974
1200
9593
2572
5645
6407
9565
6698
3932
4484
1598
9658
9918
2218
387
2559
3521
9028
9046
8373
471
7864
7097
6467
9855
558
1448
7550
9394
6769
2988
5915
7579
1055
3240
2571
1242
4814
1686
2385
1432
6777
127
7173
1952
361
9277
2206
9340
8668
8888
1398
4473
970
9288
8423
6284
4524
3398
8231
4776
6282
1428
2217
568
7138
5534
1448
8708
2664
4118
1557
2712
8396
3346
1678
4911
3181
9032
1142
9787
569
8951
6683
2112
4775
2863
2578
2017
3643
9911
9981
9251
976
2895
8962
575
7265
2936
9787
161
8071
3410
1402
20
8323
5266
1859
4353
9120
2183
5714
1381
1802
7705
7117
1968
793
875
6086
4955
2739
2061
6125
7078
8116
5830
2023
657
7328
4082
7217
554
8107
3353
8420
8646
4931
155
9103
4767
8721
2663
1861
8317
3672
1635
3712
5949
47
5199
4458
5157
1208
7146
8166
8655
3210
7112
3814
7514
613
8729
9541
4949
5134
5306
5374
207
9675
2237
1824
1027
2505
8172
301
965
6990
1951
177
5994
5765
5230
7027
1029
8696
7171
452
1231
4936
5008
2797
1221
4057
1370
5919
8611
1473
5729
7466
1644
8261
9376
3888
4205
8398
5257
3957
9413
7770
3386
2404
3351
4356
9813
8044
9128
8151
8477
536
5174
9579
9344
2493
4222
6327
3645
5308
693
4331
5048
209
1395
9697
7766
9370
6333
8093
8844
8847
344
6416
2658
6785
2735
5423
9244
6213
2506
5204
4337
9509
2876
3055
6476
1204
5943
9561
5138
2685
4665
5339
1485
1240
1314
2936
4066
2884
2435
879
5464
8398
6100
5702
6504
2012
7104
4609
5481
6128
4690
3106
2423
2216
5125
3832
5857
119
3527
8619
2386
5567
4915
2849
9876
2956
7722
1586
668
8713
4400
621
3879
4399
7355
1093
2252
9594
7387
1546
3371
3525
6754
6163
8500
8212
5178
7388
7433
7597
4753
7850
7086
9148
1273
8709
44
7657
5859
4979
9628
5720
4180
7837
8728
6074
3796
4523
4580
7231
2930
3907
5554
3846
3220
7871
8496
4996
4441
1843
3041
1450
5755
5816
880
9202
3239
8434
8382
9588
2044
4265
9106
107
475
5650
4974
9204
7735
5385
9984
5175
5173
6853
3896
3578
5948
3512
9479
6765
5253
990
3745
4009
5614
5741
8799
9645
4868
4402
6247
9962
3433
5302
8159
1708
3181
9785
8261
5126
1106
8946
6899
8206
9903
8882
4209
1564
2900
5117
5049
1882
1825
6301
6032
3532
9938
6366
424
4115
7877
3068
6907
40
3045
8422
5863
6682
1967
4979
5533
2661
6469
5315
9972
5745
4112
1216
1568
7595
1067
1002
1706
5225
8232
6131
8067
622
125
7706
3229
7155
3539
1695
2667
995
9039
5823
3489
4499
3857
547
8906
5827
9597
4397
6202
2494
440
9309
8548
3148
8989
8159
3037
6026
9601
4956
9498
2430
3898
7185
2214
3092
8754
4844
7928
2434
1735
3584
1866
9716
2908
5616
1149
5338
3856
4032
655
1233
8259
3513
2450
1912
2836
2372
350
6643
3415
1559
7059
927
2697
8351
1278
4434
8364
8050
1593
3530
7225
3769
9585
2081
9510
5049
2273
4527
1310
7065
2608
8997
5876
3680
2463
6083
2126
8724
1228
5131
5426
2705
7718
3849
6576
5677
3108
3900
861
1771
8511
3211
6628
1090
5620
3615
5004
2970
660
3113
2265
1262
7167
2824
4034
9090
7750
8828
8613
1322
2766
296
6797
6637
3515
4126
6591
6993
2485
8468
3522
6289
1817
1153
9127
7341
7126
405
400
1621
1981
3031
3808
393
3110
6384
1797
8395
5702
7167
2548
4350
6844
3491
10
8343
7765
2864
430
8542
6074
474
2445
1112
7915
2102
9145
7496
862
6947
3937
7476
8288
2812
900
9464
4240
9303
6917
7387
8300
6282
4528
544
6983
4284
5119
9282
1277
7620
437
7028
8058
2612
5465
9695
6376
5440
2497
594
3579
4117
2015
3106
1366
7070
6704
2379
2418
5154
4451
9359
3515
2994
8847
1419
5633
3336
8154
5483
7606
1693
6666
5987
4612
7662
8312
1145
2894
3605
2065
604
2809
1972
7017
4481
1130
3245
4687
3630
1681
719
109
9922
7505
840
7172
9803
5637
1089
4889
4343
1899
5431
84
9196
6446
6278
9353
6527
2515
2460
1387
277
7745
8396
2964
1858
6382
8458
9268
1685
7847
8304
7424
3267
1846
8254
3202
3686
5512
3693
8314
2394
413
5669
6283
8198
7056
9052
9450
4944
4996
1575
2996
5812
803
6880
1637
4432
9699
897
400
4396
1909
7230
29
8409
8554
7870
4255
2833
6617
5147
4213
3387
4387
6662
8261
9040
1645
2958
4432
5634
3482
1955
851
3237
4605
9713
9088
8655
9744
9619
6199
8112
601
6765
6092
2971
5712
9529
4808
6474
2994
3435
8852
279
1889
6787
4474
853
6605
3721
5808
4164
5300
5649
3964
1143
1806
8900
5482
1123
8622
2535
950
5308
2516
4893
5541
2266
5728
1131
5132
5885
803
4081
735
4396
8635
5506
7147
7570
1147
9907
7216
1021
8303
3920
1713
9601
5631
7750
1369
7762
576
2370
3724
152
5944
2132
3000
7075
4260
8887
6212
8722
5630
9176
8708
1681
7455
3414
7637
6806
8257
1228
3731
7373
9481
7218
436
6038
997
5489
8031
1130
9254
6753
2547
1932
4468
8382
5814
1136
210
1105
8007
1853
5543
2901
6872
3809
1443
8755
5385
6896
8082
9488
139
3424
1510
5018
8731
8005
355
1823
8183
6796
3926
4758
1583
8452
3935
8731
6109
759
3293
2164
8940
5893
437
1698
3610
4678
5771
3879
3537
60
5792
3338
206
4595
9864
454
1459
6710
2727
2734
5001
2621
5690
5282
9570
9922
342
5607
7710
8724
7743
6332
6347
3630
2816
7954
8729
9387
6814
3040
7634
7396
5090
6353
3505
5508
4060
605
3373
3232
9885
4815
3673
2435
2349
3493
1357
73
8710
4532
4456
5688
3025
1690
664
3015
3085
7267
5513
9375
3405
9213
5834
801
1788
5805
9875
3570
7745
4283
8684
678
4846
8992
2759
2576
231
1646
2681
7044
2184
3996
2004
6030
8641
6481
1968
7339
9632
6011
794
8095
8756
3412
1367
1882
5370
8755
6399
9229
2123
3268
7494
6490
4054
6790
3378
575
4143
455
6264
3346
4944
5979
2571
4634
137
9253
5642
9876
561
6140
7242
3292
935
1562
1427
7672
899
8141
4233
5387
5885
5550
6574
6016
3309
7411
2579
7115
7634
7760
3093
7727
9774
4532
2783
5234
9410
1319
91
4758
6554
7742
3625
9896
2282
7566
900
280
1342
602
5019
5553
1819
9398
3657
1494
1775
7378
9215
1621
291
7782
2426
9824
4990
6362
3443
8006
4601
3239
9036
1079
7334
655
6455
4019
8641
600
5643
4100
9192
9450
6272
2241
2520
2624
4338
2314
2033
7592
6428
2985
9944
2167
5696
1568
8631
8693
2673
7516
8229
2826
3316
4856
8910
1616
6828
5976
4531
5793
8829
2099
8836
3604
7799
8634
1823
8640
9949
2977
245
1116
9744
95
9117
1509
7361
976
1688
6828
903
3396
9186
7164
8820
9797
330
2347
7922
6895
379
5048
2317
4305
1049
200
9908
3165
8786
1205
4874
1359
4285
1790
6854
1480
7383
5008
1124
3536
4963
9187
3495
2152
9676
8832
7314
2730
1773
2647
690
432
5088
4082
5567
3627
106
6882
6532
5440
5489
6903
9824
8741
7178
3993
3183
4192
9730
3871
3855
4100
1431
9984
53
6079
9263
2547
6110
3770
2408
1985
1162
8431
7840
9086
496
6942
3244
6463
5490
3157
9717
10
7463
8535
5102
5923
9948
2345
6296
7434
3789
7122
3936
5263
6129
6773
3222
6290
5431
2233
6126
2650
9088
4733
7216
5221
4767
2213
1421
9274
5288
5240
5275
8134
2387
1724
8219
4603
6406
8275
8941
8678
433
3813
8322
8178
1231
1539
2515
1029
3567
8033
5214
4529
881
3956
9970
6951
4494
4784
7983
7589
1499
6802
3670
5207
2377
3708
3401
3812
178
2009
5706
578
1785
7182
2746
3241
2419
8342
914
6362
8589
2017
4232
7924
6179
3717
440
4426
3672
7126
2953
4080
6482
8109
3524
3854
5788
9249
1917
9714
7119
3724
6657
3295
708
7561
3795
5259
4966
9014
7571
256
5928
4626
4622
8396
4149
4737
8904
4399
4913
5118
8247
6704
7405
4017
406
6799
5539
7693
7699
1182
2208
772
8175
1018
883
7534
5645
551
6810
7111
4828
548
6911
4180
5840
9981
8169
8720
1456
3344
5183
61
9887
2747
2624
3131
2551
8589
5557
5110
4203
512
3045
8668
8020
8567
2571
2021
522
5369
3739
4643
4890
5838
3658
8015
2003
9194
5562
512
3143
5331
4090
5650
3236
2736
7961
2916
7106
8025
5921
4547
9349
4449
8781
578
4338
6393
490
8627
720
5963
1802
9224
5611
8007
4983
6739
6750
2949
2111
8384
1458
9179
2070
1009
953
7843
9509
4147
6589
2576
9059
6860
1549
567
6958
418
8362
2937
2327
5821
3188
5606
1540
9120
3244
8414
1519
7994
9801
3916
330
3800
6408
2234
5458
936
4645
7283
4299
6790
1144
8285
1222
9234
9962
9395
5264
2908
3480
7504
4966
9299
930
4848
8640
5978
5408
885
1398
2712
8931
8455
2272
9247
325
5988
9674
3443
9445
6566
501
3332
4497
2474
7424
1789
7878
2983
695
5592
957
5516
7880
5956
4614
338
5134
973
6469
1320
5780
3529
3748
6632
1639
1697
9416
3317
8423
8735
4803
1491
941
8791
1171
4962
5360
1176
4679
1641
5355
5068
3669
1978
4038
2035
1272
2399
8716
5018
8907
152
9434
4885
7911
5705
6890
2293
7501
1537
2642
310
3933
5182
2920
8906
844
5786
2340
5953
7841
7108
622
2458
5992
9830
413
6183
6919
8147
3421
8106
4618
9209
108
9404
4120
4072
881
2449
7338
6789
1513
3444
1404
1983
2197
3311
9760
9973
7916
4798
4974
7793
9081
7515
6364
1991
6252
8458
7867
924
7175
3492
1623
9658
6728
7456
1350
8285
9372
9048
7450
8325
8022
5904
4354
8252
7845
8709
2990
9610
5317
9460
1159
9685
7875
2521
8384
2321
1981
4580
2367
4927
9082
6854
7104
3921
7839
7937
6829
9418
8258
4063
871
6525
8363
3396
5949
8363
7930
45
4891
164
1106
8124
4187
6048
4575
3355
2137
3538
8446
6193
2922
880
2711
7012
4421
6610
8072
1208
6830
416
8230
1842
2715
9578
3624
2243
8899
6103
8939
3944
4997
9558
5068
9886
1895
8307
1623
5272
4
1754
9451
4546
8094
2509
3524
1010
5527
8623
5139
3767
9287
8939
6664
760
6241
4441
9579
3619
6612
6320
3759
5222
6766
9072
4982
3638
9762
570
8349
6836
5575
4478
7511
8912
7289
7499
352
3252
1370
9530
8915
1446
5876
5768
467
3923
7474
6415
2809
7625
2912
5443
4208
9782
6488
8050
6765
3805
9631
7097
6909
2775
1619
5752
8259
7937
3473
1399
5160
8774
1622
7384
1707
3120
535
2977
3830
9670
9622
1872
3095
9438
1974
3209
4383
1085
2603
3940
3856
9636
2669
2040
9088
4503
8372
6372
7787
3148
1521
7571
4703
5588
6707
7527
2754
3628
9175
5294
2884
6302
2598
7714
414
8267
5665
3537
9400
2656
2434
699
5486
7538
6781
4128
8078
1113
3070
6448
9673
6340
6921
7747
3945
9404
7425
3418
3926
8058
3498
1858
8717
5318
5212
6695
9016
1336
3388
660
4133
5022
8520
6679
5779
4037
5738
2739
8448
7885
8385
1512
6716
7542
5006
8984
8989
7431
8210
6489
8787
1313
7042
7038
6124
2751
674
6034
8243
2731
2131
2239
939
6761
9749
8022
3598
6995
722
8386
3252
35
6293
1388
2751
592
4458
5550
8074
397
8274
1106
2245
6295
3402
3311
5685
2179
7935
2090
8395
8088
5371
305
7781
284
5047
4240
631
6301
7246
5850
4002
5121
5888
2263
8677
9957
8042
9614
3295
9863
714
4779
1338
4540
6827
7085
4547
3417
1900
4029
2826
1943
7360
5163
4387
1978
7038
1968
2657
5603
7013
9731
7477
9484
9200
7226
7196
628
2057
131
8636
7220
6302
2638
3554
1637
6323
9915
3058
443
1752
3553
8990
8045
4551
1022
1067
1539
7775
4713
9906
9118
7948
4763
8220
1284
1089
5635
5080
2093
2520
213
9089
7103
9454
9806
4368
7325
3842
8119
8414
1339
129
2141
5854
3790
92
8304
7861
4638
433
8891
5342
710
3234
6246
8854
4846
6395
2058
2435
9058
3827
1041
5913
1263
2000
4565
5856
6364
7070
4397
676
7245
538
4707
4003
6729
7138
2398
6496
6921
4718
1418
9091
5991
628
2387
9869
2288
3924
7881
8239
6339
7417
383
938
9762
8028
381
487
2405
9307
2196
6719
9304
6387
9193
2630
1535
183
7572
1039
9732
7100
1870
8071
1629
5122
1058
7870
8897
9164
23
8515
5559
8214
5025
6199
5946
7996
777
543
5455
2910
3970
77
7450
241
8297
8116
4580
1222
6501
2072
4291
1105
9765
5462
3526
941
7302
8498
8484
1015
3676
3028
7625
1479
6065
9786
7688
70
750
1137
6925
5988
5202
4557
4074
6111
6486
9165
7327
7966
9129
8372
7167
307
6809
8500
4308
8782
1799
9428
4418
7065
2527
3006
3485
3245
948
4429
9809
6541
9323
7624
8369
9943
7527
2742
2498
4125
210
2308
8863
9210
3288
7705
7750
8899
7946
5321
1049
8255
3137
6270
3672
5373
9657
1612
5310
6500
5385
9380
4076
9138
6898
9675
897
2124
2874
9066
137
2602
7159
9898
1763
4380
6869
6907
7461
7532
2485
2572
277
6912
2093
2596
9644
6433
5912
6562
5979
6950
3040
640
670
146
3616
1423
1129
4937
9696
6876
2735
7695
1779
1001
3032
4090
6896
4450
7284
949
9324
3424
8323
307
8288
2263
8551
8029
6708
2777
99
1900
9049
1581
6593
5870
6613
1807
1437
972
9828
3831
6523
5697
2233
648
149
8526
1301
9631
3637
7227
1384
7880
2517
3663
5231
1115
2483
7960
2853
3808
7648
2240
1940
2191
3842
3654
6415
4718
8697
506
6637
8365
2349
294
4384
1159
4600
7116
938
1178
4796
1739
2308
4403
1184
680
3612
4692
9366
5548
716
2225
7443
5629
8703
9625
8580
1101
9437
5249
2398
1707
8647
2124
831
2654
9241
4610
7314
745
4531
3179
2054
6630
3613
1198
9842
4816
1800
109
6530
5147
245
4704
7405
5372
2341
4990
6050
6512
1451
8037
9456
7404
8574
3678
9028
1818
2269
5980
9016
820
2170
360
4391
1405
1916
7490
5834
9395
4020
6792
127
9484
2332
4771
5117
9484
4922
9919
6213
2164
8340
2020
9996
4566
2263
9613
3218
4070
3432
6687
230
3740
1621
8281
2
6076
2579
4542
5619
7118
1377
2405
1206
9603
1492
1371
5223
5815
8866
570
2344
1676
5856
4525
4090
8884
6618
8603
9570
2690
9421
4078
516
9148
1042
176
2897
2890
9669
8705
4201
5294
8489
8071
6535
5129
1166
2438
6582
5863
8011
8988
9624
1927
761
8976
5704
1816
6921
2557
2366
3663
5239
6774
735
7413
6243
4717
6722
7996
97
4754
6780
7092
6476
1803
9585
7857
2330
4307
9580
2072
4092
9616
9001
2325
7353
3597
6634
7669
1276
2226
2150
2661
357
1360
4062
4208
778
5824
9424
5770
3557
7045
4373
1755
4818
177
6760
1610
3698
9625
7668
8356
6421
6346
7049
9664
1964
7662
3009
2558
8216
6012
8497
8752
5889
1984
151
5349
7257
2725
701
48
1733
6959
40
2300
2652
7111
9873
194
1143
9347
9700
1487
3354
5224
3202
4174
4789
2586
550
840
1625
914
6241
6967
2630
7918
7288
3417
4918
1884
9290
5604
513
1540
6927
3853
7171
2295
7972
8020
943
5863
1913
7078
8041
7913
2313
934
6635
5651
1383
1928
5825
1079
6340
2410
2586
4235
5332
7245
310
7244
2210
2909
6398
6913
6148
9019
2047
3112
6626
2608
1574
2264
7714
8270
7163
9588
7944
3097
3155
7212
557
6093
892
491
5138
1513
9317
8773
4618
1978
1196
5068
5213
3629
7164
5293
7755
1063
701
3871
4836
2527
6686
2219
3183
4769
7124
7704
3717
4469
9276
9340
6188
1050
4558
6369
2786
374
9812
9097
1290
4659
6194
3000
686
7507
7708
4374
858
3939
941
9636
513
2881
7680
1351
1066
707
1640
5319
8331
1692
1737
7650
4258
3381
1233
2429
9718
1170
2596
7407
8918
9043
4728
9564
6041
2888
4653
7161
7340
1297
1937
9583
1071
8135
3389
2480
2552
4693
9906
1486
8546
3213
1729
7448
3416
1876
4185
8217
8631
5749
105
7635
6066
8994
9521
3271
8485
8190
2660
3659
3747
3529
3783
1103
2272
9096
4106
6359
8873
7556
2444
9196
8042
9907
7281
7549
8131
2533
6560
3807
8398
1336
5392
3365
8207
3453
8439
8479
8789
1391
9383
7443
6770
6525
481
8702
5478
4557
3394
7830
7823
8699
2142
3405
2494
1004
3272
260
7966
2271
707
677
7412
1985
4621
4019
8024
9541
3099
6324
8948
4705
8997
7338
3116
8740
5733
1059
5875
8293
5186
4841
4165
8805
6656
2080
3624
3633
9587
6960
1249
9144
349
5909
4324
7175
4294
924
5237
8205
7889
3567
2224
7449
8018
2191
8832
9925
4335
3806
7099
9298
2018
3018
3291
7323
1869
5469
5004
6685
1433
9567
10000
5611
7953
1834
9102
5514
7596
8685
3618
9240
2074
235
5025
8987
9005
9550
5108
9327
5600
1437
6311
8035
4239
6022
2592
2761
4203
5133
4683
924
57
3403
7170
7484
2371
2557
5167
1755
6030
9042
2020
5856
7208
7493
7121
7106
2726
8384
9251
526
9442
4427
864
697
7969
6777
1422
4600
6388
9977
3361
7666
2452
1989
1613
4102
6183
3032
1620
2186
850
1932
3158
5046
1836
4798
4399
9730
4863
9449
4715
1980
5920
1447
1692
733
7014
9670
4034
3541
4252
3520
6908
3920
1524
8644
5726
65
8495
7285
3545
6300
9203
4017
4326
2983
5543
6628
7351
9494
1454
3659
8516
7911
5901
6773
3401
9449
5494
4026
1825
1155
8976
8005
268
3233
4797
4957
3635
8952
3499
5320
9294
6392
4770
3327
3872
6092
7860
2607
3705
3878
3629
9130
5390
2759
3324
8215
1603
6900
218
1932
595
8056
1469
2280
576
2639
7335
7202
9104
9470
5509
9220
896
9251
4341
1930
7481
8587
3858
932
8730
7536
5970
9768
381
560
1243
218
7083
6302
1124
1621
1810
6093
6725
9696
3607
9791
4345
3909
2534
2327
9747
9949
7059
1752
1799
1523
3511
7372
590
5303
6808
336
4396
7910
5757
4516
8814
6011
3370
3960
9434
8595
9149
5609
1425
1751
3834
6907
47
8021
7860
5149
57
7981
4142
6694
5699
7284
4088
9600
9556
9290
6152
3164
3766
2690
9038
7923
7882
8213
9908
6881
3183
7576
2623
6109
1585
8577
4888
2752
9229
830
9303
7570
1491
7611
5734
9073
5866
4273
9334
873
7771
1030
2767
1137
8713
4418
7264
2567
7304
6488
976
4939
7219
2146
6544
2780
3706
9200
9431
9980
4268
5718
8085
7586
4563
8636
4013
9501
4728
1187
7492
1449
6796
536
9883
5410
7404
1312
6369
3766
2492
8150
333
4780
869
8514
8933
345
4646
4691
7187
7292
3433
9328
1854
1367
8147
1201
1860
5002
3364
1638
9300
4739
7859
2502
9127
2212
9065
6129
9711
7712
6309
5330
8549
4436
984
9138
8056
6820
7448
2321
4634
8230
9620
9233
1605
6839
5542
4052
1678
1371
4703
4932
2679
3677
5541
7619
5894
1622
8861
3677
9598
9817
1404
5823
9669
3851
5475
3139
287
2046
1240
2843
6295
5631
9483
6855
3624
9494
6341
5433
8626
6699
3604
6049
3003
9693
2443
9729
644
99
5532
2058
5075
1182
8369
6691
6843
9267
9922
6783
7132
18
493
4266
9691
3130
5685
89
4158
9026
5896
8244
131
2028
1793
8323
1017
9321
2675
8805
5156
3235
9665
4051
6975
673
8305
9813
1106
7463
2705
1480
3643
6619
9536
9940
9936
6233
6535
1612
7261
5513
3590
9001
2551
1417
1582
1494
5886
8009
1601
5029
5745
5605
4127
5436
152
581
4227
2368
7569
2420
8240
2415
926
4775
3876
3356
7652
2224
6701
8348
4527
5031
9237
6041
1810
696
822
3317
889
6489
4236
3086
5122
9367
2444
1547
3054
3243
9100
7063
4289
1660
455
1225
8475
6481
1566
6252
584
5069
3354
1025
7425
7168
5107
1681
6696
4334
6613
915
9027
36
2228
3984
1984
879
6875
9939
3350
2663
6707
2226
4008
6885
4308
1558
705
5431
9907
9200
999
5024
4885
1941
6699
4957
8088
2920
9339
8146
4736
1413
4837
1271
6858
6975
5782
9763
453
7153
8009
1129
3221
538
5831
7231
3480
6955
3668
7123
2770
9782
4380
36
915
7262
8648
6368
1554
8721
7169
1153
3806
6715
37
424
3537
8747
9964
3184
9089
7861
8652
5883
9694
6442
9479
5659
1966
5188
4830
3374
3738
5105
5881
2226
2775
5029
5039
4188
6642
1855
5319
2758
7701
7037
7811
5174
2490
9257
5109
3752
2904
4021
7087
8186
4826
7312
2130
4521
3580
3064
3595
7548
7334
2074
2339
7844
6546
6762
6353
6935
2728
609
3607
324
9620
5248
6703
9666
8045
2294
3370
1086
7957
7372
4877
3693
2699
4873
7121
8954
8489
8677
4393
4213
3141
9742
1834
1578
2810
9221
8528
3315
8517
8908
4273
1924
7728
3747
1194
9028
4396
3975
5953
2553
203
3901
3793
111
3718
7613
3330
6796
6246
1885
204
6744
6110
2938
2002
8554
9093
2334
5860
5747
3221
364
3254
6444
6020
5101
1224
2129
3114
4165
3633
9024
1161
9864
2404
8566
2436
5873
3773
380
7964
8105
2692
7762
4792
9871
544
3804
2279
6250
7780
8422
5484
3873
7997
1047
2600
7527
4405
9930
910
4619
2126
22
936
910
3690
4326
5078
2893
7020
5162
9819
1693
5107
4938
3719
8612
2096
8777
3578
3355
6149
5634
2840
845
9553
3694
1144
6565
5320
3276
3285
8451
3387
4175
9569
3609
4021
1620
6625
6648
4464
4059
2328
7900
4573
8320
3750
7336
288
2198
9606
6824
6757
4971
4724
1976
1730
6453
6939
2588
6446
1362
6131
1717
5096
3140
5507
1341
4834
6166
1348
3087
6787
5462
6168
7800
5715
2222
4426
8302
5667
7532
3641
4485
9698
8222
6529
1065
6119
332
9340
9721
7281
2676
8459
1772
8279
5208
158
8903
4401
8302
6885
5328
8625
2031
8986
3389
261
3366
661
722
6242
1209
1597
2926
2788
9202
9054
8701
9899
4402
7959
2810
9265
8107
7322
2277
915
9251
5522
6124
8620
1436
6994
4640
7861
4560
1968
9564
2812
7449
8313
2478
6951
3961
2241
2173
9541
3683
5099
5013
266
7536
7452
8760
3570
2098
3475
7322
6580
4061
5247
1541
9186
4719
5069
7870
1979
7225
3533
8125
944
2760
6357
4824
3769
5787
2178
4374
20
7987
2540
8308
5522
6016
6261
1255
7773
2921
8628
7864
6782
8152
4367
6734
9528
1891
1008
4120
5096
1492
2212
8666
3880
1490
1830
5775
1900
4751
5378
4397
5038
8369
168
9300
1993
384
7676
5700
5380
2177
7811
3065
7270
2283
5729
6483
3717
4800
653
6434
6913
1534
5507
7331
1012
8390
8705
505
2485
841
2527
863
4894
2504
3002
4616
3716
7885
7228
1141
2235
83
3293
1082
6972
7804
9958
2091
367
7570
4118
9311
3925
3125
727
9479
5122
4407
4371
7686
8309
4760
1782
4064
8914
4078
6610
5598
4614
5749
2452
5575
8648
799
3690
8807
9783
133
6271
6321
8431
4700
1310
3003
7128
7284
2046
6427
6568
6579
219
4417
3250
5973
3368
1282
6704
2870
7907
3058
5459
8082
1156
7312
682
9363
252
7241
3688
1797
3950
5014
4150
1224
5228
3002
9673
3831
4354
2281
9689
3218
6463
8326
3932
7554
2788
1096
422
4490
8740
2031
4405
7629
2762
1527
5193
4254
9385
8974
2381
5609
4163
339
4444
9157
3028
5862
7104
631
9242
1092
3016
7159
194
3755
1267
4734
159
1512
2225
815
906
1945
5177
1370
8212
4169
2519
2410
8396
470
7422
976
9446
4083
5977
8633
1005
641
6936
5877
7211
2779
4969
1867
4371
2817
5857
2991
2749
6425
856
8012
4958
2289
1150
5088
5039
7196
3739
4123
8926
2739
9811
8926
9903
9433
2572
8144
6120
2040
9976
6477
8097
5581
796
8634
1755
2592
6163
1940
4626
7136
960
6607
1045
4757
6495
6874
432
1912
9602
3911
4249
3747
6962
7405
6503
4024
5696
5155
1880
9495
9649
7775
9926
4656
8392
2407
7428
7150
9386
8334
8794
2677
7875
4754
3125
3685
7989
8428
8447
6695
1703
1557
5680
2121
3366
1025
1548
7171
2237
8480
3291
8489
3027
2675
3949
121
4356
3800
127
8616
3752
5
9604
2285
2530
243
996
7098
5821
5041
2462
2868
9701
3723
9895
8867
1247
8482
211
7111
8096
6956
5498
8129
1544
5398
2659
3992
1913
7084
5732
7793
6283
5992
9220
8125
5668
3262
9279
3712
1022
3333
7064
9314
6457
6626
9374
7779
4455
4618
7597
3178
1098
6197
8090
2483
6837
8926
1277
1358
4931
3344
9495
9968
4457
7932
6318
1735
9719
1745
761
4526
179
4808
4121
9544
4137
8498
7798
5863
2379
3049
4915
3951
6456
5054
3231
6069
9966
2026
3357
121
938
555
4229
8366
6978
9662
8370
5859
5805
126
3836
2617
6208
655
5423
3756
4920
4044
1022
7315
8004
5982
1158
5992
8711
9867
7586
458
8785
6651
2766
9201
8261
8952
2476
5770
3789
2960
7613
6166
3319
5431
9284
5668
9136
5661
9923
292
4600
5523
7269
9688
6233
4781
6343
5335
7050
9470
140
3204
8764
597
7903
309
6482
8004
2381
3813
2265
7048
5288
6057
3255
5868
9545
7792
9518
2473
5161
3857
3461
8035
1750
5586
7741
9356
187
2708
4931
9364
1632
8409
3972
5479
9280
643
3296
1558
1338
3037
7008
5805
1218
8015
5073
1432
8205
8208
2168
9396
8104
2292
11
8674
8261
976
7665
7732
6338
8326
9849
3278
8340
9210
3136
6835
6844
8489
5669
2757
2517
5428
1354
8596
8893
2423
6973
6732
1219
7785
7664
3064
982
2819
7717
4668
8154
1597
1066
3491
8799
1619
735
7529
914
6678
835
2469
6636
8736
4092
4496
311
3407
2421
7887
7143
7844
5318
6994
1273
3851
2930
2822
7392
2142
3254
2825
8641
6385
4807
3799
9217
9394
4497
5669
8626
2565
2587
1032
5020
7685
1566
4325
9907
4812
3824
8395
8922
3762
1236
6366
7405
9233
6601
3078
5150
2878
4461
4682
9123
9060
9264
4781
9644
1390
9211
6403
8725
4134
9909
251
8479
8195
3743
8287
2137
7526
4685
4112
1966
8001
7310
891
9781
2213
3753
4147
5766
8903
9452
6333
3656
1075
689
5189
5833
4473
9825
4137
3511
4182
1718
9392
5910
5428
4259
2501
3155
4936
4463
9793
5631
2070
537
1592
3459
7825
8893
2364
7803
4417
5376
5330
426
662
6676
6892
3804
9191
8200
3020
670
5534
6544
2244
439
4871
342
7368
6256
2792
4457
2330
1860
1815
8157
4534
7155
3476
8069
5959
6541
3928
5618
1907
9738
6722
5325
6388
1002
3345
2307
8432
129
4447
8686
7826
7189
3016
2324
7044
2987
7231
3500
7607
5731
8155
9857
3786
9866
100
8773
298
5453
3883
7699
3151
2083
7841
5504
7557
4894
366
7712
2182
4719
6
2590
6657
7642
6365
4433
7328
6689
2061
5352
5979
7288
1978
3108
3430
960
3485
7296
5776
1730
7317
1168
7513
1478
965
2518
5150
2701
8841
9384
2834
7499
6956
5612
2550
9496
9565
132
3302
3211
1985
4303
8982
239
8358
3090
136
8997
2724
2122
1167
3673
1196
1797
2501
5784
4462
3051
5260
7742
7241
3436
9180
7913
5618
4756
3296
1342
8856
6084
987
9256
8871
337
7006
2382
5357
8343
3506
4984
6653
1924
6265
4253
9826
1877
7111
412
2742
1178
1490
5283
1745
7948
964
6230
8611
1266
2175
7650
4703
9322
3380
3980
9576
3439
9664
8911
2003
5458
9413
1174
8488
7743
7494
6008
1000
9584
1024
7836
7233
3174
6847
4106
7508
434
9335
3845
8033
4716
8124
3012
5452
253
4893
792
8593
6774
4251
9743
9468
9568
825
7042
7276
6060
158
9239
4386
5951
8148
2753
293
9234
2706
412
1367
9949
7398
2099
1465
8978
6649
5831
1312
4134
9466
33
4192
571
9978
1044
9538
8413
7318
423
6955
4930
4913
1453
5123
8021
1315
8762
4200
2662
2393
4598
6475
5699
8901
5115
5127
9890
2152
166
3285
3132
1240
4182
347
9209
4844
8788
6975
7299
7586
3017
7292
2061
5549
5954
7756
1678
3441
8243
8046
9780
1184
2102
1067
7238
7455
6482
7796
5160
5623
9211
6483
6560
5888
4940
7569
5726
1290
4259
4214
4323
5610
3618
3912
4269
3715
9719
904
170
7215
3953
4490
5919
3670
2392
154
8739
9390
2860
4653
3239
584
8927
8365
2411
2549
6982
7968
4697
3875
2336
7983
8636
8580
1144
5938
9853
7152
4593
1452
606
7319
687
8090
6657
4735
8916
9327
6166
997
5886
4210
2496
9287
7303
1218
2290
3427
5730
3248
4396
8134
1818
7202
3307
9446
9518
3275
6061
1108
4105
6233
6382
3426
340
1243
5605
1712
3061
6184
9008
5153
2547
5859
2757
7824
1561
2620
4387
9082
1655
1924
1317
2137
3323
3951
7597
4038
4751
3965
7743
9032
4255
9213
2507
9779
5254
6820
3814
2716
1352
8854
3596
6987
4608
5267
2069
1771
3363
6816
5434
24
7108
4332
690
2599
2117
8229
5501
3269
2486
2912
2802
3464
7907
7886
6982
8850
6540
1136
446
1644
2581
5284
8221
5858
4297
2422
9818
7534
3413
460
9820
2561
8477
1173
6531
3565
8890
2971
1008
1989
8058
9787
6430
6818
2821
2725
868
9848
434
6124
3500
1868
4361
9308
2478
1647
6295
6571
5107
1797
8742
1109
1741
2418
5139
4764
5537
7270
8941
4684
420
8309
185
3180
1431
6023
7820
1289
2944
8511
6892
1085
6865
7941
4086
1553
6591
3193
1338
1648
4025
1270
3852
5515
5522
4038
8002
879
3298
9334
8644
9208
7653
5358
7876
5726
1176
2554
975
8752
3221
4075
5383
1009
7059
7956
7962
8811
3174
1455
7616
6932
3716
3434
1537
8319
4607
8121
3398
3212
5133
7456
8828
3533
6935
4037
8615
7601
5553
3626
2738
8850
8010
3052
848
1951
9643
393
8100
5290
5540
5396
4103
5574
900
9199
1030
1388
6726
6409
8068
6927
9307
518
107
2370
7790
1527
5313
7704
1563
5275
9008
7475
3980
4790
2779
9606
7827
6805
3042
7319
4868
7983
3639
8816
6847
4507
5628
8049
5292
9603
73
8973
7142
4894
8499
1489
3377
7140
8234
3730
9942
6487
453
1232
764
5700
3219
2612
4477
782
9089
8383
5587
4445
3085
6028
3469
9755
9562
7268
8260
753
1237
3456
1262
4226
9861
8345
9588
2217
2219
234
2737
565
5282
3006
6738
5611
5974
2999
7349
6892
7143
4712
4639
2860
401
4661
6163
1862
8601
8791
8536
8162
4884
1758
2712
7377
9847
1113
63
3533
3493
5977
1124
8439
3381
9086
3293
3054
1759
9657
5895
8257
631
5430
7331
9839
9367
1039
3733
9988
5349
9570
2535
256
9462
2638
5607
3607
5776
9339
9469
8771
2568
8210
184
4164
9442
2546
3673
5818
2367
7084
6526
951
9202
716
6966
3484
1436
780
9978
7997
4589
7946
9698
9264
5326
2750
5186
9814
7303
6698
8430
4090
5590
8488
1992
8590
247
5371
5749
1464
9220
4394
1851
4116
5914
4291
30
924
7133
1319
2555
8076
8617
8816
1745
52
7543
5990
3646
186
4315
2372
5880
9807
2094
751
6946
1077
2230
4392
9861
3244
3159
4752
1624
4023
7003
3241
7964
1844
1016
6272
4530
9182
1052
7463
6699
3704
1284
6119
7583
4727
4726
6858
6094
4234
1861
4637
5499
8965
9949
5568
3286
2228
6305
7385
2478
6904
9993
3916
9389
4367
6522
8666
2034
3456
9842
653
3062
4765
7449
6306
9299
6697
16
714
366
4317
271
5260
6326
2023
8562
4137
9600
3579
6200
5419
2631
7799
41
2496
3208
8822
5006
366
2991
6096
8089
1091
7793
3906
5242
4212
4385
9906
9191
9180
7358
7002
1416
353
8309
6731
6307
3128
2671
9209
5321
198
3405
3489
677
9781
9030
8148
43
4176
1116
7259
8095
7894
7918
1209
134
929
8424
8293
5162
2347
8570
1204
3250
20
9829
4151
7712
8016
5811
9870
7746
9271
9634
821
7507
2263
3247
3416
9886
604
4350
1281
9975
4962
7019
5202
7672
3366
4135
7445
7027
8877
3093
8483
7372
5733
4082
5671
769
972
3114
1234
488
7169
7314
6158
2060
7221
8259
6192
2275
5647
3948
2690
1486
8649
6324
9327
1721
2642
5094
592
3023
5401
4818
9097
5774
6376
5852
7854
3664
7
9805
7925
1267
1119
2223
6581
1311
200
4942
62
2590
3822
2053
25
2600
2438
3243
4145
3599
3241
192
8373
7383
4929
29
2333
9006
4573
2054
8200
8915
1222
5011
5613
1174
3194
6183
6736
6285
6203
3780
689
162
8376
8649
9051
761
7694
1719
3463
2004
8600
8191
8327
3815
9361
2601
5742
6734
2337
3818
1003
7967
1844
1361
2780
6403
6372
5247
8536
7525
2098
5347
1694
2418
1470
770
3503
8865
6562
878
2191
5916
5298
267
940
5660
6012
804
7728
2404
5893
5297
3401
9464
3956
4232
5403
8397
9877
7696
5387
7169
6382
9593
9707
7600
2165
5685
4396
2313
7815
2212
7098
4894
4269
7067
7249
9897
9990
8000
2639
6692
4956
9405
4471
3575
259
4702
5325
3083
1053
4841
706
1717
4440
3482
5001
5302
3885
1336
185
5595
9702
2813
3518
3195
7425
4933
7960
53
1327
2062
3689
3995
3854
9657
4393
5756
9635
6420
5947
8283
3345
360
9577
5344
5822
667
7451
3738
6430
2837
9182
3689
2756
8939
2227
2710
4870
9809
1156
2104
7958
752
4144
7831
7128
7932
1173
8899
3571
8142
4717
8914
4780
2579
1507
4965
499
1641
8747
5739
8632
1509
4803
4686
1079
2635
9219
7236
5090
6095
8609
9539
5947
504
8719
1647
2402
1371
5122
5826
4603
4701
1409
7181
5376
3090
8337
9391
9224
9850
690
3886
4500
2567
7438
9050
1386
5062
9675
8888
4509
1047
4564
5176
7858
1861
2795
9847
118
6111
950
7506
4236
9255
2234
8775
2276
477
863
762
3887
9720
3548
7168
343
5159
5394
980
5799
4461
3275
8305
6914
1204
1062
524
2635
6366
9685
9688
8645
1244
7920
7622
4728
9957
5991
1184
2160
1297
6105
6242
8578
103
98
9728
2622
2643
8668
1114
7929
8968
5623
6085
59
6067
6138
7711
5173
1140
2227
6531
796
1069
2509
7964
5465
3569
9639
5810
2387
5655
8555
3686
4346
5774
9873
6386
1812
5821
3214
4734
7130
203
5077
3142
5991
8207
4673
6298
2888
2560
5101
5326
2234
7651
4996
3556
2537
8369
9021
9382
2480
712
6316
248
8563
6791
3370
4415
6830
1602
3650
7869
6808
5854
1033
2172
2566
315
6400
5728
9243
5545
9184
4689
5176
2814
4643
9369
4878
22
3537
1978
6236
5093
4757
9272
7625
873
307
7008
5968
6525
5005
358
4517
8355
6020
442
1245
9048
5450
1646
7067
9248
8652
6454
8073
876
4635
8104
3415
1439
8657
7046
75
637
5573
9540
6178
8762
1052
5760
1817
3320
1493
4639
463
6566
6464
9048
7681
756
8689
5430
9362
4921
813
7041
1733
9841
5393
9023
4926
3265
6623
7099
4601
2756
4204
7148
2285
1579
4840
6580
667
2715
9716
2672
7719
3057
859
4863
8696
7772
481
7034
6209
4824
6648
5219
1831
6955
1289
3099
8516
5683
5112
7100
4925
3841
5523
223
3516
395
9958
9079
6538
1583
8552
2830
8048
6511
6050
7415
2674
8343
5426
7571
8398
2546
4107
3616
771
8756
6857
4899
5453
8798
699
3579
6864
5347
4974
2588
2230
6703
3410
9375
9020
9703
2766
5145
1044
3593
746
5016
9570
7625
3639
2762
9315
527
8451
8560
689
9511
6462
3890
4253
6086
5270
8679
8953
3266
88
7787
6477
6551
743
759
8987
3639
4728
9734
1951
6352
616
5612
7388
1575
7598
9687
8261
7906
9474
7167
5476
8244
8064
6291
6689
1784
3384
3255
8589
7815
2907
9939
592
617
3278
773
9500
3587
3883
8550
5330
6305
4400
4602
9572
2774
5255
4786
1412
1464
5067
7987
4321
591
9351
1376
8844
452
6497
1461
2604
4216
7555
4352
4183
4024
5208
2808
9531
1904
1326
5486
3514
7214
395
6767
3644
9273
3002
4330
3175
5335
2810
6697
4117
7082
2916
4566
5571
7186
6525
4291
859
1123
1467
1839
1835
6620
3409
9081
2340
2458
1830
1444
6822
5785
2514
8104
6757
4287
6079
6567
4410
917
3646
9461
3735
6390
884
7740
8643
3732
3721
5130
2524
2099
1286
6871
5094
9563
9625
8742
9446
8382
246
1297
9760
8738
6158
6197
4364
4249
1458
5481
2748
1219
8704
5747
8762
2940
5768
2769
8308
2091
6477
5550
3257
801
4868
5231
8181
2032
1854
3055
8025
2322
6340
321
822
7083
4969
1128
4730
9406
3912
5571
4204
5054
434
8830
5797
3472
2844
1871
9338
8410
3785
6032
5525
2003
333
7354
1627
5650
172
219
1642
6536
6128
9912
6601
5222
132
9581
4889
8580
420
8352
4760
2168
4061
752
5809
2191
7017
1737
6899
6176
7118
9505
2954
6830
3973
8941
8253
7637
6000
2616
9079
9689
9500
3383
8220
6789
8398
8022
4546
3952
7956
6546
5396
8738
319
134
4648
974
8423
882
8822
2251
1341
7538
6777
4104
5963
5531
9486
5076
5397
4621
4119
6901
1116
6923
9287
7612
5430
3535
977
924
5393
8802
8662
1834
7492
8072
4800
8583
1868
3356
5142
7268
4489
3022
8670
3920
4197
2237
4831
7062
3618
6622
4934
119
9624
2881
5458
9589
2068
640
2055
1530
8513
5173
420
2717
5111
1744
3064
9047
4446
2333
5976
1128
5200
6479
888
5486
3095
7448
6159
9095
6073
1831
1856
7038
8104
626
4170
2829
4674
8725
5597
7443
7649
2777
6188
3752
4743
5306
6671
1684
8384
1611
3131
8493
9853
3668
9521
375
9553
2010
350
7620
1615
7522
71
1240
3576
845
4712
3461
7386
4930
9653
8436
1712
9174
8949
5650
5269
1700
3210
2202
1961
6141
3245
7677
5732
8273
875
8472
5077
6322
2385
6961
4061
7216
5842
1402
3007
7520
160
6319
5455
7148
3290
4770
4769
7492
730
5103
2596
5893
2595
2062
2317
8949
3636
8802
7354
2689
5541
88
9329
6310
1126
5190
4952
6708
2894
9098
6227
727
8188
8846
3044
7114
8603
8820
704
8369
2484
8019
6867
4657
9019
8034
9944
9588
5733
7350
6705
4003
4989
5079
2158
2611
8446
8461
6974
6886
5101
5732
6665
74
4437
9698
2057
4675
776
2550
8241
328
7989
7980
8682
2572
9316
3718
4504
9508
5446
6809
1104
48
2646
1058
8240
2498
9576
6784
1918
7108
3180
5270
760
8329
7873
5809
6907
3400
1277
3252
7399
5631
1347
2408
4751
145
448
4499
1339
8889
1288
7493
7947
3155
5421
9921
6172
3872
9760
2597
9554
3100
4216
3157
6520
8824
6892
1821
9904
7228
5063
8497
1073
5981
7859
7766
6730
626
4784
2688
6080
3970
4559
5380
5884
8904
2822
2749
1845
1126
8494
9196
1259
3603
9042
8640
9785
9926
3037
666
2497
5025
153
2537
4730
6817
1546
1232
3303
909
1223
1032
7998
8792
427
8045
8436
6510
2999
8201
815
466
9547
2214
9153
7542
469
945
6464
1461
6661
6725
2315
4766
2120
8713
6307
6911
6216
609
8861
7794
5150
5906
4923
7555
5332
2778
5163
2137
50
5209
8705
7195
2092
5083
5834
5794
4601
5095
6883
8812
5157
7842
6801
1196
2591
3136
3542
4912
2946
9979
7341
3712
7000
9247
1597
6292
9588
3754
8775
8038
3200
1444
8065
4156
3503
4639
7282
8942
9166
7664
1758
3693
70
2007
3403
1773
4762
1319
6531
4111
2470
6859
3281
239
8384
7541
8783
2939
2640
6964
1464
9666
6533
5485
516
2833
4234
9807
1449
5918
779
9713
7472
8125
7493
1798
2413
393
5514
812
1884
1741
9202
7897
2858
9709
1595
1406
3813
8056
987
7889
5441
7985
3366
422
990
7233
5071
7638
1989
2793
2116
8508
7032
1549
7257
388
4665
2572
7647
7187
6839
1973
429
6401
6946
93
8385
8974
3614
5191
6511
9258
6497
5157
7689
4899
329
5473
4139
3352
3942
2212
3120
7471
8855
4565
8456
1255
5158
7445
7812
3873
1680
9608
6093
6532
3460
1131
5704
4047
8901
6633
7556
5698
7530
1340
9963
5808
5975
1897
912
7053
7263
6667
2548
4869
7681
6407
9097
893
7750
133
6251
5342
742
4190
6680
8674
772
5097
7953
1169
8926
9389
3426
2089
1455
2196
4189
7071
9369
5586
9532
4269
6576
2
4187
228
1322
8088
1145
2998
5260
5253
305
1105
6767
4048
923
4786
3725
9996
480
1803
748
5513
9606
7777
1121
5396
3580
9774
7071
6042
2566
4367
5267
3787
5642
901
4207
9869
3992
5060
7536
8124
7365
3813
7118
1997
6171
160
1926
1751
3522
7382
209
8764
918
9504
9491
6146
8405
9409
4479
8559
349
7809
6482
7766
1493
834
5232
6064
6874
1792
5679
9689
2531
8198
9608
6728
4403
4183
4676
1248
747
2798
1736
8995
3622
8755
5631
8980
8967
7113
4485
2438
5642
3118
8285
428
6368
3391
4202
5424
9824
9935
3573
9574
9558
5262
5637
1976
7893
4855
7621
9219
6236
6951
5489
1311
4592
625
1807
9806
3803
1352
4351
601
6071
2284
2175
6370
9254
137
7151
5821
4870
4214
112
3518
5234
3355
9941
3402
8457
8106
7946
4920
4995
8436
1176
2248
130
4914
4534
9558
9308
4060
4961
1051
7531
5192
1679
8769
426
1926
4773
9971
1387
2666
7912
3363
9291
189
2380
3099
8482
1023
6740
8868
9743
8061
506
4831
2183
1220
2431
7352
5751
1305
2857
660
9262
7542
4724
9614
9781
2067
2544
1914
6282
5950
5184
7740
5297
3147
6686
9492
499
4862
1396
7472
4315
8389
6696
9593
5797
5957
9744
8031
3379
1035
9216
637
9234
9334
6616
9489
6073
7459
5960
2225
789
7431
4515
1248
5591
2650
2624
8762
6183
7482
8170
4367
4513
4321
3575
7786
8844
2981
7114
2154
79
6852
7764
3299
9950
7191
3211
7602
8438
1403
9119
4344
2743
3778
5286
5273
2944
602
6309
7176
6953
3966
8578
174
1293
184
5545
5232
2276
5256
36
362
9625
8857
694
6558
5082
5385
8406
6413
9410
6818
9153
1165
8224
3196
9209
7915
9664
7553
3909
5238
7826
580
5393
5682
7180
3421
6062
7361
3817
6817
9035
3694
5262
4840
8387
2700
2862
3926
6524
1545
9785
5031
7306
4124
273
3856
5716
904
9801
5871
4591
288
2466
3373
6496
1742
4851
2708
5648
6882
5179
7502
6228
837
6567
4839
7591
9371
3516
8501
2300
6502
56
8250
4461
4547
4977
3724
2301
6923
6272
545
2705
9317
2829
2935
5781
3727
9477
9827
1292
2250
1710
4448
2840
6744
8856
715
262
1122
3100
1339
4319
3636
7274
9670
9776
4206
6432
1323
6105
8836
8851
1402
1661
9019
6974
7625
674
6186
229
7368
7947
3221
29
7330
9984
6206
3661
3290
8120
9687
3651
2210
9965
4276
4424
3108
7249
9826
4693
8551
4005
4221
8022
9709
7552
7048
8273
9192
9534
5316
3878
71
5269
3553
4
9932
3075
9320
158
3599
7838
6732
6729
4882
914
8314
7612
4778
5621
8039
4944
4756
4846
7362
7356
3349
7764
3756
6737
3775
8993
9402
7777
3812
3514
4334
6047
338
5454
9285
642
8913
5723
9977
7230
7189
7531
4212
1180
8548
8773
7214
2176
4994
5146
3641
4895
4576
9806
6270
9764
9084
1775
7713
3812
5974
5631
7398
3008
6779
3697
7825
4936
6434
9966
2803
48
8957
5249
6462
8305
8905
3860
9873
3905
7268
8319
3628
4199
3666
3422
4120
8479
607
9894
7906
5595
6423
2996
7647
8741
3820
4993
2189
2507
8521
6422
4472
6403
1853
38
3573
5753
1847
5418
3252
2626
7401
3609
7424
7495
3756
317
8429
5516
5801
6855
5487
9071
88
9686
6164
4074
9073
8955
5964
97
6235
4122
5739
8304
1319
8445
3106
2513
374
1067
2678
5290
9399
1720
2891
3731
6401
3538
6699
1504
438
5798
7238
1339
481
6688
656
9257
6907
1605
4096
557
878
3519
8776
9097
7532
6375
5842
5109
6560
4967
3977
8368
3010
4058
6793
9640
3446
4332
4020
2101
3548
7896
1879
4776
2841
5782
7733
1156
4865
1876
6465
6778
2213
2306
3031
3284
8927
8741
7915
3940
4573
2013
4603
9509
913
3944
1954
8450
3015
4874
521
6906
5141
8009
7215
7442
2628
2510
5978
493
9369
7206
4935
3614
775
5545
7731
1176
991
6856
4700
7916
4115
9823
8727
3214
5366
5869
4505
8179
7053
8186
2529
5049
5436
5836
161
8123
4481
1590
8550
5565
7404
7399
6228
9142
560
3333
1638
6362
2195
284
1363
1745
5403
4554
4646
123
5283
2536
915
567
1510
4009
1668
4636
1637
7351
8759
3238
718
9652
842
6500
7566
4830
8912
1474
7205
9071
8971
8491
4365
5118
8487
3798
2553
314
2042
1406
9294
3091
3525
9746
6910
4340
1055
3653
2910
9486
4208
9729
2702
475
8993
751
7881
5954
2839
8342
4292
9836
5581
9438
9306
3762
6914
7281
6551
233
6881
7618
1937
953
675
5442
1062
8479
4153
9956
7340
4283
1827
4266
6072
8615
8920
3246
235
6647
6875
6474
8032
8122
6255
8216
1251
9461
6665
945
1685
6414
3061
9372
2790
4860
5036
9401
3039
8922
7234
5691
9462
8837
7495
5456
439
2207
6508
1169
6432
3470
3875
8228
8408
7476
4467
5361
9856
9260
6077
790
9017
457
1172
6590
1964
7536
6866
1653
9084
9983
6569
9822
8012
4732
8245
9384
6961
837
3725
7040
3659
1666
4563
1411
4745
991
7267
2131
9358
1072
6313
6435
1990
6272
5492
6158
1851
4769
8360
6182
2438
3342
8792
531
4781
5133
4302
27
1064
8421
4551
2918
4516
524
813
8288
7597
1971
3176
767
3179
5211
7527
5059
8478
9983
5674
434
1344
6726
1304
8993
543
554
9959
4067
5552
5962
1185
3356
3689
7379
7823
6947
1808
4615
9158
1745
3490
6158
9953
254
6912
4614
5290
8405
959
5983
3170
7554
7145
4158
1521
7647
7009
5637
7458
9490
2445
6896
8068
2659
9031
3137
9561
5824
9729
8844
7820
3706
4583
5872
8051
4164
8990
2168
5209
1451
1709
2909
476
5698
6202
3958
7977
5459
6834
854
3297
212
1599
8499
1356
5961
3776
6726
8716
8297
9649
9659
3986
9881
7627
2780
3284
5236
8455
991
8912
6705
5931
4070
3816
4059
7157
4428
7138
8763
870
188
9413
1934
8142
4049
2248
123
4286
5999
545
115
2874
8811
7501
2566
4035
4166
7086
2850
3552
5038
2372
4293
7478
5047
560
3490
5703
2318
3877
5596
3645
1829
8750
656
9063
950
5540
5451
4095
6260
8834
3191
601
1999
8784
5989
7541
3895
3239
6902
5680
9133
1607
3433
6913
9069
4667
7876
1096
6397
3293
6935
2974
1869
2692
7236
7124
9129
4139
655
8087
2564
7180
4891
4442
308
2269
7482
4598
8818
8070
5339
9831
25
4009
5337
539
8711
1498
5804
2711
3818
4655
2895
1713
6672
6263
808
9731
1064
2231
2815
3645
4904
9032
1012
5743
6243
2576
3553
4449
8871
7769
4798
690
3579
8168
4343
3908
6389
405
6481
6856
1128
4172
8560
2624
5301
3458
5527
3910
3442
9247
6927
9987
3348
4666
3656
8670
3673
6801
1769
5424
2697
9138
3665
9528
5668
3412
5511
9310
6935
8243
5665
6185
1400
8318
6403
6484
3039
7631
5272
3205
9919
7724
6789
8399
6962
3847
9554
9058
6714
4349
5007
457
8892
8309
5947
4660
8037
214
4003
2507
6080
3542
6071
8975
4107
1150
131
8354
4685
4415
300
1032
7
8958
474
3218
4733
5734
2224
6458
6393
9848
937
2959
1028
2897
2133
304
8073
2754
7449
8139
7963
250
5866
8512
6323
6040
4255
8227
5337
3519
4959
4715
1872
6727
8344
6538
104
4051
7663
1311
5055
6833
5342
3305
170
7041
1664
6013
5244
7229
1120
9738
7480
8727
1846
7203
3785
7002
6983
4089
9476
4383
4670
7151
1515
8958
3322
8875
1451
1239
5906
2407
4400
2003
7243
7374
6862
1343
472
5829
815
7162
5472
9324
8182
6553
8274
5076
2908
614
7036
6658
6325
5119
4552
9192
3765
1399
9513
7615
8963
9856
4366
1555
4928
4902
3875
7863
2501
9704
2122
2839
8298
2340
7250
2739
4092
4697
2466
8233
9409
9249
1591
258
4402
7403
5471
9607
9876
6828
2613
4017
652
3939
7513
3163
1851
5388
8961
6458
1101
4317
2291
8120
4184
4436
8777
2969
4487
9804
3066
5397
6484
3349
6290
4215
8311
5568
7267
5732
6972
3900
1479
3636
3255
144
7692
5248
4802
7045
665
1257
7171
408
8690
5081
9670
8592
4081
3437
4340
7694
4618
7201
9912
7489
5136
7422
4941
5809
4204
9354
9872
5681
5587
1032
5655
9293
2424
7747
2547
7138
2822
5956
7752
323
8402
5236
2442
3073
5545
7412
1781
702
2313
