1069
7026
6521
9404
2712
2558
7341
6585
3030
6843
3967
7776
1184
2233
9015
3581
2605
8043
6317
1498
5514
6640
1650
6517
1231
3371
833
2045
9780
4037
9905
4387
6076
8726
6869
1116
5891
6338
1812
947
8748
5138
1939
4527
2182
7983
5005
1025
8182
896
2807
280
7404
1139
5258
930
4805
6854
5349
4552
4849
4371
5955
949
4746
2363
8655
9391
665
1433
7035
5715
192
7049
9440
4232
3475
5695
9392
2636
3023
1888
6285
4693
2561
3879
348
3125
9830
5861
2826
9362
3583
2516
352
1463
1991
2301
8730
2646
2487
6040
9172
2914
7616
3688
5612
5959
9424
7573
5082
8414
3665
3842
9600
5460
7735
3145
9153
6128
2474
9337
4690
3395
2628
1033
2007
6923
1407
2588
4474
5447
3806
7851
2568
3687
4251
1289
2224
1465
7254
1466
6681
2221
6470
6566
3535
9331
6568
5573
463
4066
2661
4699
9334
8640
620
6802
9343
5425
968
8668
4264
9806
8745
8289
9313
682
7938
3052
1352
3792
5890
49
4497
7843
4953
5282
2963
9715
2482
6812
6459
6
9965
2355
9889
9284
9010
8553
3978
4455
3458
9360
293
1369
9565
8065
7061
9679
5237
8353
4429
9007
697
4384
5771
7944
4226
6806
9679
4189
1996
303
8619
4761
3880
5197
1205
2221
2358
2552
8596
2467
905
8668
5583
281
6752
6863
6497
7746
4240
2249
7443
6251
7038
1837
3727
6912
3846
6025
4730
7546
3484
4979
8285
3107
1758
6367
1332
8571
2750
9042
5338
1542
5211
6826
4862
6352
3691
9592
1745
7978
238
5072
665
1318
5885
9044
3093
4028
4761
6051
3504
3515
8535
5557
3525
8181
9991
4323
153
3054
8982
1719
1988
7924
1144
8495
2263
3880
5944
1122
7750
4385
7703
7641
768
8226
8209
2418
5914
2056
5386
7519
3769
5330
1315
8632
6264
8304
808
7454
905
5565
2308
9016
1063
4730
4709
3860
646
6661
9721
3610
8988
3388
2732
4548
9729
7795
6326
397
4514
149
621
3764
2441
1041
5117
7824
9258
9161
4261
1784
9637
4234
3431
8242
5581
9525
7012
9460
1532
9433
5417
6966
3010
2442
2967
1700
9607
1194
2428
6336
2046
2137
2530
2342
103
7401
6593
3102
8993
5594
2201
9651
2297
8096
8166
30
8471
4207
5023
9459
4517
2417
495
8855
4550
7112
6410
9800
9363
9359
5045
9103
3066
1243
6395
286
9724
3250
4242
2909
3230
5375
8011
144
3432
2466
9586
4390
4443
9373
3871
3846
3993
2368
7040
2870
5095
5717
7667
7401
4813
9499
9458
9379
7142
4544
3599
8603
4737
7482
3876
3654
180
7302
2899
4941
7258
8320
9448
6636
2329
9289
544
4126
9251
8454
5947
8684
1771
394
2968
9304
398
3255
5082
2060
8713
1068
855
9975
122
2227
4084
8803
3357
5703
8046
6183
8310
164
5415
210
8526
254
947
4292
6210
140
6399
1029
3235
420
7271
8313
7699
3223
2499
9625
8167
9686
4150
8798
6775
7858
5122
7842
4987
2729
4777
411
6737
3349
1806
7928
5259
3162
9230
9377
4251
5469
3
3567
9876
5104
9938
288
173
616
754
7551
9882
7614
6050
3813
3819
1305
3971
1217
8098
5384
3776
8519
3002
8722
7176
6280
5948
6329
9028
9955
5587
9607
2450
9265
8834
6367
1101
8878
3788
3332
9515
877
6450
2265
8694
2163
1064
4869
4574
7522
2809
2919
2939
5504
1319
5611
8204
6877
2561
4803
942
4716
7605
8
6470
9213
2796
3186
6812
1556
2693
6175
5183
1675
1984
4911
8674
2007
6848
5314
2780
4133
8216
1025
5470
4788
1103
4144
1704
4038
302
5672
8045
8739
9329
2518
8002
3584
7150
4712
7432
4001
9594
4660
7990
1801
7279
2106
4086
3797
6655
5776
2751
9331
403
4769
1304
1085
2190
9449
219
7198
5780
8361
8504
1226
9240
1419
1202
2376
6987
5751
6896
2156
4750
3262
9623
5684
6992
4482
1158
966
2254
7365
2030
4802
3413
1322
3702
4906
9173
7797
4345
2932
2388
3522
5310
9705
746
1906
3966
5653
672
215
5536
171
8232
6710
4681
9973
4834
9451
2192
781
4171
5307
6653
1261
7091
2921
9455
7969
7736
450
589
326
4425
345
1431
579
9940
4660
2612
1501
2797
1074
7968
9237
8153
758
6068
8541
3948
7796
126
5186
7433
4293
1003
9710
8117
2843
7298
1676
6159
7117
5992
4386
8251
4121
707
1533
1497
7793
642
9655
5768
701
9449
9900
2338
5622
2322
1352
759
8856
2220
2035
1757
2845
9458
2095
1836
573
7073
1044
8195
9405
2768
4677
8028
4878
3170
9155
9992
2376
8435
377
8255
3447
9872
259
2090
4046
5043
7742
1324
585
2414
999
9467
5153
2020
3223
2641
4522
3220
6264
2154
6860
9142
7536
815
4807
8200
704
9390
1101
1067
82
8593
273
4705
5899
4839
9946
5979
44
3960
1582
8918
2280
6633
4430
4372
5376
2546
6457
5998
8112
8159
977
8197
3215
9731
5727
1966
5197
5450
5102
3855
5851
5406
7965
3430
4557
103
7463
581
8741
5175
5706
3879
5523
994
1568
5346
2995
5038
4944
9787
6495
190
6631
3186
1825
3644
8951
7919
4583
8609
5161
1488
7076
8633
6800
2940
4770
1302
2461
658
9650
7206
4845
6839
6955
4705
2519
4928
5401
3799
2248
5835
6499
2310
1284
7552
9853
7299
8217
7253
3891
5809
4606
9770
1111
9945
1299
3056
5713
9424
8794
7607
6423
7533
3067
452
5892
2172
4551
7681
9786
1285
9221
2328
5173
8010
6792
3805
8933
1706
8241
9867
8427
1152
3886
986
3459
3995
1590
4614
8339
6625
3006
1198
1129
8139
2588
5572
1931
6993
851
4724
4392
5116
2094
6836
9590
2103
732
2782
3394
8642
330
430
5332
4676
2127
6857
3958
9679
2177
5248
1274
1024
9544
8861
7455
5026
6713
2260
1838
2180
2682
3977
5027
2695
3518
7997
7990
2523
5639
1072
6278
6209
1798
8426
6113
9667
2681
1525
7776
7501
2307
4426
1753
4635
9804
2637
3591
8661
9870
5146
5519
5057
7036
9107
9170
5658
4610
8531
6752
9912
1026
7366
8000
3519
95
3365
9720
7597
3387
8501
855
7380
5528
9856
2949
3476
3529
4389
4621
1924
4469
536
6258
8358
3241
4499
9678
8367
6879
5776
9661
4743
6190
8839
3582
4286
6607
7141
7007
4072
2793
7692
7208
5202
2569
713
5174
9084
8677
7457
4234
8686
8805
3070
5360
3644
1936
4897
2239
9477
9780
2576
1667
1977
9180
3294
8242
9960
3447
8438
1047
437
6741
3101
2314
5063
7932
4423
5510
7584
926
5084
377
2034
1238
1794
9214
185
4850
758
105
9265
5031
8580
6293
5746
7678
51
2088
6796
9931
1923
3959
6804
5723
7326
469
2432
6755
7424
6632
8048
8025
10
3045
716
1235
7252
3869
8815
272
4545
9759
3657
6834
8689
8036
3242
4465
7716
5305
4257
9459
2557
6960
3545
6260
7563
8892
8038
5019
5800
6874
7534
9229
164
226
9602
6408
955
3014
1404
3128
1411
7264
1507
4545
569
3952
2598
5393
2644
2166
3519
9444
9908
1587
7398
566
3132
7803
7278
6952
4926
4447
514
6594
6404
3725
1465
2592
8050
895
5986
7684
7494
3716
6865
2118
2718
6391
1114
5125
6856
394
449
8123
7958
9682
1111
8420
5668
5538
1798
3638
1899
197
7027
978
877
7831
8279
1013
4428
1522
3427
4580
2834
3411
4588
7175
2017
1674
4623
2940
2354
1542
8174
8044
1166
6537
4415
647
755
9997
1060
5176
7025
7502
7083
762
3812
1107
7197
7926
2324
5852
2482
3677
1876
3282
1514
141
3958
8277
6288
6616
4657
1699
2558
972
6049
1614
6669
279
7280
2474
1621
4576
2212
7862
6558
4567
5340
7659
6528
4274
5557
4377
6333
8088
7703
9531
236
699
1140
9492
3731
4943
4495
4669
6713
6240
2084
4881
8486
4563
4602
2895
4085
3878
1876
6018
683
2463
161
8082
4289
3808
8663
7524
2475
6322
2744
3625
992
5109
6406
2568
3599
2482
6832
9243
8559
7619
8002
4027
3097
8906
9779
7177
2524
624
6386
783
8521
1805
2790
1096
7781
1784
1698
3584
1231
701
9167
4115
2486
1746
7379
314
5115
4365
5387
3527
9158
543
7577
1513
542
1014
2729
4822
2371
1728
1324
8097
8990
2877
7617
6673
8512
9165
5757
2371
4024
5172
663
2959
1038
7216
2365
1559
2826
6159
6993
3675
3797
348
4740
6327
5520
6339
5493
8240
8648
4990
8541
1645
1815
8978
3261
3759
1182
5767
7215
767
2906
505
4252
2308
5879
6803
4247
4924
9735
6740
1018
7774
4604
8857
1436
4763
9760
7913
8370
9129
8635
6682
578
7365
4945
794
1364
9313
44
2230
8066
9646
2351
9716
6110
4507
4930
4575
5630
1240
8222
3993
3636
1885
1945
5881
9176
1750
7494
8662
5494
8810
8993
6399
7755
4514
1201
4256
4614
2391
2115
4212
9624
9927
1667
8422
2941
4065
8832
6761
8702
1048
4832
2191
7392
336
4319
7067
6547
5783
10000
1788
5461
1871
2780
6393
5907
4259
909
4730
5561
6479
6239
2766
5804
6671
2974
8419
1515
9921
9586
9979
111
4079
927
7223
5847
7229
7195
123
8529
9512
6138
2733
9498
5403
9032
6149
9824
5372
2468
160
1118
2502
3023
9146
1346
2773
5709
4722
4472
292
1315
2933
8596
6364
7822
1565
9687
8298
4357
9613
4772
3252
7260
1533
7005
1794
9263
6377
8690
8899
6694
5823
2255
7663
8111
4488
267
2844
5929
6533
8552
111
6554
2738
2906
7437
4221
4573
6600
8475
9668
3292
4680
1345
2843
5967
4673
3171
6511
8488
3097
4032
5680
9465
6166
1960
4199
2637
3906
5567
4060
2973
1889
2158
5029
1191
2237
8636
1750
8580
5575
3137
3800
1412
7845
2686
5147
8309
5900
3833
6843
8584
5088
4485
5711
1482
7817
5906
1565
1553
8046
9359
3971
118
9702
410
9747
5078
8878
2054
5342
5548
8771
9866
1306
7213
917
9074
9693
4607
4931
3648
5535
3082
3152
1388
7410
463
1114
692
5841
755
1568
5895
8057
7968
7897
7946
8680
5479
6246
1519
349
8214
4783
6863
7731
2816
7399
1665
9686
7722
1127
1367
6381
3368
7994
6748
9379
2106
710
8823
6233
2688
2973
1209
6162
3979
2803
5457
6564
4675
3591
8732
6143
7602
7173
569
8492
2497
5288
6519
9929
7486
6020
1973
2844
6062
6201
8607
8386
9444
7024
9276
8048
3875
6053
6546
7241
5832
1839
5712
2854
1565
7961
3617
9364
8836
7085
1503
2154
155
9740
6442
3195
6062
8072
7868
7155
7291
1041
594
1290
4814
2012
5831
7628
2150
4472
8436
1367
4112
7769
464
4652
629
5621
477
4574
343
5935
7752
2648
2806
4989
4116
1992
1186
3680
9593
3219
4504
1596
6496
7607
9315
1847
1873
2212
781
6802
4858
9627
1455
3256
1642
4198
793
3681
4655
365
3820
2223
871
3253
2604
8859
5520
9355
2248
250
4941
5617
2877
1599
90
6594
7537
494
6929
8830
3185
9681
9402
8354
2335
656
3817
1044
9233
5288
4150
4611
367
8081
7218
791
2830
8570
9475
8980
6855
4151
9676
3996
4356
951
8743
4165
8781
8340
3201
5556
5667
1548
4546
3030
8099
3208
1766
9090
9609
8446
1762
2543
776
3193
8846
7554
3275
8595
9093
780
676
9496
7696
9568
2012
8008
7879
5281
7056
466
2166
5714
8654
1617
1726
7432
3343
8240
8301
2317
4153
830
1569
2460
6824
20
7303
1662
8179
5890
9017
9790
8241
6283
8531
4262
3767
5159
8256
3410
5454
4342
207
6675
1609
7412
928
7546
102
1244
1497
7063
5022
1968
7825
1833
3518
6317
3846
5885
6403
8719
1366
4359
4351
9245
3783
24
1828
1494
8837
8435
8123
3333
3631
2898
8226
3979
9495
950
4309
7993
5203
4075
99
5293
6942
4426
3678
5056
9606
1171
9857
2016
9541
3489
4317
9512
6179
1082
7734
1668
552
3130
2620
8537
7127
9988
4481
9283
5906
468
1129
8501
8937
61
1124
7847
4818
2587
418
5902
5067
5876
2130
9809
7218
406
2485
2154
234
5465
7539
4046
3977
3897
9394
3292
5400
6751
4335
8842
3971
7116
1642
3051
7430
9369
8123
424
6288
3688
1311
5983
7649
4883
3384
5856
2146
2841
7346
8095
3292
7442
3611
2574
3234
4301
9156
5012
4199
136
2019
616
6764
9282
4429
8183
5515
4769
7211
4060
2370
6190
454
4914
8370
391
6019
2933
2097
8726
2940
6302
4679
6406
5481
1479
222
8772
1881
6259
5102
8826
2013
7843
9329
9031
4348
5937
6881
1179
200
939
8849
6365
2549
2950
4945
7180
9050
1613
2185
9744
2787
943
5115
4028
5278
3182
2346
7420
9477
4973
1746
6586
8579
9672
5074
7566
6535
120
5388
804
4328
4296
2646
6843
8192
3032
9567
4792
3477
6818
6983
4899
2306
2658
8778
6679
8030
7871
6747
2248
1392
5332
9672
5193
5286
7597
3332
3063
4156
1809
3116
5583
1687
3445
3759
5656
5010
6512
8978
3357
3841
9471
4460
156
6505
5362
513
5388
120
8564
6982
6156
3477
486
3232
5246
7210
6329
6689
116
8071
3142
5210
3301
4898
3601
3718
5498
8096
4037
1045
4523
4153
628
665
2990
1608
3005
1482
3599
7296
7479
5835
5158
2338
9675
3554
5983
8220
7106
1955
2418
6461
6865
186
7434
3593
652
187
2707
1117
1847
9725
227
6482
5738
8813
8201
4846
9021
2582
4366
9535
5523
2343
3925
6044
8947
1513
8865
5972
237
1482
4818
4008
6222
9241
6160
8942
7956
6256
8971
8528
3218
7789
7897
2336
5374
7007
9731
5315
1753
8655
9967
5897
9933
5615
9162
191
8163
3748
206
8879
4924
3597
8098
2756
7654
6176
3784
2797
7530
1322
4034
4277
1575
8919
547
9105
2156
6936
7412
1738
5246
2097
9594
1863
3073
1223
9427
5051
2700
9229
3475
1029
8199
6134
8258
1169
5040
8449
1046
7393
1527
1220
6592
204
7847
5793
3753
6372
3859
8011
3301
462
6519
1811
6541
5624
2765
472
8939
2806
3703
5086
1065
6139
2831
418
9526
4939
542
6699
5326
3499
6622
4251
8496
9348
2279
6493
2964
891
6164
7801
7088
5860
6871
5954
6340
1635
7020
7297
2760
9119
4672
9514
3936
9088
4941
2816
2535
6247
8119
5503
1257
2824
8890
7805
1331
7948
1784
1935
8267
7396
2567
1475
3052
4575
9970
8839
4359
3708
3812
9402
9205
9212
3964
8839
9173
2746
5345
4758
2121
2851
5190
9793
4718
3167
8514
7407
6807
5335
5260
3669
9858
3511
2887
9729
8678
8617
5140
2376
1851
4782
5800
4473
3042
9698
699
3465
8017
5983
8390
9252
6580
3519
6933
7482
7638
8271
8833
6251
6281
3882
3658
8455
5691
8554
3900
4600
2200
4313
7164
6190
5001
7938
7890
4546
3177
334
1290
1099
4622
7894
9025
5078
2661
8960
7906
3885
5021
1824
4190
8696
9385
2956
8695
9664
9942
5552
7228
9899
8231
9962
5880
3218
4809
1373
9664
4062
2922
9943
8320
314
2959
6382
4116
1935
1786
1432
7137
5754
8349
9153
1387
3359
9707
7431
5064
6250
4607
4321
3477
1279
7536
8948
8076
6255
7685
1272
5044
3565
4843
7119
9375
2693
6920
2738
3058
7040
7623
315
8331
7384
4974
4634
1987
4151
6429
3772
827
3679
3622
3757
1315
6658
6087
8829
9977
763
1745
771
8250
5567
4730
2782
8499
6367
5624
220
668
2630
6925
3433
6127
9099
3126
6638
6817
6310
1545
3620
3923
6299
505
7408
6089
997
8043
4085
6521
7685
84
5564
2628
4934
1257
3803
5827
6424
3472
4475
9434
7427
1616
5922
7401
7443
869
8969
5040
6015
2921
4491
6238
1400
7390
6385
8085
7175
3367
4637
4838
2759
1760
1486
3201
419
6185
8252
8621
4294
5757
792
6023
6083
5273
4483
9847
6544
6028
7601
8607
2057
8614
4149
6209
2191
5579
4786
163
1773
8867
6165
8992
3022
2595
4768
6395
683
8504
1730
2641
6346
4308
3673
1264
5369
2003
7300
6093
3414
8475
3106
1725
3561
7427
9976
7641
8961
4460
8634
3066
7824
426
4492
1859
8888
2126
4772
3556
9779
5207
8320
3892
4526
7405
9394
984
6902
2794
4357
4407
6752
9216
8264
4471
7922
9843
9735
232
3734
3268
8554
9583
7247
3238
9423
1039
4334
5741
3490
4454
7393
2864
2571
3455
4940
5817
4097
9557
4629
5455
605
6660
2510
3287
8700
2039
3538
3165
301
7948
1924
3879
6889
2712
6619
8983
931
9314
1393
761
6686
7173
3011
5036
7024
9874
421
5132
7664
3378
8873
281
2486
6801
6609
8198
2496
4741
7286
688
3552
7947
7390
8752
8734
6588
4184
5648
5151
3741
1888
1419
9196
2108
9283
4909
727
3491
1191
5565
1987
2554
4626
1497
6100
7272
670
234
8395
5754
725
8857
386
1404
4785
7725
9693
7844
5475
534
895
8589
273
8666
7992
723
8691
1773
2492
2883
5480
2256
7401
6728
738
2006
2326
2173
7076
9188
6274
757
3174
3037
4632
7525
5562
1421
4262
7191
8494
7325
8285
1262
8541
3499
3146
7952
6328
7972
3037
4705
8193
7141
3254
1544
2405
6647
1549
730
206
8248
8683
3773
2321
3923
9033
3444
7708
5144
4921
6917
5560
8889
6655
8342
5518
6922
8395
5500
3059
5731
3779
7848
2362
2304
9614
6874
9745
7168
3156
8810
7597
3534
7596
1723
8463
5238
7990
9245
8971
3343
4242
9375
542
2616
6103
5771
9450
5692
3705
5412
7908
3996
1702
7138
8946
7746
6965
3282
5783
6988
6462
2710
9394
4141
5306
6959
1378
7298
3948
8258
6201
375
5677
1005
7101
9505
838
999
7690
8386
8880
747
4110
8850
7979
6061
6382
4619
6783
1887
7299
5042
9114
4131
5046
9557
7840
9864
1583
705
8116
5709
9253
9468
4534
4889
3393
6004
420
9300
2361
4347
7372
607
72
8770
4386
166
1089
5602
4172
9628
7816
7351
3904
8606
7892
2271
7839
3874
2612
7959
2355
5619
9139
4401
8788
7163
8946
5995
7204
9170
7847
5279
8278
7457
1360
7728
242
8515
6313
3127
1659
4477
5610
3573
3201
4078
4216
6100
1989
9693
3294
8580
4978
1445
8534
5093
3521
8794
834
1293
9683
9853
1297
8777
9257
6752
8379
7633
5283
6521
831
8257
4407
5623
9533
5803
896
7725
3283
8735
3818
4690
4285
719
6299
5948
1136
3707
1353
881
2933
7322
4236
8353
4521
5481
4319
2221
9248
7143
9608
6695
1467
1541
8472
8602
490
7448
6598
333
840
6890
9732
5574
7654
2666
4906
6498
9113
6967
8161
1149
3239
7685
253
3512
8613
9925
9333
6208
7044
9696
9128
6610
6766
6027
4180
5903
6379
2313
6723
70
9693
2288
2099
65
3448
9115
5521
815
2448
2201
1068
3591
2656
8911
6847
7392
8353
3624
8627
4375
8958
2078
6479
7491
3479
4768
2539
5044
9702
5088
119
8257
2014
9978
1135
9166
6066
5839
9647
5975
8521
4967
9364
1180
581
5235
1776
4662
8309
9139
7875
9164
4589
5562
2133
5066
3750
9294
4940
7450
6853
4001
5343
3165
2482
2743
9134
1926
6199
9016
569
4282
327
4033
9091
9514
394
9405
185
662
7566
4284
6678
5022
6060
6295
7706
2446
1549
7744
4007
4552
3896
341
1805
7732
2666
6271
7788
6783
7168
7551
4092
842
9798
8253
9107
3624
3929
6278
9552
393
1771
4834
5701
7934
7414
8252
8626
9210
7101
4428
5206
341
947
7946
2776
581
8674
1802
1475
893
8428
4321
5127
5441
1473
7227
2109
7765
1773
1120
9475
6615
6188
6454
428
7364
1905
3693
2987
8904
1670
8028
8248
3433
7057
8143
3232
6375
3642
9181
4396
1389
7750
9927
7395
8280
8478
2670
8303
7459
2861
5186
1892
7090
1707
5499
1912
1726
9330
5980
9017
88
7342
4500
126
9386
4209
1726
4797
7348
2900
66
588
5765
1975
6964
8283
3843
2096
9270
2316
5178
9771
923
2205
4013
5381
1004
3782
4072
4469
284
9433
2947
6541
6223
9432
3723
4983
751
2923
8910
1171
4696
1163
2443
2627
3291
3084
214
2038
5233
9926
1297
1915
1364
2130
9663
7718
824
1254
3079
220
4980
6397
5413
4170
4346
525
2342
1585
6484
7688
5219
1938
3463
1969
3421
6401
6418
7662
4132
6307
5205
4750
8865
3212
8998
5327
4595
9341
9196
5270
840
1590
9049
6645
449
1129
638
9379
3384
7572
1195
7121
6806
5208
1201
9719
8248
4532
1118
6220
8557
4341
2890
4732
8309
3425
9345
359
4993
2803
3407
6491
6969
6752
2141
7602
1993
1106
903
5811
2212
5937
6754
6079
4880
5435
3480
7914
1371
2893
5188
6812
2040
2975
2734
179
7455
8719
7712
3948
7245
7391
6046
431
6860
9602
6666
237
1347
3006
4067
3776
9818
4513
2333
583
699
5597
453
8137
7780
9751
3727
1137
5461
3208
5194
7644
6920
6320
7120
8921
2483
9535
7314
1583
2299
3932
4107
1253
934
8954
3182
1725
5642
835
8504
7878
8055
4706
6396
6157
6768
3867
7341
8706
413
363
6970
4883
2130
7299
4397
200
3612
2395
5764
6790
586
3794
6875
5614
9322
4247
9476
7987
2421
2415
594
2580
9063
9837
752
3026
6054
1223
9395
1744
6943
8235
2051
9714
6678
1496
1995
4867
7160
3604
5056
9324
9958
8511
2679
5875
1451
9034
2694
9595
4314
6590
1424
2345
3250
4791
3191
5598
9175
6726
5673
1302
5380
6282
7497
2620
1012
8548
5799
2148
2422
9796
8297
2880
8466
5557
3116
1604
4125
5564
6159
5501
9989
2781
2152
6924
2859
1695
1410
7783
4579
7935
3417
9803
9468
8216
2713
1860
3606
6368
6479
5235
2467
3830
5662
8519
4155
5324
6628
5294
8493
4899
6065
3309
4825
2864
7674
2987
8895
4407
1099
39
6510
8879
8964
934
5567
3661
8964
5153
6841
2727
1836
66
1371
9508
9470
8083
7816
1976
2312
6062
9813
2914
2597
1998
1959
5007
8837
936
9725
9340
8192
5186
7634
1560
9271
3017
4399
7451
3591
1537
2141
4942
5422
1859
6961
772
9801
6434
7824
1042
187
8294
4224
882
654
4609
5370
437
7385
6639
237
2240
4150
8645
7029
8169
5678
7103
8654
3318
8579
3203
7738
9315
6880
2731
808
9876
1209
6813
8063
2107
8386
5311
8167
3752
6198
4213
8571
3644
2719
2073
6268
5003
8932
1236
2129
6001
2601
6721
2684
179
9972
5240
7368
5302
612
3700
1927
5882
8327
1413
1430
8241
112
9925
5764
2341
1262
7410
5744
5326
869
7650
3083
9628
9377
6417
9173
5406
8067
5899
2069
6358
916
9915
3541
5692
3823
8657
791
1469
537
7976
3109
7770
2060
6809
2500
7014
3281
8186
8115
4555
542
5056
2102
8282
8896
8220
3126
980
619
9856
1362
279
3525
8034
6439
6567
284
6070
2964
9187
6358
9864
3984
9181
9995
3638
3174
4984
5905
5096
4079
5196
1392
891
9587
7610
6673
6219
1792
1407
4333
6540
3852
1557
8111
9263
7305
5335
543
2223
9838
3318
4461
7348
6485
444
992
7776
6690
5019
1366
9017
6267
6591
5822
345
1915
7031
80
2001
1705
4430
1628
2690
858
4722
6219
1903
5604
8203
4054
8893
1860
2888
3743
2660
1310
7935
3998
7046
6412
5841
2605
4068
7729
1867
320
8581
320
8289
3565
3619
2356
9512
8865
3689
6376
7998
467
1948
1406
384
5869
9739
752
8656
9658
8268
619
6082
3550
8233
4099
4641
1878
2833
9957
2547
3972
5142
4542
6805
5384
6083
5568
8161
5694
2673
3991
7781
5664
4902
9497
4003
8824
6747
4072
1943
2169
5059
1875
7851
3723
3914
3507
4308
3643
1968
2587
5973
746
2125
1285
583
9250
7687
2724
3845
6036
4419
5689
4216
6330
275
5769
6397
2748
7793
340
8506
9454
5600
4323
2993
9746
6365
3085
6158
329
974
5591
4258
9050
4757
4803
3111
9055
8088
3397
3408
8193
3380
2420
64
1465
924
6443
3656
3343
7224
6191
8565
2508
2301
1413
7050
9739
4962
1518
9152
9819
291
8880
7633
5845
263
6220
29
5275
9146
9447
4523
2896
943
7938
9354
3229
7438
9420
7446
9543
2082
7959
6441
7106
2367
3023
5560
2588
6706
8982
7043
4616
1202
3455
6627
7447
3815
5251
3549
268
8615
4569
8731
8929
4638
1224
2743
9455
3741
6842
5985
1257
9184
8325
5350
1779
9210
2790
1365
3092
8715
600
4748
1390
7544
5019
3286
4430
1934
6042
8706
685
5132
681
5804
940
7551
9301
970
8259
7246
3959
2322
2153
1215
4860
309
9553
9237
3017
8949
3379
6653
1450
8499
947
9447
7758
6382
4190
6481
245
9407
1104
3512
6677
9901
8880
2292
7737
7180
2117
4634
2083
4277
4244
1575
1210
6655
7709
7191
5258
9673
4635
5045
9296
2965
2826
5255
9564
2970
4466
931
3442
22
4295
619
4873
6330
6591
8258
67
9166
8186
9737
6455
4681
7520
4175
9045
8520
4086
1620
530
9614
1548
9492
5434
3001
8596
3918
5506
2016
7500
6006
5616
6386
6386
1692
7115
6405
4154
8719
1977
5185
3888
2697
1694
5873
9433
6509
484
9371
4108
672
756
1452
103
6222
6175
7085
4739
1812
1857
3803
4010
8728
8575
3530
4831
3234
1141
972
8137
463
1222
5844
6230
3209
5575
934
5688
609
2059
5503
9782
1681
9676
8281
4722
298
579
3712
6521
1168
1358
9084
892
1223
9028
816
4694
5446
3350
5668
6673
5354
634
2469
3294
5298
9960
9902
3493
6933
7606
7938
9765
4245
8660
2114
1912
1786
1994
6766
6124
1111
8210
6633
2563
253
7760
1550
1984
1990
1387
9315
3785
4615
2533
3392
9882
8328
9278
416
400
5265
6096
6408
3302
1273
6492
270
9063
1283
5028
71
364
8252
294
7557
317
7319
2699
6405
3535
6726
3376
3850
8989
1682
6538
1813
5612
789
8530
8528
1376
5323
934
7024
6244
1581
3961
5359
3286
2265
2138
5308
8345
8521
8716
2208
3536
4388
8623
7203
7574
7397
8323
5281
5587
6637
5195
3240
6940
8240
9310
3687
3132
931
5021
8948
8980
37
5782
805
2838
8842
5601
4065
2450
8679
9618
9345
1201
7618
7782
3266
3485
3265
3729
9227
8320
1234
6124
8217
1690
913
4550
3695
2110
1992
1170
9182
8621
7222
8071
118
8317
2481
2319
913
1161
2489
808
8607
5985
8119
9761
1151
9611
761
9488
8181
6307
7371
4684
9489
3052
5367
8800
4014
9480
5804
2941
3519
100
6640
6514
7548
7220
5899
6388
6798
2297
3131
2957
6998
7579
6824
8889
3591
6555
3029
6639
6239
7175
8522
8057
4388
7610
449
5034
4249
9202
9447
1462
8128
6693
3060
8106
9039
2677
3830
4698
4183
2481
8677
5057
6846
4278
4747
9992
9480
6252
9411
3234
2685
8732
1678
9934
4943
5818
1035
7920
3947
4859
67
28
9482
1529
9726
5324
7534
1042
6101
2284
1419
4798
3776
5241
1161
584
7364
2376
1770
4865
2262
9326
3792
7199
3637
4606
9439
4137
9109
8705
3972
8605
7443
1934
7925
1229
7342
6746
5087
4762
5166
7707
5228
9178
2420
948
3827
60
6670
8785
4613
4046
7859
7026
6554
1593
401
7554
1600
5844
1713
5878
1486
1166
5303
8462
469
6307
8889
7435
6751
9711
8153
3730
5180
6405
5006
9994
3241
7624
6883
9315
5326
4274
4123
9162
4338
7607
5358
5053
4143
9888
5506
8666
4616
9497
165
8734
548
958
2881
7113
7922
6472
1122
900
1729
7015
3196
5074
144
7433
5417
4335
8586
4636
3199
6041
6784
8475
934
3283
3113
1516
8073
5364
871
9587
976
5158
2801
7591
4766
5878
559
7405
7931
3124
9166
9451
8862
3122
128
3502
624
8204
3461
9948
63
5354
3798
8390
6998
8592
8419
8476
3004
3928
774
5693
2637
3156
3796
5347
1860
7156
4785
3400
2364
342
6653
7631
2567
8602
9178
9599
1167
487
3576
8815
280
7457
4602
8342
1256
9307
3591
1274
3038
1770
5190
5814
2195
6986
4549
5987
4352
1835
3798
1052
3309
4051
3974
6230
9864
8316
1991
785
2635
9001
9216
8480
3742
9637
8666
6098
7411
3691
4435
1559
3363
1407
3098
9874
2769
7930
2113
3281
9913
5534
6511
6462
9112
2806
3742
4469
7593
7833
9538
2240
5052
5128
1884
594
8379
5284
9332
3017
1735
4724
3610
840
1756
6515
5821
3796
1399
2040
5476
238
2698
5563
3422
4147
2089
911
4557
8021
5958
5138
3866
2793
4758
8785
5202
6120
8057
2746
2213
1309
1109
2532
3551
7823
5408
2111
2590
7369
4496
6865
4909
3571
3910
7027
3167
291
5080
7478
5986
1555
2917
4650
9837
8586
9368
6053
4752
6172
2525
7533
2344
3284
2829
7100
1536
317
2054
4124
2252
6533
8651
9978
9100
2924
7695
2825
5153
2741
9789
5303
1400
4164
1177
9567
9789
4042
2532
4633
3047
884
6187
4960
3884
3928
7947
7141
1982
5279
1352
4922
4302
4390
9664
81
1681
8461
4060
7832
8997
5881
6392
623
7802
3860
9478
8713
15
8129
9868
4059
1620
1676
3222
9843
9883
1454
9221
4307
3783
3243
3952
9264
2939
5977
8881
6907
3244
3863
3646
6650
9753
1447
9820
6853
2502
7738
3871
275
102
9916
9387
2992
6049
4273
1481
1215
7857
9830
8878
4428
1501
5026
8038
3840
1794
7408
5
6147
8855
168
6297
5713
6586
876
4834
8703
7653
5028
8000
136
4256
9510
9985
9611
652
2837
101
127
8427
8240
911
6901
8322
9465
1743
3927
8538
3104
2957
1393
1764
6283
2009
7600
1250
1102
4101
5235
4886
3480
6033
7853
736
1598
5697
3049
9751
4207
8138
1246
9416
8845
9910
1211
2388
8199
1523
5905
1833
4555
1162
9783
631
2340
4064
1362
9884
2710
721
3537
8618
3895
1512
4955
8802
9749
9518
9474
8055
9142
5542
5794
8394
9443
7469
3085
271
7604
9796
6683
3050
7745
5438
5216
7955
9273
1108
7140
8631
5514
836
4277
3631
536
9577
9645
3306
8633
3623
1355
7312
3734
8503
5333
2988
4501
3095
6883
1471
2669
2577
3363
118
6192
1702
8712
8209
8096
9335
1939
344
7136
8871
1822
5957
4727
4258
2367
3742
2708
2402
2730
5800
97
2915
6482
413
9669
5806
2764
1212
3364
1285
7446
1503
9558
3368
7690
4930
627
3758
9966
5242
9572
9505
3225
4036
5908
8713
245
1216
6568
4813
3496
5144
7527
71
8687
9860
9644
8206
2738
8249
8484
7452
6446
7713
8768
4054
8764
2822
7904
2202
546
7154
7636
5538
1576
9184
6878
1347
5234
3365
2970
9426
1128
1702
5528
4876
8111
2186
6015
2572
3238
3406
6273
8794
5414
4025
6437
4284
5074
1949
1432
8261
3828
8577
6733
778
3067
2186
2138
5639
6346
1337
8643
5492
4780
7848
3764
8382
9090
4997
8458
1121
298
6227
8972
9771
4531
6123
9767
1038
559
5766
7887
312
4160
3135
8968
7886
3092
5705
7994
4481
1259
7183
2258
4958
6872
8243
1945
7737
5644
2369
6333
7602
3943
4889
8551
6841
8821
7094
3904
2567
7305
4897
7075
779
2902
9074
4003
9113
7334
2944
9825
6164
3557
5925
484
8175
6113
3431
7668
9501
7732
6186
5482
6404
3966
4214
241
4141
1083
6632
5302
6165
6193
67
724
1196
3043
960
4364
81
6498
2968
2146
3539
4099
1788
5458
3030
7219
8094
4380
7196
4505
8479
9957
6233
8722
5011
8306
9228
7407
7265
6731
884
9499
4209
6429
3737
597
8898
1507
8987
4245
66
3541
8729
2536
1048
4272
6443
9144
4399
8252
2884
7097
7646
9057
7919
8635
9087
8079
2277
3037
6141
7790
2537
4826
6953
6553
8702
6666
7000
1727
2093
4412
4647
2284
2514
3907
3222
2570
2172
6279
3043
2798
8048
7647
5661
8343
7086
4054
6560
7251
3665
8748
5592
7611
4571
3716
3881
6549
381
6325
2407
974
4247
8587
9696
9137
8871
779
5855
1507
4683
6228
3043
9634
5842
8704
4073
5573
9419
5766
737
4579
6780
5501
119
4137
3046
887
6728
9244
1906
878
1079
55
4011
8649
1874
1705
5124
2558
6466
3597
6389
998
5885
7915
9873
9403
3938
3177
9628
6378
5809
7602
6017
8839
5981
87
7896
3767
736
8256
7873
6520
1524
4996
4896
7170
8882
2352
5642
6028
8830
2755
8705
9622
6508
4500
2712
2476
503
1674
3111
3281
1006
6264
2409
9159
3083
4723
1025
1718
2052
6241
7010
1504
6943
1680
9011
4510
8213
7003
5810
5945
3480
5902
289
3417
1406
8968
3781
5918
488
3401
3309
7006
6538
2570
1308
2911
8000
6875
917
6352
5028
6494
8419
1466
7763
1516
9485
6433
6224
9319
826
1866
7985
6889
1381
3337
2718
3463
7665
1136
9444
9943
5485
3945
1205
4804
4723
9049
4308
6347
4952
432
9717
3251
6435
9285
1472
5640
1427
3188
4822
4982
8186
66
5519
4525
98
2781
6411
9377
2317
5633
1674
8558
9939
4128
6455
6242
8625
2017
8613
9010
7595
6229
8083
63
9491
3595
2324
7637
961
3392
4077
755
5618
6034
4719
8459
7629
4474
1797
9415
5612
7299
3162
2358
3064
8456
7003
6554
7746
3793
7768
4819
5045
953
7676
2109
7712
4166
6326
5647
2645
5665
9849
3747
7192
285
5314
2188
1492
412
8037
5890
2374
4561
5938
9057
7353
3877
7228
5522
8774
5645
9150
7298
225
4070
6968
5070
5303
8163
454
7306
293
3753
9640
1217
1124
407
8972
423
7589
4572
8295
1274
8699
3192
9494
5085
3648
6572
7922
6132
3813
2693
4041
3893
4351
4036
8032
3569
6906
9647
6597
5900
1162
782
7444
166
786
5327
6907
1315
8395
1408
4236
4415
7501
4486
2687
5022
2553
5710
5935
1885
4990
9010
7045
8881
5893
9750
1143
7275
7545
7259
6359
5936
4760
1230
9567
3651
6215
3023
9222
9322
5662
3135
6768
2926
8565
983
6003
9389
3545
8685
5020
282
8220
2032
4980
7530
8118
229
6039
1386
2174
5155
7808
6917
2022
2399
5264
2853
8542
1633
1221
1558
9800
6859
1238
1437
6638
8785
9581
9984
8969
2923
6768
7685
1589
9039
4483
9185
8156
9083
1992
9018
190
445
6530
6902
3817
5154
1155
403
2
9865
6235
2709
9978
5068
8389
9479
3111
7832
1989
7209
3403
4075
3232
4474
9414
7301
1207
1689
3269
4826
925
1909
1708
148
9628
9933
2797
5066
2721
2965
2811
3581
3738
340
9615
537
4212
2958
5867
9424
6598
8941
8084
4931
9632
1543
3703
2267
8223
3824
4300
963
9623
2332
9625
483
6332
7579
8936
5061
6492
8135
1048
8843
2407
3375
6582
1783
1264
1358
1385
1577
4347
5602
1852
7839
5578
2205
2565
4596
52
8147
2013
169
417
4539
8138
3978
1503
6666
8795
9976
4661
4717
8544
6314
6536
8616
1521
8275
3291
7255
4237
6490
6150
5333
3485
1887
7403
5727
3016
2335
7201
7103
3332
188
1118
2015
1325
4422
8448
3397
7895
8159
9912
8449
2106
8942
358
953
7856
7212
2865
8686
3485
9113
9983
9366
10000
6248
91
3459
2277
2893
8718
5148
7366
4610
6752
5487
9007
9708
2576
3433
5600
625
5623
1105
4265
2198
4057
8186
7740
4952
6158
8154
7004
7595
5719
6489
7378
9743
9373
2948
9907
8807
6136
913
2325
2301
6453
8856
7264
2914
5404
6758
3487
6908
6000
243
1096
2817
587
2345
4257
9525
3877
1633
3039
6068
5809
8597
2094
5859
6012
9545
6527
5334
992
5686
5677
3103
6620
3480
4545
954
6589
7826
5110
9122
6954
6188
5857
9258
7340
5674
8935
4811
9960
5679
4475
3259
695
8890
7381
6637
9459
7948
8129
4313
1243
191
4924
5515
3458
3594
1091
8900
2167
277
8240
2247
3490
3878
8968
8781
246
3847
3541
818
6851
8334
6831
8032
5361
3210
8858
6250
8268
6683
296
8258
378
1587
1569
5566
2637
4236
670
625
2076
7037
2583
6519
7707
4289
4673
1513
9184
7684
7757
1423
8735
9893
2895
9577
9994
7601
2671
9852
6674
199
3587
3879
2510
1418
3528
9125
9629
585
8034
5794
2294
1314
2124
4520
6412
6948
8317
6499
2010
6138
5119
5307
97
9798
4174
8588
8178
9835
9949
5331
6680
3690
9076
9347
9899
5438
3280
3448
3711
8053
8327
619
5755
8023
8197
9618
7689
4647
1508
6035
9426
8907
3570
8218
1917
6383
150
4290
7064
6512
8721
6130
9177
8745
8689
6111
5758
2755
9127
7558
5991
1700
9793
6947
7476
766
7169
1867
2365
7330
3428
7465
1737
2517
7635
4359
6296
2364
7044
3347
2615
5969
8777
7218
1180
3609
6798
9337
8778
2953
7259
2710
9019
2152
152
5072
9525
7573
9920
5617
8151
9763
3233
8375
5032
9617
3486
8537
4918
6628
1971
3346
5490
2659
797
4661
9562
8846
5005
6370
8431
7792
299
8957
1474
388
9961
5885
2864
6933
5175
4295
5694
7920
6146
9945
5415
309
7996
9623
3854
4444
9213
9433
5383
8830
2776
6637
4976
6578
616
4980
4629
8597
4860
4628
2388
813
9679
1420
4506
3056
2455
4820
1839
5408
2186
9540
234
4178
5751
7798
1468
8837
9319
4016
9655
8487
4525
9972
7652
2215
2929
5311
1703
508
4875
8654
9249
6697
7421
9648
801
1409
1804
4927
659
2169
954
8753
8277
6975
2564
9734
9289
8109
8959
2763
537
4640
3907
4682
982
5795
4135
603
7131
2041
4709
7570
1739
5146
38
5824
4675
1563
9545
9891
8548
860
6776
1017
590
9746
3845
3460
406
1945
2850
6185
2660
520
9360
5962
4634
6862
1955
5933
446
3530
868
5571
1724
697
6313
6316
3500
10000
9717
1334
1370
1033
5394
9547
5584
6258
7308
9420
7581
8245
7926
3131
8301
1529
4171
4677
926
1162
1079
8924
8552
1084
4198
5429
4217
8268
3609
2888
5626
2732
7767
8506
848
9264
5375
8351
557
853
7534
6785
4023
4093
5652
3513
1920
6537
4470
4962
9042
9405
837
8050
2871
6792
4919
1740
3443
1617
5888
3130
1693
194
6512
4240
4469
7531
6050
1147
7502
7150
8551
9040
7545
8150
6410
2836
8653
5015
5632
5617
4722
2508
7624
5474
3082
7283
1136
6447
2862
1891
2705
2386
4955
7373
3958
6423
2460
8663
2012
5587
1741
6128
8646
9206
3698
1672
8465
3241
3251
8502
210
8001
4174
1235
4087
3205
8098
2745
7796
6993
7559
6786
7501
1236
361
4205
8479
4423
3299
8549
9132
9303
52
7875
3858
4099
5262
476
2200
6350
4508
2320
5742
2572
4250
4273
1567
6561
2062
8484
3906
5537
903
4741
8249
8605
2652
5290
2620
3531
9970
9967
2012
8274
2409
5447
81
3515
1658
9788
3364
7297
6452
3818
9473
3803
6915
8934
8608
6546
8004
7265
6990
2895
8968
2463
7776
8860
9377
341
4939
6221
2801
1586
21
8864
531
1813
8805
8324
2850
2486
5079
8153
142
1812
8061
7384
907
5578
325
3814
8949
6083
5295
1804
4833
4450
3751
3026
129
3485
5848
1043
3849
9042
9348
8421
3557
4574
4413
3525
6427
9357
9557
6638
648
4196
7887
3194
2742
2055
4673
4938
3886
4042
9732
6296
4284
2765
6495
3517
5750
8526
5047
2895
4507
2061
9302
3364
3163
1389
1392
9379
198
5541
9579
4179
6077
8943
4110
357
8965
934
119
9164
9159
801
2311
640
3947
4222
7558
5034
1655
3568
1098
4713
1623
783
2324
3938
3303
3277
1180
9474
6679
2955
3668
5903
829
6269
3963
9586
2639
3048
5364
8684
142
4979
9126
2818
5133
7349
7919
5417
241
8136
7938
2305
2335
402
5226
9331
6378
6993
3262
4172
6050
1209
4346
5463
9354
3946
6920
8389
7827
2746
3363
8808
3603
3641
6436
2195
2487
1222
1121
827
9077
8948
7352
5933
78
3421
6128
4767
1057
4103
7512
6763
2498
8402
7468
8327
5526
6042
9948
8291
4592
4341
4401
3829
5024
152
4380
8099
142
1369
2623
2728
913
9343
7603
3272
1486
9895
8295
524
9772
2788
609
6159
8029
228
5681
6884
5582
8581
6001
6368
8127
6035
8620
3272
10
9072
3231
1094
752
919
2669
8274
6762
2882
9440
8620
1829
5421
6792
1583
4735
4202
260
5498
6267
1720
714
1822
4634
1799
4140
306
39
1388
9360
7323
3979
7084
3591
9415
8098
4981
6031
3166
5694
698
3192
2012
3452
6768
5516
6696
514
3662
9281
787
3981
5383
178
3580
9275
3774
5034
4733
5346
1449
3364
129
3506
6319
6863
9616
9941
6812
1806
765
8026
1664
3346
4846
4217
3044
8058
2606
5459
6373
2799
9321
6732
2178
7559
2105
5606
9693
7034
1499
7195
8618
1761
7868
8075
6846
7806
2823
5376
7817
50
4219
8846
9772
8346
2307
6976
2600
3302
4145
1441
1236
6348
4550
1042
6779
5833
940
2611
799
4150
8519
8377
2500
1057
1364
8831
300
5039
3623
7858
9273
9348
3188
9624
6498
8792
914
1269
5685
5910
4538
8572
8989
4134
1101
8407
3045
7722
310
4245
8864
9589
1210
6216
7569
4144
6555
3560
7815
1461
8774
2692
3889
4944
3153
3293
843
9285
6761
1859
2607
8295
3921
4271
6624
1163
8299
3426
9392
7198
7429
3401
2484
7153
4495
634
85
524
3124
5961
1633
6776
9782
9358
3062
2135
4759
2610
5057
4778
1310
9529
7784
9966
5552
712
2010
7237
1306
5352
6673
3991
2186
5095
1584
6548
2687
93
1674
5544
7048
6681
652
4834
2856
5811
7364
9490
1380
3020
5399
7243
9917
3572
7742
9248
5133
8655
1813
8321
6958
717
1993
5656
8706
3788
8962
3040
8528
9940
714
2238
5277
8505
9131
4028
8298
8745
4801
8471
5619
7775
4034
7356
4904
3538
4409
6030
3370
9191
9215
2426
927
9195
4165
2928
4073
9948
278
6930
5454
7956
5752
6494
4485
4711
2080
2257
5497
2463
8282
4607
749
4590
6020
902
4797
4976
2977
8354
1265
6084
8055
4675
9339
9192
601
2060
7380
720
8157
792
1797
7138
7042
2818
4210
1079
7264
5400
6067
4747
838
2327
5428
5187
1364
4504
8071
4220
7864
1153
8865
6393
1252
5594
8899
3031
9812
6608
8625
9779
2937
637
6444
3037
6822
3488
6730
3243
8372
6259
5962
26
8666
2807
2804
9090
9265
8261
4326
5584
4266
4343
5445
5945
2291
4848
2457
2510
787
3906
7694
3715
7866
6453
1363
2173
2004
6611
8478
218
632
924
3829
7368
100
50
7714
5267
9935
6050
4088
3974
5673
1894
4310
8195
3749
5535
6361
2185
2578
6547
8075
1
8654
8970
5285
9187
7593
8319
4351
6061
1572
8472
430
9587
8225
7302
9880
2977
7216
4181
4726
5767
8557
8439
5809
3307
4305
6468
1844
7574
3244
2490
1613
993
8446
6038
4551
2817
5113
7491
598
3921
2337
8333
686
1512
9830
643
3873
7500
2126
1538
8387
9507
9815
3866
1708
6065
5379
8464
5755
9520
2586
8247
92
8204
9974
3956
4705
1294
8553
4525
9499
6248
9991
5657
7896
7105
4106
1449
8593
7170
549
2502
7486
9612
7921
3811
9133
5301
5533
3865
7098
1329
7382
4062
5069
9080
2166
7881
6611
3813
6217
7597
7263
3901
7965
9890
39
6838
8724
3676
7596
6908
3555
9093
1537
8786
8305
850
7775
3674
1094
2929
340
6864
9445
3105
9308
3756
2153
8161
8458
1567
4291
8580
6704
7345
4947
9055
2949
1742
5393
7521
6684
6776
2422
5152
1875
3218
5784
7907
7834
5643
4577
7381
4260
4218
4718
4454
1367
9282
8079
5621
8132
9225
1011
9736
256
885
4495
174
8826
9295
8937
4484
3543
9843
6325
5310
3862
724
4261
9545
7648
1561
4882
1394
8662
3899
7605
4404
3948
8455
2423
368
4723
436
5148
7313
1397
4921
9035
4353
3352
6549
7225
1779
4543
6123
6443
3057
2219
4937
8511
5840
13
7130
4526
1911
7144
8714
2280
751
955
6072
9999
9789
5494
1179
3137
711
5198
250
3570
1170
6641
6468
4563
612
5244
160
3608
2646
7682
6867
8287
4820
8404
84
7278
876
8593
8004
6643
2565
2086
8181
3883
5793
7660
1121
8907
1220
6567
9681
1275
505
4153
8147
5904
1658
5772
6695
9288
7671
8351
5926
9328
5917
6062
6898
4805
6627
7750
5823
537
6069
8367
4598
4565
934
2224
542
8923
5542
9565
5269
1104
8798
5792
6233
3480
4163
7010
5314
9345
7715
3675
6686
4132
165
2008
1649
3046
6396
6832
8092
6820
8113
4861
2425
2413
5776
6120
1082
3695
2483
3273
6579
8171
4750
9581
1476
1690
7559
1204
2787
1091
4434
3489
662
9393
5601
7228
1536
1609
860
5648
9512
7898
2575
6303
1401
2462
6386
7218
1888
8751
5920
7285
4792
7915
8248
2069
7395
9390
5818
4791
9843
6179
9262
9224
5655
8426
8639
4692
4661
8331
586
6553
10
4532
3925
3452
3566
2168
3785
4239
6529
4418
4807
8470
6514
2455
7286
5094
8814
2767
6419
4223
6441
1135
3871
9913
2415
6821
1449
3529
6314
6600
7718
4774
2511
3915
1956
6887
511
3119
4694
6186
562
7805
7946
3586
7534
1116
8123
2441
4305
5217
8521
9950
6879
4843
5836
3524
8774
7007
3420
4998
7953
37
7777
609
5337
1159
4413
6462
7884
4813
2244
2022
5758
126
5199
4618
3558
800
9938
9567
7575
7946
3623
7183
8112
1765
5630
6787
4456
1544
555
1715
3192
5655
2909
6530
9620
4396
1826
3733
3682
3557
8247
3721
7854
4195
6283
7220
8913
2640
5996
8240
2832
3296
1903
722
7033
3111
4170
8215
3213
7808
6274
4310
6077
609
1913
1359
9751
7643
823
7253
4097
7517
2708
2352
2375
5536
1113
3887
5595
7675
604
4882
3067
5526
1488
1337
2115
1667
4088
2502
6527
8523
4966
412
2687
8784
2460
8832
4741
6398
5258
5239
1832
9882
2679
7185
3144
2399
6398
9820
2172
5328
3935
2534
9068
8769
6110
3769
573
1558
9985
9992
6688
1617
3470
30
545
3133
7818
1773
2085
5186
117
260
1747
7860
2
6557
3796
100
9260
9564
3340
8068
9403
2056
1000
5534
8304
6155
5847
5994
9727
2478
2526
3532
2861
2794
4610
4516
1584
7757
3089
8220
5113
3906
3719
8492
4312
3990
9362
4977
5331
3175
7001
8703
4622
6811
4755
3502
2141
2556
6268
3754
2451
9576
7361
7248
4915
2522
5200
577
6486
7875
3299
7919
9718
3656
1244
8839
6829
9300
8105
3852
8870
9672
5297
4805
1840
5137
68
1491
5707
8473
7125
2610
3300
3920
9926
1593
1704
3603
2849
9465
2012
4904
5750
3034
1956
8634
9927
7914
2207
9992
5524
9658
2363
9081
9227
5869
8009
8550
2645
7340
7831
5177
211
9042
6075
6902
912
2662
2957
371
5858
4198
6750
3553
2733
6435
8012
9342
5577
2774
5952
411
4603
9183
6932
4560
1831
4498
2528
6109
3293
9700
1954
5883
793
4142
8243
6337
9763
7201
6908
7053
7125
12
8225
4658
7600
132
5448
2869
2348
1095
8133
6790
8180
2969
1138
9895
4375
7107
7668
2597
3337
3569
8887
1058
8679
2689
407
5874
7575
9516
2133
9076
1253
3822
7152
2424
8299
6713
4888
1260
7823
5243
5245
5126
3651
5403
8141
257
4396
5736
3351
3612
2881
9301
6556
8824
9968
6751
7186
7840
9362
2739
8979
336
8705
3234
6903
6235
5002
2526
7753
1590
6450
1322
2074
2599
8163
6883
5505
4724
1531
616
6986
4390
5296
90
7725
5076
8991
4241
6476
3254
7190
6395
7754
2337
8253
7849
6324
3951
3682
5806
2790
5789
6924
8339
2915
969
9103
5042
3815
3972
8928
8851
7379
9935
9190
1991
8156
7222
9640
451
935
7370
4866
1988
7479
5794
364
4749
8454
1373
8829
4960
7742
3582
4656
6968
6394
4058
2151
3419
600
8475
5345
9882
6981
9056
189
7644
512
597
4805
3290
3275
3342
6423
4261
3125
9579
472
7987
6459
7099
133
5013
8809
3032
3706
263
5433
6310
4708
4563
8392
1791
3996
638
6226
6905
6914
5722
395
1620
9369
3757
6094
9134
5424
809
7340
7021
8569
2284
9188
2596
5242
1688
6075
6833
1702
2600
6159
9103
1800
3228
1966
5666
8726
4300
8776
5336
1890
4978
7180
9221
1669
5280
1503
3071
5554
7453
8954
3481
1166
9562
9317
162
5059
8796
5844
518
4874
7646
9466
6231
5056
9675
5454
9613
6424
2362
4433
4148
5492
6422
7531
9724
8064
9994
1130
9386
4808
4836
6314
3970
6085
170
569
2379
6661
8517
2284
5901
4392
9605
5915
7823
9934
9979
2220
5233
8875
1680
8750
3080
2285
9763
3094
2555
5093
5698
7975
3104
631
6339
3573
3666
9595
5838
1502
435
2846
5818
83
5505
4882
1477
1967
6934
2874
8260
12
8834
9217
3741
2979
4127
3281
9842
2444
6213
8308
475
8447
6389
984
6539
929
1622
1445
6414
316
8886
8902
9349
5684
7079
2040
163
237
9126
9024
7091
7421
6638
339
4621
2605
7417
9781
1230
6190
9100
7203
4865
3192
7197
6453
4750
7954
3970
6761
2896
8095
8035
510
4294
8454
961
2758
7352
1682
3797
2087
1417
5625
9867
8289
7165
303
282
640
7249
2838
5936
6812
8366
150
7557
5056
651
8887
9433
2384
2963
4043
9031
8441
2526
8994
3173
754
4876
1053
2284
8401
3748
7200
6449
3967
399
6101
8861
9856
4882
8209
585
7370
7357
3310
8437
2536
3718
6697
4174
5969
8629
4005
1137
458
2676
5487
2868
2912
8810
4244
7764
6925
8391
3575
4817
8585
6528
1564
635
8546
6786
1001
3094
627
3462
4518
84
7985
2054
6385
8229
3286
1088
5031
607
6618
8315
8613
2457
494
506
3049
7667
3298
6518
1702
3534
9155
1244
6186
2426
8166
2205
2433
4263
9165
9872
513
9355
2732
1873
2302
3313
7030
4541
3104
7853
7200
4870
2177
6816
7171
2218
7932
7570
6430
655
9127
5855
8172
5298
4737
7612
5631
6044
963
7192
6536
3755
1646
4876
1979
820
4907
8275
3844
8242
1400
1899
2294
879
1391
1614
2272
2890
4684
1609
9967
6935
6722
1990
9563
5486
3322
2884
6434
5208
7897
5362
1459
306
1865
7554
3938
5068
3353
7768
8122
3184
7772
9231
9384
3299
7960
9891
3385
4608
6467
2410
5794
4284
1529
1670
539
9123
2303
1823
7333
7127
4942
6959
8579
1924
9004
9616
4124
9168
7917
10000
8480
2564
3426
860
9514
5280
5214
882
4331
538
3196
1622
7639
3606
4366
4185
5125
4309
352
7924
8320
4187
9485
1968
4130
3738
7763
6028
1819
551
7857
5892
7689
8737
2509
6909
2641
4369
3360
5389
7581
3755
6766
3326
5528
2872
9481
783
1510
5278
1422
9857
8597
8789
4496
2066
6886
915
4385
3108
3810
825
8490
6357
6882
4525
3147
4147
1033
6888
7798
9490
3493
3587
6879
2118
1780
6531
7250
598
3560
7112
5438
2806
3346
9960
9136
5804
6302
1836
7445
5394
5656
9631
6048
1791
6590
8009
3185
698
4953
8497
294
8704
9019
6764
1604
6340
7550
178
3248
4470
9869
9114
6064
8874
1700
9755
8182
9836
472
4144
4510
8806
7650
1078
9757
9347
4945
6815
1377
7626
9771
9229
1197
1626
1407
7678
4095
6060
6132
6672
78
1517
5129
1291
5794
7186
5194
3177
2519
5101
7595
4649
4072
3662
441
7169
7268
224
1830
456
391
9371
1263
5927
1325
5328
2534
4240
9780
8543
4962
1213
1720
8276
525
7446
323
5968
7967
3331
3108
1492
9800
7638
8681
3766
2775
7836
9184
8476
8448
7440
115
3053
8117
8747
1012
415
6015
8582
7511
9384
7595
7870
2129
9598
3402
8463
9162
8168
377
9739
358
2077
4012
4680
1690
6847
3351
9009
5500
9875
3627
3764
7059
3866
9520
2505
5564
509
4564
9909
7422
2082
7610
5399
6824
8046
1821
1428
1219
7404
3509
3461
9539
1152
8295
4959
2540
2024
6730
365
7166
8852
3193
9570
8265
2269
1143
8075
8529
4630
2598
3193
5759
4981
1399
2627
6450
6677
4281
3835
8865
3519
4969
7571
7422
9837
8742
3767
3157
4696
1573
1478
1229
9022
290
8488
9365
6404
1263
1005
9485
8841
6287
8160
8552
4077
9914
1841
5434
4919
8902
650
6763
2983
6481
5377
593
4063
4653
6054
2223
2487
786
8232
5690
9142
2123
2889
3873
5362
8936
8145
2194
1818
7218
8003
1316
8002
8405
4667
6133
9805
5129
9231
2644
9739
7631
9445
9829
2496
3951
4252
8917
5061
901
2311
8112
7556
222
2045
2324
5482
3010
6353
7025
3364
1240
629
6194
1220
421
1175
5043
3138
6330
4743
266
7994
8464
9603
3636
8902
1351
7538
1869
4290
2115
7700
4250
5969
5988
1415
4001
9883
5732
1001
3681
613
1234
8967
3141
1646
3424
2067
73
9439
6914
8421
547
5804
2802
7684
9776
9465
3828
3473
3348
8576
4153
183
8092
759
2493
8180
2378
8052
3153
6897
7529
1664
6873
9820
6812
5674
6517
9900
6881
7040
7044
2950
2560
4753
1238
743
6189
7199
2673
3072
8216
7868
76
2480
2817
2828
3333
7464
4509
5804
4397
2684
4451
7825
336
8167
7588
2631
8072
2814
3902
8616
7043
7989
9121
5604
4110
7402
7830
6549
2278
7658
3001
5221
2556
1127
2658
8295
9186
7751
4634
8856
1576
4888
3210
6886
1920
3154
4307
3829
7363
6915
830
6616
9157
4610
219
8896
261
9310
4404
8570
6201
7736
4683
4048
3483
8827
8331
1998
8197
6601
1897
9170
3170
863
8412
5111
4056
3855
561
9980
2123
7869
6373
2618
1523
3189
7647
1668
1218
9671
3970
1780
2237
5127
2234
6792
6816
8860
5277
4461
1444
613
2218
7975
4691
7023
129
2813
1583
8892
8226
9808
4612
3724
6412
7267
3866
7147
8927
3454
750
3228
3744
5468
8485
5902
2588
153
1633
3163
9328
9314
1086
7792
1251
8828
397
7521
4031
9320
2422
5966
7021
112
6848
8418
1741
940
5152
9047
660
9274
2734
9321
3253
8009
7988
5229
4133
9084
1043
2571
5802
9994
8089
3996
838
2600
1074
7864
6854
4143
2099
3895
614
597
5791
409
9822
1732
3390
4988
4645
8189
9889
8291
4578
2972
1493
2117
9408
4541
1912
4974
6225
7937
2887
9880
9153
8900
4022
1018
5096
251
7038
8968
1369
6625
5467
7063
332
5697
5969
8865
8258
9350
5945
3598
954
4358
5258
380
9525
8744
9097
6974
3023
6406
2130
7442
9397
4753
1235
8262
4887
8512
6322
6822
1283
8522
2883
6238
6320
6019
2959
6503
6920
9886
45
4543
1734
5265
7781
7584
1411
3869
1091
5933
6830
914
6653
6197
3974
9017
4993
3772
5126
1784
8147
4422
792
8976
9106
5449
4880
8077
9314
7930
140
9184
7050
9851
9798
3611
287
8752
6258
9110
6285
7039
8234
8711
7736
9256
1962
4627
8541
2595
7627
2585
4150
2727
3296
2355
7298
307
4032
4030
1072
1789
9883
5818
1824
7434
6707
6641
1130
5928
3059
5996
3214
4318
3384
6215
3034
19
4822
4831
5884
8482
1518
9956
589
8605
5911
3591
471
2177
8258
5416
2941
2452
7342
6123
225
8857
2340
8851
2791
396
2169
4792
4929
1997
7628
3207
7910
2945
1032
4880
1308
6620
7876
1456
665
5276
2853
8830
6810
1295
1705
8134
9184
7115
2650
5361
4963
6394
3174
757
1907
5425
1993
9523
8310
7580
179
3628
218
688
2231
885
7389
4204
4511
6893
3424
3232
8110
7302
2780
5148
5149
3167
2802
2546
1387
7428
6013
5575
3131
6428
8504
1639
6202
8319
9007
7313
6317
7506
3727
3952
7456
6798
8625
4666
3523
6289
5947
9462
9042
7118
8867
2190
3653
9520
7005
3550
7992
3374
1074
7270
198
3148
725
1222
4488
1752
4610
1316
7901
8918
6778
1703
1609
2168
2380
3311
1926
711
6112
9427
7489
3396
8311
6283
3425
979
4904
6314
7409
7699
1449
897
9123
927
193
5726
28
6080
2124
9288
2878
9165
5790
1255
1262
7600
3923
8359
3706
503
1541
5502
9257
9151
834
2141
4278
5540
3170
5299
7229
5012
5752
4288
8610
1113
5039
7527
2787
6503
5170
3069
7504
9740
5832
4072
5287
9207
9836
8415
8929
5158
2563
9664
2861
3248
6775
877
845
6267
4474
909
2366
6537
7804
6523
6541
2854
2819
3336
685
5564
2499
3242
5433
1818
4483
8683
1728
7671
2929
8663
7264
2880
630
6926
4754
3874
9230
2860
6168
3028
856
378
7639
1642
9101
3836
9076
500
2176
9957
1900
8761
37
3701
8381
6801
4786
7565
6222
3057
1012
7435
6063
8170
7977
5498
4917
2214
192
8678
2939
5648
3470
8371
3528
2392
6464
2026
136
6153
4138
5202
699
7152
6594
8561
969
9150
1064
2221
4910
5524
1392
7571
9227
9619
3516
3717
7213
9626
9751
9212
9968
5695
2834
4113
2415
580
5832
2930
5461
5608
4810
2377
4330
8801
1602
9984
4719
3347
5012
6073
7827
6699
2045
3362
1560
7502
3885
5689
7873
4684
7723
7214
528
8854
4851
6651
7555
5906
7355
5738
2235
635
6452
2146
856
9968
9921
3021
6329
7922
5608
6861
4618
535
4428
3190
2725
2336
8149
9058
8004
6020
9737
9134
1126
9507
2310
3359
5750
8754
6114
5248
1913
5818
6595
8226
7639
2271
126
8864
712
2803
2424
9471
5038
6169
7532
7463
7355
4739
7356
3301
6900
1607
2001
9306
1343
6816
2432
473
9694
5893
5412
2153
5851
7963
3355
1744
4773
4311
3865
6088
9321
3879
540
8337
794
5040
6974
8828
9926
938
5945
7253
2930
8381
22
6416
9772
2167
6777
2421
8713
3066
6849
4004
3986
3547
7457
5889
3463
3376
4341
9618
3440
3191
9813
4479
5833
9869
6171
9315
5098
7185
7862
2095
7586
4754
924
7079
3418
8497
3296
9152
7036
7726
5103
6121
2953
8999
7815
934
5318
2490
6514
9171
239
1641
4172
653
7461
3119
5355
694
8781
1573
7815
6449
6617
1932
5533
317
7472
7659
1601
3960
2953
5292
6263
9146
1951
2270
251
8239
1565
7524
1254
9114
436
7753
5230
1218
9201
31
7170
1990
2821
4590
7393
3109
9058
8630
739
3784
2012
840
6832
4596
7384
2877
640
2058
4160
2128
613
2619
7873
4257
4228
6114
226
8666
7035
679
4022
6554
6695
4033
1277
2937
5807
191
761
815
1848
7642
3294
6601
9574
8565
7213
8558
2843
231
6666
2414
8683
8124
6684
1745
7
3324
1070
2488
5181
8885
322
3331
2780
3821
4042
2608
7986
6821
4110
6428
8865
3029
1304
8916
8738
212
7599
3284
8087
4611
8208
1442
7404
9196
4992
1101
3098
622
4639
7021
3629
7231
6887
1363
4479
5419
2358
2308
2267
5582
7523
2194
6172
7404
3290
1711
924
5966
6561
6525
8145
8272
5594
5147
2562
6245
8885
4931
2871
4378
856
9548
6809
7466
1777
9168
5293
9579
293
5976
4163
8631
8366
5234
6516
8395
326
6501
1328
8262
1287
9171
7419
9452
5063
975
9752
3676
5517
3670
7842
9411
7358
7464
5632
8034
3331
123
2273
8510
9421
4517
9794
7499
1790
4228
5912
4703
234
2408
8506
3511
3004
6102
3903
2338
155
7273
9294
8709
1225
8703
192
6992
6306
3949
6512
2396
9342
3537
5057
7027
3865
905
2582
352
5600
7545
6877
579
5809
8930
1409
6462
9107
197
3928
8007
7196
5892
3171
7418
39
5643
3333
9943
9218
2637
9908
4590
8643
7256
7309
2306
1458
462
8575
1730
2121
3679
2182
4693
5231
4051
2358
7994
4439
6407
2300
1800
4997
3184
2656
8723
7478
7074
7714
9240
222
8959
3094
3760
5552
1320
3767
7237
8534
7802
426
6476
4966
2995
6781
4261
6412
2981
2100
4379
6079
5870
4969
2689
2440
6152
1049
6092
6097
9187
4423
8601
7114
1596
7783
8297
9132
6615
1620
2520
5022
8584
6320
8630
8011
3655
2769
3490
7749
211
9209
5517
2222
9631
5336
6218
193
2104
4555
9968
4185
310
5210
3896
8558
