1344
8475
7638
2551
4955
4495
6516
7888
939
284
8358
4328
7623
22
4454
7216
2288
9453
9015
306
255
5415
9392
3813
2166
4222
291
2217
4379
4959
2331
2309
2188
4597
2898
215
8376
5565
6423
1860
9926
8600
1209
3327
7215
7112
9365
4222
8301
6704
3034
5876
8825
8462
5053
5891
346
2428
7975
4144
1731
5488
7031
6745
3748
4390
5085
7785
5210
3933
4897
296
435
7034
9832
5932
3936
1704
5023
9821
7706
5397
8603
2322
5138
9525
5778
4592
2693
5480
9572
58
7837
8205
8862
7406
8092
5187
5614
4261
562
8701
5700
1999
5048
4850
3568
3461
5385
6235
6125
4582
280
2297
1773
5845
8611
7985
7971
8165
2553
8418
6732
833
167
146
7556
2496
1095
6249
3445
696
1597
5274
1682
2730
7116
4548
3221
4738
237
3866
4210
1881
1088
8999
5102
2091
6057
8171
209
179
1465
7189
1603
7047
6782
5448
2206
9756
7979
5166
2232
6486
3949
5759
3213
6310
588
2987
9680
8756
3064
8586
3104
9393
7439
4162
2524
85
8788
380
8195
9623
5703
1716
8678
9738
7041
5089
3780
3470
2058
6742
4330
1942
1045
6660
2961
4998
3254
8717
8997
181
2009
3278
9871
7828
3391
2131
6745
8378
9322
3439
8824
6872
4845
9856
2347
7255
847
1697
9110
2130
7592
6003
8412
3682
3403
2913
8675
6040
9544
8873
1354
5512
1043
392
732
8662
7882
8286
3409
6152
7820
3781
5708
2238
818
2668
8908
5645
9251
4578
2772
7871
8278
124
6705
917
1152
8851
401
2397
9882
4211
1156
1674
2415
7441
1029
9108
3783
9703
9093
2941
2535
4771
1002
6521
397
106
9826
2956
5966
4499
3133
630
9134
9699
9698
1114
2152
6179
9800
5430
6882
6619
2591
5417
3074
2464
814
2808
9834
4480
6521
6435
9408
3905
3068
3273
3168
8472
8936
3029
3344
5443
5790
5960
2451
204
2438
724
5513
710
752
6354
2909
7922
4933
8627
1542
5015
7950
772
9493
1733
7763
9849
8216
3198
1069
5144
9194
2935
8938
1417
9105
318
3161
9031
8039
9072
8408
7462
6896
1782
4327
1579
7149
6678
2526
645
9634
8083
5493
5414
8513
4534
3958
3387
2580
245
6465
4167
5707
624
3550
1383
1252
2592
8290
3978
4011
6125
2336
75
5288
5009
6489
4384
6866
7315
2384
4951
4789
2251
4123
5605
9070
9178
2753
6465
482
716
5117
8775
1595
7661
8831
3119
6926
8490
3717
7013
7365
5946
8563
8967
9601
5713
1763
2506
2177
5696
7578
522
6817
7172
3480
5151
1648
7299
408
9813
8080
6285
2676
9129
9595
1392
7758
8420
6598
7005
4451
9244
9713
3824
8028
4330
1648
3255
1264
9089
9595
1192
6007
4083
1181
2955
2483
7496
41
1899
4388
211
6276
6057
8354
2067
2848
5424
2733
5858
2509
6836
7911
8087
9737
5454
4909
8557
7691
5706
3833
2841
1082
8076
1181
7473
5453
9650
7611
9736
1366
5004
5726
3113
5031
3569
5284
9
4424
4496
3048
3995
7831
6835
4923
6477
3776
2040
39
2777
5982
8817
8295
5110
9871
4616
8346
4090
7447
9876
3054
1704
6201
5310
3595
36
3892
4259
4053
8613
5845
7339
8980
7488
4928
7458
6404
6488
6297
4070
6293
6338
9372
7825
8463
7675
8154
6055
3495
2646
7081
8740
5443
1521
8330
4846
4672
454
5103
7448
4226
3552
6569
198
5072
9462
6905
4020
6890
6050
2089
2078
8861
2691
749
8307
5232
3683
5116
7368
1686
6531
7135
8151
2698
6097
2322
5611
1724
7898
8668
3297
2224
9638
7067
8438
306
8994
6225
3166
4318
7616
7855
1900
6259
1657
9731
4436
9132
7283
6063
2620
5266
1387
1381
7158
3611
7514
2405
7182
7185
3055
1064
3971
4924
1000
1868
554
5976
8889
2166
348
7040
8150
9642
6132
3425
8379
1181
6927
953
3998
4951
3779
1686
2318
8202
4626
5800
2120
7150
3302
5937
9095
9944
463
7975
8576
3196
3832
5803
9189
4000
8801
7586
1523
9137
152
1452
6649
572
3795
1300
4629
8400
9061
355
609
8407
429
2736
1175
911
277
6376
7447
6868
8457
6631
3898
6311
9696
6417
2431
602
9352
5905
3497
6054
5603
5222
609
3533
4127
1994
8802
4242
6624
7136
7433
7212
7523
2516
9765
1511
9187
8546
8522
529
913
8131
4692
3703
9847
402
5315
4434
1283
3952
7077
8824
247
5246
904
8004
858
342
3843
7327
3133
1301
7946
8070
8559
3038
4249
2454
5572
3302
3387
7837
9563
5842
1047
6526
4487
9881
7194
8348
7013
5357
8969
8317
2914
1571
3704
5211
974
3454
5750
436
8150
6512
3137
2984
3527
3253
7486
5011
5262
1488
9145
3256
3276
689
9795
4797
9129
9277
9698
8157
9255
9223
8014
1346
5238
5757
9925
7840
7030
7467
3616
9424
6436
4026
4646
9798
5322
1678
1484
6873
5628
9069
1847
4112
7280
502
993
5458
2658
1070
2617
6322
5264
785
729
8507
6433
1734
8619
219
3682
8477
7103
2838
8913
5981
8655
8928
4255
6757
5445
9448
7982
7259
8141
9982
2566
2014
7468
7704
5143
4871
4038
8827
7963
5846
402
8512
4585
1898
2994
6914
56
1201
3027
8872
7469
9708
5431
5720
5514
5257
5421
8186
9534
4084
6300
3078
3020
5064
5863
5500
9766
1630
6367
9946
7362
5660
3684
4022
9366
8954
6697
8988
9252
8464
3835
4644
7960
3727
7494
4815
3366
4562
1166
3545
4152
182
1721
2603
8579
5896
2872
9978
2580
5138
7396
6914
4336
7770
4858
7155
4914
9715
7162
914
1295
9666
2293
262
2533
4798
9522
3992
7236
8344
892
6119
9958
5496
5345
3468
9462
9696
1032
5529
4197
6717
1187
2654
2788
4798
7933
8579
7865
6769
872
3898
6688
2943
5079
9051
1162
8539
1059
3864
9054
2013
5208
4167
8880
9921
2886
4925
8951
5448
2147
7597
3371
4860
86
9890
6573
9259
9687
2676
5406
4403
7599
8424
2286
2746
7063
4117
1303
1954
5609
5985
9601
5328
6090
1489
4139
2798
6955
2671
2145
3677
4706
3384
6058
1813
8800
6942
5348
582
3261
6902
6451
8120
8916
3154
4938
3301
1280
1402
2565
881
5389
7030
5631
6848
2263
1995
5676
8843
4223
43
201
3054
6154
846
2246
6807
9850
3411
6012
5185
232
3299
1395
2509
7700
6813
411
774
7250
1033
3171
2694
498
312
1391
3994
9338
6384
2421
6797
2737
5153
3219
9487
3524
8036
6412
8434
6062
8704
4052
6791
6207
5278
5645
5358
3938
8984
6328
5492
540
5086
1752
2151
4347
5460
2505
2710
5302
4733
4033
1038
3735
6545
5442
5448
8439
7232
6846
305
3082
6825
1558
9135
1420
8792
2163
8416
8483
3355
8886
1598
8492
3818
4398
1179
6011
2698
6669
7994
6037
82
9524
9197
6430
3796
5620
8829
4596
7793
5986
4223
9336
4085
6058
533
4708
375
7042
6
421
1112
1396
5081
3563
2710
9837
9090
6549
8021
8198
2452
8083
2399
5624
3578
1587
7769
9164
3137
8798
3463
6576
9958
7721
557
4349
3764
2940
8162
4411
6993
6350
5190
561
6731
8914
1722
6428
4875
3410
7105
9752
217
8974
3833
8339
1748
7166
997
3357
9700
6567
7846
4614
4712
4927
7732
7233
1938
4407
5421
5715
9268
8398
1499
3762
1090
263
746
1830
7661
6673
7979
2886
1556
9722
8261
9468
188
3966
6338
7361
9127
5378
3908
54
8039
9822
9073
6623
3425
2392
7751
9355
9604
1757
5854
5132
4275
7945
9358
7247
7004
6907
6536
5368
2480
7795
1191
6439
3870
5600
6415
4790
9781
2392
122
9553
3121
2781
4156
5950
9862
7076
3184
5347
4487
5016
4177
1677
3955
3891
2008
8170
3600
1515
5669
8449
7806
6221
7311
3362
1428
2551
3494
2792
4678
1491
1303
2528
1966
8018
5376
1985
4293
8720
5777
5540
3914
1959
6255
772
7862
576
7464
3827
6825
5911
1292
5386
742
2413
3817
2857
6618
9869
3569
8386
2251
7094
3478
5354
886
8274
2089
4635
2903
8103
5926
6152
7548
2549
583
8286
3157
8123
9567
6292
1033
8540
6335
2459
2079
5078
1216
9061
7079
8193
3839
9232
1340
7163
2547
37
1209
2016
7634
3781
4821
6136
2677
6385
6716
9214
5029
8553
9678
7689
4212
2720
978
8311
1297
5596
4540
449
2144
8229
5387
9244
9080
941
6782
427
4227
4418
9569
5954
1901
5098
5219
1971
3598
8775
9815
7769
646
9059
4585
8341
1768
1477
9067
2856
431
5011
9906
8355
3963
9931
7967
8421
6462
3944
9058
4707
9347
5522
9099
4772
4269
5887
3174
1494
5894
8510
2778
8651
7872
7757
4152
9988
7909
5757
1136
5739
144
9023
3367
3684
5509
6375
5828
4850
6344
8472
4463
5001
8104
35
1608
3251
2140
8961
1483
1079
3173
5087
8215
9957
8519
6089
377
635
6308
8199
2656
9693
5504
5738
6187
750
1704
9362
2673
833
2825
7262
2629
2106
2772
4805
7376
3014
8736
9759
8221
752
3155
9258
8594
1333
4423
3640
7475
288
3155
7498
8869
407
5884
6637
8730
4246
9731
1975
1148
1301
5868
1225
2666
1964
553
9624
3350
9641
7233
2198
9326
94
9817
323
2534
5520
92
7648
847
8171
352
5282
2095
2888
4905
3714
3920
6535
1953
1816
6844
2970
9330
4263
4741
232
207
1048
6257
6646
9522
4325
7077
3437
741
4202
7017
8043
9520
8322
5637
5504
5011
4777
6805
5758
8572
4501
4712
8321
6757
5245
5635
8058
6074
2592
3103
6047
459
4576
8920
2322
4442
6996
9256
6963
6259
3839
4374
6420
3564
7849
82
7515
7421
3065
150
3382
5892
7870
8704
2086
818
1199
9891
6455
1284
6908
9595
6075
2326
9624
7006
1830
7663
5042
5741
3658
2938
4205
5265
4615
8663
743
1990
9376
6079
6176
6298
2435
3947
2102
1520
9896
7439
8792
15
7045
3073
4980
6753
312
3708
5539
8744
5133
3176
6038
5837
2923
5481
2762
113
3108
865
4919
5012
8703
7480
7494
9897
2647
3728
2306
1025
5153
5114
1298
9226
9786
684
32
618
7318
8526
662
90
5380
3328
188
88
2114
2002
2954
5507
2514
2336
2108
8871
2386
5554
4527
3315
4068
160
1851
6402
7615
2184
1766
9057
978
7949
8781
1463
8330
1501
432
2863
3444
5896
4426
7935
6648
1192
2024
7462
1160
9527
8116
2199
2862
2522
4229
2487
323
2518
1948
3500
4543
8744
6596
6155
8646
3866
4261
2445
8303
8774
9109
6050
1139
723
7976
8855
5323
9208
9308
7548
3706
4564
3519
3961
4714
172
1274
1681
5669
8717
7114
1495
4577
6274
1352
797
6121
2355
6451
1716
8560
3098
4284
5500
8864
9164
8448
6846
692
1868
5347
9852
7262
1917
3560
9625
5078
8704
8580
7818
6271
6659
3421
1205
9486
327
2709
6139
9650
2102
2470
8480
3271
4030
3598
495
9419
6978
69
972
1355
3689
8904
1409
2281
3115
5107
9011
5395
9036
5420
4322
8715
5809
4750
5125
3557
4332
742
2053
7630
1336
2083
1636
3629
493
3604
6097
6780
8674
871
6439
1964
3425
5752
8380
6707
9853
180
3161
4804
363
524
3668
5592
1356
684
3189
7416
5672
9969
6052
8904
5729
4810
4156
715
630
6585
8592
191
1803
3275
3131
8342
2524
3063
4876
9509
2946
6338
486
4315
9273
2175
3565
6542
5656
5761
6086
6754
3227
3518
3971
5224
5671
8740
3959
4493
8327
9711
2429
7305
2477
7412
386
5072
5700
6996
9171
7951
5631
4972
133
5527
5623
7422
1654
5887
516
7259
8217
4378
6877
6624
3036
883
7580
3571
1614
4423
8330
9542
5674
9699
1735
4905
84
2340
8766
594
6545
5096
9876
9936
1234
2621
9915
3300
1805
9118
6173
3082
5544
4275
4580
5522
1698
6157
9552
5921
7875
2826
1546
65
9814
1191
3801
6548
7346
6182
4396
8150
4424
8354
541
7221
973
3876
4434
1820
4490
8529
365
1940
9757
4500
3898
9127
7759
1736
5979
1805
7758
5565
7986
650
9281
2299
8498
4416
8889
1017
538
4683
9305
4654
5075
1642
5411
4273
8880
7410
4778
1490
1460
9713
6111
2250
8110
2162
4540
8772
1035
1030
526
1518
3746
3217
2802
142
4872
4454
7408
3031
5812
3132
7530
1742
4894
4458
4588
5382
5362
3164
8242
9515
5591
6355
7237
3199
5923
4626
4845
3942
5363
2182
2411
2002
5945
2454
7807
9054
7598
3283
9427
3443
3616
5953
6607
4089
7867
8536
2887
2247
3975
6987
6699
1757
3887
9019
9600
6043
7802
8399
2222
659
6114
3847
7108
2937
4340
8083
933
4079
1533
5337
7328
9872
7535
1443
4371
5422
6378
7009
9734
9423
2086
1584
9701
1606
9683
1199
5850
1299
1338
3339
7938
7023
3173
1371
3587
1742
2351
4970
4888
9227
898
5329
5649
1428
3606
1379
8937
3486
649
4752
5291
8873
7191
2062
9084
51
6972
422
8197
1894
7973
8135
7715
1102
4003
1048
7187
9941
5228
6520
6671
1428
3715
3489
7507
4114
3681
5490
2060
653
2381
209
6695
4568
6167
5678
542
8151
8189
76
4302
7858
4155
8598
6953
6607
9058
7790
5850
474
4545
6888
5232
5848
3494
8412
2455
6396
4368
1488
191
1300
2883
4724
268
672
7965
9803
4311
4698
6027
969
5387
6741
9443
6432
5450
4102
9119
5234
4776
7338
4379
673
5919
8661
3694
962
1058
9064
1111
6543
876
5124
9112
2345
3074
6114
5735
5605
3921
409
5953
2768
6205
4379
2687
9958
3217
9711
4778
5341
2689
1739
7062
4556
5852
1826
5100
6587
7598
6666
4138
6853
5969
4775
6304
3064
632
1479
9728
8928
8271
2592
8389
7896
5413
3030
1069
9978
9988
8510
4458
7297
9105
5420
1252
9763
5378
7697
6226
648
4620
120
2660
9616
6915
5657
1121
6853
6055
6375
6884
9279
4474
6111
5298
5891
6794
1880
556
1164
428
5551
3052
7847
1619
1502
8657
897
3529
6901
5628
2669
1347
5778
2482
8561
2649
9331
218
6110
2824
4747
4366
8092
1853
7679
341
6368
8237
4295
8491
3548
3550
9109
9904
7892
2295
9424
3656
8677
3219
2177
2578
6910
9796
5210
1072
6848
8986
7816
19
3122
7766
7014
9961
8982
7983
6896
3806
351
7682
4571
8651
1318
8572
6455
8862
7013
4362
5161
984
2425
5750
1778
3585
6432
5948
8939
4333
5537
4219
7549
6257
9454
1415
1273
2925
6163
6386
2016
2715
5955
2644
8299
1066
7827
1531
7143
7822
9435
9021
245
6611
9105
7703
4542
7503
2841
8031
4064
9710
279
5828
1300
7662
9706
4920
8414
2331
282
8033
4106
841
6728
9012
838
6108
3477
425
733
454
3068
3079
5375
6208
8505
8563
1712
6277
8767
2500
6031
9883
6344
7016
3108
9926
8315
3228
3018
48
4812
8735
7850
1476
2417
1613
2597
2026
1650
5532
9143
8547
6214
3162
9084
2111
387
2161
7901
7007
3109
2199
6373
5116
7941
4459
835
705
2310
5236
7148
5562
98
9530
4582
5404
1923
2434
2142
6065
9087
2642
3495
2875
291
106
7810
9776
424
770
4522
3043
2467
8698
1931
1947
9061
6232
6861
6684
258
9780
288
2275
4753
8377
9495
89
1384
160
1372
9138
848
5392
1949
80
2798
2590
5428
8738
5301
5333
2790
1800
4793
3940
9018
2083
257
517
3172
2189
3969
8803
7282
5934
8320
8791
650
6892
1312
4108
3897
2716
444
1944
7064
9574
9096
229
5696
1908
5209
5336
1624
880
4805
527
8411
8887
149
8009
8387
398
5872
4749
1753
8188
5664
8124
9352
9699
6627
8729
635
3379
4749
5123
3676
8170
5824
8467
4431
9418
3559
9933
5664
3773
6207
1063
6869
5999
8052
757
4195
5863
609
7627
9005
6257
7642
9445
4547
5120
8882
6768
2767
5895
7674
8442
1298
1672
6875
7160
7296
4893
3838
9605
2548
2868
249
845
6253
6628
2190
7401
1705
3720
6368
7774
4529
8084
4721
6640
8336
5627
5626
9330
341
188
364
3110
5377
6179
6814
171
8739
2376
9675
3459
8448
7127
230
5121
3938
9934
2320
3951
1743
47
5384
6201
1626
8376
2222
9374
6735
9713
4379
8384
6053
7150
4106
5114
2719
3370
9256
783
8322
7500
1621
4306
8353
5089
5079
5038
1720
9908
7484
2856
3474
7077
8702
5515
2864
3589
5448
8864
7040
2256
201
6575
2634
8767
1605
9963
8008
2524
158
8208
1106
1521
3844
1726
949
5493
6548
7854
579
513
4724
7418
2079
5955
1106
8987
8736
9364
3891
827
8176
4414
3495
4274
7092
7281
4359
2666
1509
529
9623
9673
673
5931
9732
5759
9707
1454
7194
8413
1146
2044
9467
2332
6166
9118
7114
7731
2991
8496
1384
4000
4892
7040
341
752
3682
1557
9097
4437
5893
4262
8593
9256
9004
812
6109
7770
9176
5562
4700
1762
82
241
2786
7204
4023
5419
2714
9733
9204
2641
3843
1054
3953
2415
7267
3128
6859
266
7068
6374
2905
7711
8642
9058
6945
4392
5849
7621
3158
8834
7867
6944
7591
512
8130
4467
6865
6508
4236
7358
8578
9945
176
9150
7751
5957
7623
3483
4046
407
9285
8074
5165
6127
8239
1662
5703
7231
5828
9768
2564
6794
7791
3908
9403
4121
1465
1704
3932
9870
9150
8997
6632
5034
6424
6052
9548
3930
3919
7293
8038
7394
1596
6336
2689
2742
2555
89
1196
6719
7960
1069
9467
4659
7825
416
800
8146
966
375
6576
439
4150
8152
1141
8427
9102
9751
6142
8214
1593
5742
8754
8656
1716
8288
3981
5125
7973
6683
3260
8560
9308
8086
498
152
5755
995
872
8713
476
2812
3050
9326
9468
7846
4587
1173
9639
2235
6412
7785
5098
8856
9390
3661
7094
945
4310
6722
2748
3733
7595
2111
9224
1409
2230
6144
2301
8400
3589
1273
6691
4275
6240
1120
531
2954
5152
1991
2083
8362
2421
3471
8713
9980
7723
1406
7647
905
7996
2761
2193
4262
1423
6669
8232
6664
7975
1613
2726
8374
3266
7470
5669
1494
2214
9233
9020
5960
160
168
9378
7987
6979
2596
9087
731
6881
6882
3704
8128
1896
9623
9329
3391
3298
7949
3431
5886
6912
9453
7540
2759
3533
751
8044
8447
2231
4721
3462
2829
293
5948
9505
1711
7542
7731
5355
8481
4234
6212
681
1528
5871
8423
4742
9336
4938
4102
7837
9207
9010
6596
2150
3089
5576
362
2988
7880
2511
6482
3039
1334
3335
3212
2779
3106
9187
5748
4973
2642
2898
7994
3341
1491
3873
6734
9408
8330
4949
1685
8861
396
5829
9716
3170
5230
3055
4156
1089
6176
7015
1293
105
2415
3544
4346
7124
5204
327
191
4436
1685
8083
7460
8042
6169
2095
7922
2893
1650
389
3904
9550
6842
6600
3800
4362
9097
9990
3337
5879
4870
2032
5114
890
7962
4047
6544
7803
2355
9477
9870
4854
723
6396
6786
2182
7780
2820
2601
854
6190
7560
6944
3055
2974
540
1756
2545
2088
422
3993
100
5033
28
3817
969
1620
6969
727
7805
6805
6409
5308
7222
2204
4062
179
43
4157
6169
9655
8390
534
9174
3958
4144
1592
916
4520
5445
8522
6647
1919
5959
8208
2475
2925
2578
9722
1472
6325
3617
7249
5003
2190
8597
5371
220
2186
1688
3221
1629
6453
6085
3879
2576
6353
3756
7680
8640
7196
9392
3014
8512
4057
8580
6175
2866
2803
8571
4834
1527
5801
1415
612
2603
7751
2082
8635
403
3372
43
6880
6152
7845
8157
9078
4237
3667
6086
4860
1936
4326
3916
8890
809
7269
7060
9140
5685
7054
1232
8737
520
6081
1127
2292
6876
3837
6862
2202
959
3469
5058
8098
8664
3785
9427
5633
1843
5037
6799
7630
1196
9726
5570
50
2855
8322
545
3119
6785
1275
7180
5895
2685
8104
730
1934
7644
6021
2166
3926
8483
1732
645
4986
2040
6826
2446
1893
6138
9597
5484
9663
9916
7516
5741
3722
789
5283
1793
5670
4336
5569
5758
5601
9276
5540
1176
8845
7416
3678
4438
5623
3918
6697
9982
524
9176
9901
8630
4634
6633
4667
3733
1563
2010
4773
2822
2081
6091
2827
8324
881
2270
4245
2142
8370
4922
617
2041
6987
3090
2994
2108
125
7583
3256
2440
1053
5054
7388
9471
9327
173
4960
4853
5493
4266
9276
5940
4360
9628
5179
82
6271
9651
6532
1998
8383
358
8471
1349
8412
1785
1464
2517
5040
6923
5125
710
9471
8386
3667
377
4094
9631
9539
1689
1971
9769
3386
6961
9290
8259
8044
6127
8078
2353
9042
2131
1233
7697
9915
7591
6232
890
5284
1786
5408
4098
1403
5441
7915
7148
1402
9364
9320
3588
9778
1906
4003
8410
860
3944
99
2116
3561
8341
6254
949
7966
7590
3067
1733
7349
9376
2193
3300
3325
9670
510
186
1820
4625
9659
368
7977
5255
8903
9639
7180
2500
9105
119
9880
4134
2700
8831
4985
3858
3053
4193
2482
5180
4360
2640
59
1516
7812
7087
9238
1492
9266
8873
3501
9546
9839
8457
5570
8711
1544
1328
1389
6948
9602
1944
1369
8854
8782
1272
335
2783
2731
75
1454
8352
638
4562
7166
7141
3095
1337
4261
3601
4480
2924
4752
9744
80
2300
8491
4995
7840
792
9900
26
7863
2455
7118
8048
7345
9549
2225
8522
6177
1834
2182
906
9026
3304
3470
1220
8031
5563
2047
7953
5365
7927
7059
4314
3564
8929
1811
1017
8588
6875
9258
6107
9993
4314
635
6660
2517
3921
3684
3264
5167
5987
707
8933
3477
7373
3466
1194
3293
2253
3042
6682
6786
1916
7054
6161
1624
5801
570
6607
2658
5894
9378
7064
5583
5699
2479
4686
546
4929
9682
5031
7442
9028
5660
1299
9902
5090
4280
627
7233
8469
5321
1852
7063
1896
3471
2389
5270
6497
5584
1653
2348
2197
5105
9637
6557
8595
903
248
5447
2296
3326
7310
938
8785
4127
5939
425
622
6733
379
6367
3114
3003
9556
8632
3069
3850
2947
1200
9535
6509
7145
4240
2086
6308
2457
9135
9450
9680
2149
2961
8624
4651
5583
7139
2105
4629
836
309
9684
7221
6219
2049
2953
9197
9939
6426
9235
3948
8438
7280
2214
9217
141
2684
4935
9381
3521
1095
7226
6701
1200
6892
3881
4211
9407
8324
9773
7022
3866
3736
1418
680
5118
1598
5822
2122
5028
8981
4654
9246
3010
1348
7074
4338
6687
5788
4358
3633
2179
9914
2034
4612
8924
8163
9827
6235
2846
8681
659
9424
4478
6820
8941
5189
8204
8387
5091
9112
2483
1571
7081
8242
4118
303
4293
2254
720
1653
6023
3795
7968
2199
6039
2684
2839
1499
7421
2817
6706
6885
5542
6622
6819
974
7726
5184
8146
1110
576
6466
3073
9850
3063
4512
3442
5589
2127
9604
2739
9195
9849
3383
8169
8965
357
9709
3838
3390
8034
1675
274
9682
177
6379
5689
4204
8262
8163
244
6182
8586
3892
1246
5743
165
3838
4993
2148
5855
8277
4721
5423
1893
84
4719
2506
6313
1006
4526
5164
7838
521
8893
1539
9183
8118
8903
9255
828
3618
5925
3313
6603
8704
2036
3177
8713
3304
816
7470
2933
5834
659
5651
8140
4446
3641
7697
5252
4750
1744
6789
8290
4
3085
6517
1501
8585
1344
2439
4575
1381
9056
5065
3896
6107
7474
5443
6463
6815
4362
2802
1254
6628
3781
9534
2744
7827
4402
1552
3904
6277
6734
3476
2260
1562
5928
6799
9011
4898
3308
7988
6352
7252
645
8234
3934
6707
732
3
301
751
874
8613
5484
615
9989
4308
6820
6624
3555
8257
9670
4098
3544
4228
8318
5022
1016
103
6611
1483
7668
5998
2112
682
6697
1603
9808
5138
3271
8042
6177
6587
7890
4524
439
1594
9913
6240
239
1480
1067
2566
6542
9273
5718
4991
9222
1310
8988
6429
2360
7678
1750
5920
4602
1075
9372
1956
3656
6369
2702
948
3004
3768
8070
5451
9223
1394
8270
9859
9832
2994
1005
7641
4401
6401
978
9641
3954
9656
77
2939
4694
3691
2094
9803
5482
9368
5190
7862
6419
1378
6983
7477
7169
4914
487
8302
9686
668
427
4320
7370
4494
8183
8802
5956
6164
6440
3712
2036
9104
2596
8266
5181
7394
7875
8832
8384
3276
8344
8692
6420
1985
9851
7990
3843
3031
8147
6597
3745
9069
9900
6786
8316
5967
3050
7986
7003
8810
3480
9387
6949
7505
8425
4552
8392
8910
9710
5995
618
2415
1973
1406
3787
5877
9897
823
9573
5470
8011
8280
3537
7028
7440
3291
9247
8820
110
8546
3869
9575
585
8429
5117
2765
4917
8343
4284
4558
8840
8406
2202
5115
4010
1919
2015
1118
1673
4217
2530
7253
928
2398
9617
5706
1840
8213
170
3053
1386
4116
4672
9162
4956
8993
9581
447
1061
8105
2942
4634
6549
4273
8668
267
2625
619
2594
9860
287
5439
2183
7413
1640
7438
5196
9629
794
5236
9104
5210
4258
9236
8289
7817
4063
3278
2820
9738
777
1352
6325
8835
9790
6089
8604
3638
5154
7689
1748
7024
4247
455
3561
7410
7996
6847
7234
3701
3101
3986
4383
3262
8855
7006
1516
1328
4778
6370
6940
4272
5777
6053
2942
8054
3447
1314
1450
6483
4744
8450
8769
2327
7801
6827
5627
9956
1700
4200
4099
2698
6169
8557
4799
811
2628
7195
4594
457
2531
5303
3221
2060
3813
1109
8869
3214
4691
5210
4492
9218
1545
4940
1559
609
7046
3345
7403
4881
370
805
267
5756
4048
2917
3003
4319
8650
8916
8240
7459
1205
3718
8217
2033
7253
1088
8149
2584
2581
9647
1105
8998
2950
2797
1445
577
3789
4445
3131
70
8911
8425
6292
1364
1500
4853
1719
2815
2193
7695
6683
2075
9481
6039
7932
6712
4635
4698
4273
683
9424
3446
556
1040
3836
7149
4999
3309
9061
685
2684
8839
4686
4655
802
5970
7283
8385
1135
5714
8160
8922
932
1446
9059
3823
4238
7332
2183
1467
5599
6175
9352
1015
6455
1244
5831
6435
4168
3946
4139
8226
8497
4512
7442
4359
4407
6226
6083
4573
4782
8618
3321
6270
1412
9778
436
7805
1665
6590
46
3270
412
4219
6191
174
5495
4018
8726
3952
275
2402
8750
4861
3906
3139
2885
1393
5662
1400
1414
1458
2370
8942
1984
307
9499
4897
9700
7877
4697
4281
5
4201
2386
3791
8583
6190
9424
7687
8532
1088
5133
8226
7770
8192
4285
1293
5211
5677
7624
3675
8975
8768
7485
7447
9898
912
3499
4419
4219
6763
4392
3767
282
480
4880
3227
2311
196
771
1796
4752
2312
4597
7412
756
6284
7567
9047
9941
1869
436
6487
5438
9058
5954
8223
111
4702
1985
1816
721
9457
3917
7971
7740
8081
3024
7679
4546
9346
6806
8979
9534
3574
3568
29
8327
6176
1645
6225
9429
9257
9910
3370
2506
32
1435
2573
6269
63
9293
6482
8576
2846
5235
9140
1098
780
1497
2030
1782
313
1569
4400
3207
4467
5020
7074
5787
9709
9449
8988
5220
2433
4523
4917
5140
9397
6705
9361
1509
6400
2652
183
43
3708
1841
3273
424
295
2477
7252
4823
7220
9158
4994
5873
1996
3514
7485
7861
1445
1939
4617
4482
6144
8663
2468
952
882
3123
3698
1221
8318
3604
2494
2836
8836
6291
8095
1246
1674
4066
4640
1366
1970
794
728
1540
2440
3015
6018
9989
5735
4790
3864
1087
6600
4543
6592
3947
2124
3335
1503
2685
9524
1959
5980
9259
4025
3220
1075
1326
9282
4704
3246
432
7094
1342
4990
7546
8026
8588
2575
1561
1189
3178
3417
1965
1216
4157
4205
1331
8204
889
3887
3860
3939
6184
5163
6023
7322
933
9655
5233
7544
1996
4730
7717
3177
5574
8725
5285
5241
6992
9216
2606
9744
7405
3933
1706
2596
4068
7064
4041
537
817
9394
796
9029
9139
6109
6595
8536
8360
7130
7540
9225
2416
4099
7525
6836
4011
9974
465
1880
1476
3391
9385
9915
7710
4207
9293
3325
5371
7173
3493
7074
9162
3505
7744
714
9076
4681
3569
9583
925
5155
9548
3775
2629
4579
6648
2637
9439
9156
7844
5277
4238
2365
3512
4658
3315
5196
116
8065
7591
7868
990
2727
2240
5649
9627
3579
8348
390
6710
3888
3534
6618
8446
9336
4088
5092
4583
533
5569
7426
9197
2125
5573
7956
2001
2790
4172
6803
8479
2924
6049
9617
9516
8255
4130
7003
4816
5147
3591
9925
7503
5437
313
3233
8602
908
8845
4413
856
4710
7936
500
4942
6895
4361
2945
6074
5443
1190
8926
8542
5341
9198
6175
335
9418
6667
1516
219
7519
3809
1325
6703
5551
8256
6022
4505
3279
9918
9515
641
9915
7604
2522
7833
6498
6284
8717
3021
8168
5670
3780
9723
757
5877
8428
626
8598
5270
5533
3111
7679
1438
4852
3677
5477
2064
5421
142
6255
5892
1441
3162
4416
8349
9917
5919
7845
3704
9038
9468
9932
6179
839
2158
2229
6097
3475
4333
7653
962
293
2335
6462
2401
9281
5290
5491
5101
616
6373
5865
7095
3339
8887
4238
7693
15
5813
9299
1787
20
168
3659
8234
2184
6589
8009
2435
8919
5867
4154
3795
1711
8344
8173
2078
574
1474
3931
3604
9368
7641
1687
8927
9609
9594
4998
6452
9072
1828
9976
2880
3498
2424
7047
7315
2288
2178
9948
8064
2689
8125
7033
4303
9409
7369
2800
9115
3598
7830
4902
4110
2020
5136
5297
3156
2326
5398
4234
5440
7615
9303
5126
6010
947
2027
3908
5452
2111
5256
7456
7160
8534
6034
7524
6401
1052
6360
6780
2940
7956
3676
8556
8774
4217
7956
2465
1904
8551
855
6823
7408
4924
2560
336
3940
4016
4643
2044
2855
2324
1431
3368
8742
8729
5404
6770
6108
5821
4515
6739
3741
3133
2274
3944
7446
382
7781
7993
6813
6595
1364
3516
1439
5007
4470
3991
9838
4167
8661
3185
2069
3864
4000
5103
902
6375
9671
1126
8123
3801
1118
7713
9686
7258
8008
8444
8201
4669
4830
819
7542
9063
9541
9479
4596
7553
3838
8497
1888
614
1967
2804
1787
4975
7430
5277
9151
1553
102
3076
6941
1845
240
2895
8973
2852
1708
2984
5087
7948
6673
8658
4486
2115
1944
522
6059
3278
3565
3832
442
3954
1573
1541
8957
1808
6933
4611
3449
9707
5155
9216
2177
5438
2415
8006
633
2400
9463
5351
4638
3345
9769
9729
4919
4880
1327
4251
1871
5607
3778
8738
6725
8032
6979
2435
4842
3401
4452
788
8598
9660
9426
1573
530
4725
8540
6098
6435
426
348
9350
4774
4587
4671
4294
4058
1038
2849
2302
1055
4296
6644
9061
7544
7966
3066
6311
1389
3130
3114
5871
9859
357
1967
4646
7236
8405
2227
34
9345
1109
4265
2524
1401
7000
5048
3747
3434
9065
8652
525
8404
1635
2295
4802
6219
5460
1095
9802
7610
6129
9731
9978
5892
4353
6395
7413
311
6993
4793
5998
1325
446
5381
3016
8072
9695
5722
9216
2572
3488
3332
3655
340
4273
4966
9732
3714
2531
9628
7561
661
2597
2927
7735
2936
9233
7067
8668
8470
6731
5305
9096
1992
5718
5229
2860
5553
2259
6560
1454
7191
6312
9604
6333
7094
6058
7780
6670
9649
8848
7645
507
765
7843
9003
1877
8389
50
4259
2459
9050
1126
3743
8436
6009
8547
5234
940
3184
6321
4677
9957
5617
4331
6014
3760
3443
2933
3984
9600
3693
8422
4077
4284
9225
6909
3307
1411
9137
3136
7719
8851
3727
3626
801
7519
1318
6452
363
1416
7329
2646
406
1277
2400
9836
2109
1575
1992
3725
3112
5936
4602
5742
7337
6270
317
1409
6598
5130
2126
8984
6028
5245
5137
9148
7098
7325
6925
5590
4656
5796
9046
5650
1064
3001
7799
2376
2056
1792
7525
7534
8898
6331
8268
2312
6422
4879
6901
9061
1534
9661
6284
1167
4450
6714
9568
8056
6375
7711
2493
8981
1735
6090
683
8586
866
8317
6969
5201
3020
6740
5447
6383
3155
1474
5001
7001
1727
7752
6161
7
692
5398
9216
481
8661
6479
5339
4597
5669
9775
177
3559
804
644
1772
5736
5771
1937
6698
9440
4866
3479
8579
9107
4908
1030
8639
5404
1769
9139
974
3000
9009
6209
5715
5375
5759
5810
4398
7570
4393
7855
5327
5895
3040
2696
8380
8278
9881
340
8692
7167
4897
9436
8204
7303
7173
6665
9554
5779
4358
2440
5406
730
6742
2538
6820
7680
3389
9172
3815
1315
9715
3241
4069
813
5823
9752
4345
3941
5709
7710
6167
7570
1333
8476
9963
180
6429
537
4408
3460
8189
3266
8028
6985
9609
7258
6226
2143
2002
3893
7737
7085
2790
1616
6700
7666
6078
704
6184
5709
5444
2437
4997
4500
5450
1129
9707
3248
7147
3774
2243
959
4508
1120
7649
9919
2518
5143
3025
199
6045
6814
3844
4313
5016
4488
4758
2566
7384
7868
5771
680
1223
3843
1185
2675
8522
921
3442
3921
6749
9370
7464
6446
6414
4002
2615
6754
3854
156
6767
5375
733
4042
1073
7717
9113
9554
4619
4043
4063
258
2808
7763
4864
4185
7769
1762
1891
3763
2839
9309
9533
5478
4133
1462
9830
2971
6501
5852
314
5235
2940
4876
9372
7403
7785
7524
3833
7026
4931
8146
7819
4200
2950
8812
3471
3423
2449
9436
8365
944
1546
3160
5925
9997
4741
3851
5441
2346
5254
5501
9169
4172
3858
9595
85
8550
5715
5624
3163
7938
8832
8719
6294
2185
4372
1767
5678
7216
2979
8955
4726
7691
5269
8831
8613
6399
2399
706
8566
3255
6554
6101
2196
7740
1615
8223
569
3567
8661
6182
3045
415
4467
9833
7465
1736
5603
8090
6807
4984
7232
3069
1584
6678
5305
7289
8210
7578
4293
2423
9780
3633
9367
3524
7131
3666
6765
6627
6865
430
5697
9220
5184
3851
960
23
23
1791
1091
3732
5121
4007
4379
6068
5155
2724
4793
1822
6586
9926
6484
777
9368
1613
2245
2872
8527
9055
493
6025
64
6956
126
9123
4423
1917
3763
1493
3393
6181
1082
8117
6160
3393
4226
7221
1655
5010
4684
8815
825
2151
6007
1403
2487
2396
8590
3611
5222
5719
1979
322
988
4111
8605
8122
5054
2298
563
1690
7927
6649
4315
5389
2689
7508
8983
7876
5376
2952
2368
5455
3297
5563
7399
4133
5450
5989
9093
7777
5339
287
4772
2047
989
4400
6318
9317
4941
5517
7559
4476
6792
1926
7553
6517
6356
6048
8764
76
8122
6678
3865
8050
5052
2740
5660
7679
5590
4523
3804
3949
552
605
3538
7272
4597
4702
378
9741
1912
3214
9132
2995
9373
7324
2489
7018
1572
8897
5886
6842
8731
3746
1071
6899
4249
4241
8166
2235
1768
5956
6209
4671
1026
4012
8667
7537
1915
6801
5734
9414
3577
5952
5396
8120
5899
2374
3854
6135
2668
1622
9605
7841
2121
3449
1801
9966
2908
1154
8360
6475
149
2882
1459
5796
6081
5481
1231
6568
2021
6242
7954
7172
6044
1764
6582
1905
9556
8912
1108
5824
9126
2695
27
6377
7162
8771
3033
5393
4043
3171
1349
8811
6070
1597
4612
3837
935
4424
1218
1870
9428
8606
8129
7428
2986
3572
7001
6705
8420
7533
5395
6435
8231
4312
2620
5343
9085
6303
2368
6648
8010
6621
7880
522
7583
9435
8608
7042
586
6639
575
9916
367
3543
8525
1691
1806
1876
8122
6447
434
6123
6132
6275
8757
6794
4942
6273
5412
2399
9718
2405
1080
3251
1767
9051
5154
3865
3540
9162
3416
4378
4735
7239
1637
610
7027
3288
5688
311
1540
1966
8272
6098
4675
2264
597
6149
1645
4533
5821
8917
11
465
6204
737
7054
4023
8915
7927
6885
8207
3392
1025
3891
3168
5986
2020
9772
9932
6978
6459
5919
3058
2933
5049
1609
1688
9114
5666
6578
6904
5703
4358
7931
9608
961
4363
5494
5165
4621
7392
6663
8065
5727
1921
9823
7082
8617
3169
9479
1184
1186
514
5555
3555
8953
1057
8949
582
3278
4376
8215
4583
1268
5315
1134
5935
9318
814
4284
5083
858
3560
9465
1684
5759
4993
6491
8324
5079
7644
9273
7516
4673
2089
7838
1925
622
2771
138
4418
4485
6671
2085
8829
3028
850
8222
5307
6594
1705
1683
2133
4218
2529
7738
1534
5574
9373
3283
7629
9299
7744
7497
2310
6322
569
2258
6771
4265
45
338
6858
6015
8023
4396
7346
9314
1466
3643
8546
7577
5632
8350
9777
5585
2794
5021
2883
2934
5258
620
550
3704
1147
5041
2747
7102
557
9821
3387
3487
7680
9759
4902
7606
677
4083
4700
8277
4130
4345
4566
5134
819
5077
3800
2009
6201
376
1431
9855
3525
8008
9716
8565
7954
939
8539
2410
9939
178
6735
4346
2655
3409
7182
833
7452
2688
4257
9494
9984
8279
8327
3714
6185
7643
2363
7103
1752
6684
9588
9560
8501
1931
6294
2310
4141
7320
1442
6743
4663
8311
5971
8551
9457
8012
7116
1001
1877
630
5716
2170
3185
3912
1716
2922
2793
8818
2284
1194
9483
1424
9299
3517
5971
5919
9018
5240
904
4341
3389
5256
5404
9761
5196
2856
5167
3227
1488
1003
6606
1518
2225
3026
4220
9061
2636
6283
6244
8677
6410
9293
4426
565
5604
3
9423
2979
5011
6432
1128
3629
3665
9538
1503
8168
6703
7283
8078
4890
9598
5476
3524
557
1176
4970
6866
933
612
7317
724
112
5948
9790
6141
9614
2310
7178
5543
4059
5820
6952
1566
6732
8436
560
294
9235
6649
4520
350
7049
7963
3825
6469
7667
381
5248
1843
6136
2821
1188
5762
1847
5932
4785
7610
2543
8748
5551
8142
6776
1327
2306
3363
4404
3485
7663
7145
113
9214
7323
5710
8414
145
5467
7525
8954
2944
9510
6251
9864
5513
9032
5771
5041
8609
6912
5525
4996
4722
3447
4083
6791
988
8218
8073
2064
7022
6031
5876
597
9938
2215
8747
9886
7902
3769
516
512
7621
8755
8822
7505
2777
8760
5796
6982
1035
8514
3481
4669
7295
4194
7055
8956
9358
265
7493
9813
8654
6668
1836
810
5977
7464
6119
264
1908
8538
609
3986
2696
4218
9205
8896
4520
696
2079
308
4119
8392
4397
1780
1916
929
6948
3620
9225
6804
5297
5577
76
2791
3594
280
9912
4253
3692
6726
8202
4629
7130
7438
1104
7337
7625
8779
2095
3425
4313
7045
7760
580
941
3112
9488
8067
3613
832
3064
4425
1640
5724
5334
1986
9667
3279
5974
5828
4103
9956
6560
3782
5698
3787
2818
3566
8348
1401
5386
2981
8615
948
4874
3503
3965
8196
6603
850
9714
9222
599
1548
5802
9619
1835
690
3936
1933
3923
3552
5876
1741
4069
9328
2335
7408
3749
6117
81
7991
6960
2877
7646
2677
9207
2059
7630
389
7709
1149
6740
515
6500
4979
4868
6163
2261
6810
4152
528
9790
9417
449
5032
6528
1909
6277
1613
2137
190
6285
9840
4052
3679
3336
1513
3228
6889
6312
3238
4533
8663
1624
9183
7249
4875
9284
8588
1884
6221
4117
8317
1097
5166
440
7510
2165
5523
7000
8186
4205
3349
9098
9137
4016
8930
9131
2692
8543
131
4465
533
5669
7943
6945
5514
327
1684
9527
6614
4610
116
5487
8424
2259
5318
5103
6438
5921
8284
9693
7037
7111
4872
3339
7218
2127
2443
6554
8933
1653
3011
788
2084
9351
754
7529
7754
2580
3612
1410
5848
2391
747
5287
1739
603
5405
434
9971
5567
5858
4774
4163
5922
1125
7109
8586
5039
7460
7537
6624
2585
7405
2845
8035
2969
5096
5042
6129
1112
651
9032
3119
9836
6417
3723
5764
7051
9992
8688
8938
9995
7448
5041
2250
8717
2531
4146
6557
1730
1129
7194
4378
7253
7588
9822
3490
1197
3143
9663
1644
7378
4485
7973
8601
4983
5636
3218
979
988
2437
2426
9522
444
8385
618
9859
6848
3048
6226
7356
8302
1462
9225
7497
9205
708
9362
7794
1763
7666
7087
4359
6798
2635
1611
4056
8529
1853
2391
4648
6150
9241
6106
2818
3242
6769
9252
9328
5738
2819
8465
1952
8969
2820
1423
258
4364
3502
7180
8616
4280
9362
9952
3584
1742
686
2622
3357
9915
3052
1556
9486
6009
6459
8101
4656
7773
6132
877
83
7680
162
7735
3694
9144
442
497
9088
2007
7673
1931
5728
1986
5315
7281
5677
8615
3142
5452
6271
9225
6612
232
4785
131
3199
9030
3590
4115
9233
7040
1090
9870
6576
8776
8257
9936
1665
703
210
5041
3
7555
1348
7911
3040
4761
615
1494
10
5960
371
1166
3886
9659
5241
5826
3077
69
225
5308
9826
6366
2784
3639
9588
2132
9013
4289
7221
5024
494
1294
8088
6246
6438
9370
8521
3963
9454
4949
5987
1496
7002
2505
602
5326
718
9368
9764
7514
1571
4877
3745
8879
7634
2976
8578
1723
3020
291
2432
7407
772
2954
8118
988
9373
2208
7627
3615
4497
3230
5460
4466
4344
5258
1121
5989
2564
4652
3790
975
3338
6255
105
1738
9175
4306
298
7317
6857
5982
397
9992
269
6530
4511
8419
5300
4525
7140
774
7261
9115
4271
4922
4296
3916
6271
5701
7227
6411
1022
7659
5458
1550
9351
2152
7430
3436
7274
6387
1032
5958
6466
4929
9361
378
6607
977
4930
1571
8612
3519
3238
1857
5907
2139
6237
5397
1088
1563
1211
443
6874
5209
6304
5828
8266
6817
9415
6777
7368
5566
1153
5587
2472
4177
6001
1659
3283
7975
8609
7552
1703
3685
8570
8548
6611
9023
9000
7912
9268
4188
8796
1564
5862
6256
4812
2698
6425
5053
5678
7545
5015
4823
7531
8715
7558
8431
7093
9822
2495
1388
1681
6973
941
571
9074
5611
552
4981
4643
242
4924
2834
7306
4788
8420
3107
6311
8531
9444
2352
9934
691
9675
7184
2892
7951
1013
7645
1369
3580
1594
7424
9758
1048
9974
1968
2355
6340
413
3324
8762
3774
3651
6109
7066
7567
4678
6827
3324
7793
192
5103
1289
202
8310
2479
7515
9830
6834
7281
9974
6396
9676
3757
8983
5247
9856
1971
2185
3132
7752
7247
8036
2622
3921
3177
8278
2001
6817
4613
1555
3771
3139
2381
4669
7286
9737
9606
3518
8301
8973
3373
4428
6763
6968
6728
4881
6874
601
4627
936
9259
9530
1631
2111
1628
3028
3923
9417
1883
5983
137
6350
7417
2655
5542
772
9043
3904
5698
9767
384
1963
4732
9766
2163
3237
4870
5120
7101
2637
1609
4042
8705
8657
8124
2257
4066
4470
7155
3873
14
1900
3521
1056
377
4719
1910
6691
3158
6694
5054
2062
8029
8997
5267
5738
2558
9529
1454
138
7576
7921
5920
2158
1751
1401
1724
4041
5795
12
5801
8363
8153
9276
7615
2153
798
7393
4640
8975
1708
9328
9744
184
4141
8453
5832
5844
1813
983
5743
8173
7077
2005
5188
124
8214
9394
7590
5422
1986
4984
3991
6043
7243
9624
3716
4657
4757
598
3326
6919
2466
1256
3946
2316
2999
3700
8845
2757
7200
1534
5391
6062
4775
4119
7154
123
6255
2983
517
4413
4251
256
2809
2406
1449
6976
3953
5420
7033
7559
7653
3671
4881
6159
4162
1037
811
1718
147
9511
829
5282
5697
1857
5274
5562
9055
1834
9794
758
1086
27
7713
3649
7325
5839
1392
2367
3265
9594
9012
5307
6348
5335
9416
4404
5799
9196
1520
536
9299
1965
4911
9419
1973
3995
3448
5070
8802
8520
2214
1945
6255
157
1557
4950
7181
4969
2690
1236
699
3469
1989
4276
4094
2579
5197
9213
3772
342
7497
1925
4056
7642
2764
7088
1757
6957
3493
6786
9852
5786
3733
4349
3680
1236
537
2128
6130
3582
5565
5840
9345
2867
5597
4231
8737
3714
8759
1668
1831
3591
6893
4701
6262
6840
1921
3210
8441
7434
4285
8981
4390
4202
796
1986
1117
383
8599
48
7782
9022
2396
6046
6700
2049
8317
286
7622
6252
7016
1334
4500
9755
3294
8005
8213
621
3039
4639
1594
5789
2099
2926
5886
5734
2867
2805
5516
9516
8906
1612
5264
5942
9552
9934
3020
3973
2320
1675
1715
9897
5428
2441
2177
1489
7037
749
8184
6911
1153
3050
107
4059
9755
8562
564
6026
1318
3949
8749
2385
4707
6373
2253
9747
5237
4180
4606
5634
2815
6366
5130
8089
9013
1308
5323
5842
5185
5460
1741
344
8740
5458
6120
9954
3255
8870
6343
7068
10000
1725
8029
4932
9796
2475
2089
5142
8091
4044
7181
8545
1823
441
364
4982
1203
3121
8576
6019
7985
3458
2118
9108
1622
2789
8670
7382
3624
371
2132
1734
6457
2098
124
3965
9546
6874
8868
8391
6021
6479
7499
8110
8495
584
4045
9434
7970
4011
3047
1954
6139
8507
296
388
4579
4037
5453
8334
7872
8288
5984
7454
9170
6843
1392
7640
7019
7847
6292
3313
3852
174
4680
9626
159
8343
9359
2483
4048
8361
6074
1537
771
1910
8295
5627
9302
6952
8502
3675
7215
2203
941
6028
8551
9973
3469
9249
9987
4246
4125
6605
750
8092
6303
6332
8694
5994
3186
1892
9633
3592
6764
3743
1973
9762
3228
5529
9158
9490
897
1907
4488
5775
1969
3255
4393
8283
2998
5108
710
5540
1282
3222
3863
9089
6696
1461
2571
2465
7110
3686
6173
7480
3014
5057
8450
3443
9888
1495
4982
8175
325
3910
6925
4357
8868
1077
8484
4249
8297
4308
3844
630
1825
6875
2140
1859
7316
7858
2199
3852
6947
3555
5982
1413
6651
9430
8024
2567
2474
7974
8636
716
9766
2024
4371
7619
8609
3215
9426
4297
845
1823
9608
2358
3539
8240
5728
9611
8115
1673
4530
7729
7511
9785
282
2538
3052
1034
8969
2026
4628
2248
285
7790
8374
4655
4517
6405
4325
3796
9507
872
8806
6618
3967
1044
8448
7672
3532
3963
4870
9321
6435
8229
1411
2071
7355
139
9953
7188
9144
4870
3438
8787
895
2101
6964
6235
5483
8112
2528
7115
958
7804
9617
4164
8461
5555
1552
4593
2278
3129
5540
7437
1284
5431
3953
7187
8220
9937
8525
371
7116
344
9477
3670
427
4613
7249
4558
5042
5439
4042
7507
2533
800
9406
7831
3160
6560
547
6372
3220
2159
4286
2338
2834
49
2128
4045
3008
4056
4877
5943
7743
170
4485
9260
4261
7951
2180
3662
4374
9498
6567
8092
5523
6229
231
2152
7474
3736
403
7076
652
6283
911
9232
2287
907
1291
3516
2676
5096
5809
145
7632
2801
1164
6712
2799
8382
9134
4880
5369
6011
2006
7253
1699
5668
9908
9459
699
8386
2820
8925
9295
2021
3848
7726
3690
8841
3622
5458
1279
7441
1596
6650
23
1389
2011
5596
500
7577
1296
4725
960
3889
3791
7469
6043
1334
5093
2966
5751
7303
3339
8882
7116
5784
857
7665
6509
9130
1932
7716
9383
4395
9714
172
8114
7897
9279
8312
1045
6313
215
9224
5508
8169
5978
2617
9160
8196
230
1891
1730
9186
1209
3595
6626
6606
3088
5969
2165
505
2336
4218
2342
1413
49
4673
4919
9490
1476
8883
4645
7793
6950
5874
6073
6641
4165
8301
9055
7455
3733
4795
66
3325
1001
3350
451
8525
8944
1867
6807
2431
7185
1280
9972
5915
396
5699
3129
4833
6719
7028
2981
2548
2775
5010
3770
2448
8425
3434
3086
5710
5764
2614
5988
832
4961
9451
9689
7667
3726
5501
5759
5410
5981
9341
4769
9277
3178
8195
5178
2221
9120
9161
3550
5404
5118
1716
8932
6354
7609
5867
2065
317
6360
1881
4596
3311
8423
3158
1792
2314
4185
4871
5092
1246
5834
162
4661
8779
5457
1399
129
4082
8133
2781
3453
8978
4387
6362
4890
4637
4938
6317
5726
1023
3405
4566
6829
3878
3944
682
1370
6511
200
1804
6189
8607
9236
4038
7148
3461
5288
3981
1152
6153
3625
131
2127
7573
783
5702
3543
1163
6136
1658
2099
9425
5301
4613
4841
3916
189
1239
1738
2339
3185
9488
8532
4177
1388
6377
2727
3572
2099
3430
9908
2828
2907
223
3634
4951
7604
6008
2323
9887
5594
5465
1805
4848
5495
1917
1850
5678
3207
5052
7438
7449
1960
8414
8241
8722
2241
6463
2423
7182
5721
9095
6160
4238
8426
5660
3787
6649
7201
7606
9230
1756
3840
1555
9202
1153
5287
5420
6636
1661
2312
660
3238
595
1251
1438
8549
7693
3972
3921
9326
9933
8842
1646
1953
5648
2675
3808
426
4812
9669
808
7581
8857
8652
2122
6204
11
7484
2373
7175
2045
4720
2666
1596
7422
2763
3897
9903
8063
3756
723
5437
4338
10
1191
1960
1239
6496
6577
6167
1643
83
6420
3765
455
6349
5405
1538
6320
4801
9543
9948
3937
990
9873
4471
2456
6053
1679
9353
4453
9739
6399
1923
8826
4297
4383
750
6615
1543
8375
4331
1898
3909
994
4364
7826
8223
9715
7570
5786
2841
1896
437
7566
2511
4963
866
8217
7894
1416
837
1827
4913
4232
412
8901
8989
4867
2025
1676
2231
8596
3880
6999
6992
6130
4007
7907
7204
8600
9083
6803
548
2656
574
2132
2147
6241
1956
369
3078
7554
6226
5305
9749
259
6768
1453
1575
6393
468
8594
2395
1971
310
2437
2288
1453
572
5495
4353
350
9100
7467
2206
5713
9736
6908
2808
9283
3689
2918
1072
7913
5242
4006
5574
5946
8604
6277
1113
7204
2783
9614
452
8043
1939
6360
6295
8255
9659
8538
482
6831
9707
9239
4535
1723
8650
9527
1720
1402
9840
2360
1245
2525
9994
1758
543
8923
6987
470
1411
60
6627
9327
317
128
1798
396
451
4781
9498
4500
2706
4822
8439
9023
7911
5620
6128
2233
7635
4140
227
7760
7151
4384
7240
3933
1479
1776
1752
3177
2180
6940
983
7402
9148
294
9187
3168
6674
7923
1298
6164
3483
7306
8529
1600
4145
4416
1693
3616
7741
2649
9675
9643
3540
3550
6602
1655
5766
2755
1749
5282
2620
2442
6325
2061
6745
6796
6541
6686
3148
1719
3688
40
125
5989
7554
9835
6998
9442
9901
9059
6814
9857
842
5752
886
1039
1803
3609
8845
2204
3694
4157
5476
4378
8418
8094
9153
5329
9254
7051
7534
4593
5737
3865
3575
8948
1064
4470
1160
7765
7867
4813
4594
1895
8234
3746
7469
3997
5179
314
5256
772
6222
9154
145
4851
3133
8260
8625
1728
3306
2434
320
2942
9343
248
9899
6730
4470
6234
3147
3223
1309
8061
9541
7739
5577
6133
8682
3171
6441
1752
9849
416
8038
174
5543
9875
1381
6635
9929
5358
4534
2637
3345
1043
4201
6384
4332
368
6180
9740
8744
5409
76
1148
3881
9843
7048
2932
4341
3594
4410
4362
853
5895
2968
2920
663
6735
1023
6796
7257
5304
7623
7741
7758
1827
8556
9501
5223
175
7898
9774
5677
5204
917
4581
2153
3681
1113
2328
9329
9812
1655
9686
2028
2617
9267
6105
2598
466
3276
4817
4451
485
4652
3615
3440
1963
8133
1525
9090
8678
8512
4111
2644
6783
6670
1235
2253
7382
4738
1380
5609
5155
3532
2830
7552
1622
3676
8015
2159
472
2596
3333
1842
2841
6079
3799
2032
7007
3571
6931
4913
2841
8834
2572
4439
6521
7748
2050
3828
7987
5574
1117
3876
7679
2250
667
345
6332
6404
7270
7814
7009
9748
8295
2971
7582
2567
6554
5953
3896
349
8645
9725
8175
2777
385
7761
2357
8776
7293
6802
3391
4540
9935
7523
3813
962
5446
9432
6824
7593
7894
9364
9179
4436
163
4257
320
9661
3189
1881
8064
7646
4740
4775
6587
6525
7743
7138
1693
5886
6745
3500
8568
3303
2119
1212
1181
5567
6209
1405
3781
8491
7810
4563
3724
5471
6269
6702
7421
9553
4032
9482
808
5586
3543
1305
4866
4128
3494
608
3508
2047
511
6420
2918
5268
4041
9490
424
467
8702
7648
8551
7159
5934
3865
6191
3469
4496
3673
8091
1227
8687
8108
685
544
266
985
9606
4083
8926
5866
2436
5254
2347
9931
4518
4391
133
7711
7843
2047
6900
8623
3188
2540
8502
6631
9836
7071
730
5383
8145
1592
4301
9871
2226
108
3791
680
4354
6481
1186
4970
4799
9015
1741
5666
8640
2631
3131
9090
6836
2267
9621
5981
9421
2829
6962
4014
5456
4660
8229
5553
2062
8706
9617
8273
1946
3094
7871
744
652
2622
2101
3653
8495
6495
9667
4566
632
5917
2109
4748
1424
9061
548
8067
2076
8581
8482
2085
6570
7595
1316
7898
4582
8311
5843
4560
1996
3889
904
3554
7038
3276
4740
2591
4611
8806
3602
2164
929
8599
9072
8520
7664
7546
4099
2801
9205
2159
5665
2765
3510
89
6419
3192
9245
7118
5528
744
1091
4123
9440
9726
515
8367
9312
520
9164
3339
4462
85
4565
7001
5070
6438
7565
4035
7989
6528
6863
9931
7969
988
8034
3833
8649
1448
3831
8558
3790
6168
6706
5881
6542
7374
4755
9206
1657
6294
6802
2189
615
3673
7338
5881
6490
9651
5929
563
4163
4679
7894
7214
9000
2780
1741
6091
9101
4638
8582
1247
1788
7445
1753
8443
9367
7179
5153
6632
7722
8094
4042
9667
782
3722
4471
5476
4203
1043
8810
6952
112
7119
5434
4334
7839
4025
564
6494
4230
578
6248
4995
9182
4290
7293
6972
1686
5718
916
9214
9366
808
3976
8941
2490
6172
6606
8824
4416
6770
1898
2084
1107
4224
8530
6315
3042
9689
1260
2799
8879
9126
151
6840
458
9097
6676
5203
957
8939
7213
4556
3223
2583
5961
2257
9361
6587
8580
1661
8187
8512
2911
1724
9558
4686
6686
9132
6624
101
3404
475
7446
3140
4761
4957
5194
646
9371
9550
1428
535
9291
3720
7850
2415
2540
7317
3633
4903
8653
4984
3313
8129
4151
2772
4003
5596
873
2141
3603
839
1830
4885
4945
6437
4238
3618
7420
2382
5171
1755
8534
4656
5719
9300
472
6411
403
2125
1324
5832
1996
6760
1413
3899
7531
4417
9532
8847
4843
5409
5576
7166
9979
7941
2631
8163
5105
8023
9189
9666
5214
1450
2440
2153
3531
5999
6216
3298
7077
7225
9605
5201
1430
3491
2707
4008
9630
4597
5092
4348
3212
6693
8819
7961
3611
9308
2265
485
7457
476
6689
6465
2646
9036
3613
5780
960
5602
2025
8139
4060
2125
8496
1825
957
2489
8576
9091
3473
3745
1727
4721
1905
2921
2521
4656
5958
2283
7665
9234
1393
9262
5729
7782
6275
4490
6195
7608
1080
7700
6137
520
940
2162
4512
7161
4324
1895
602
5833
1444
3567
6539
7406
3296
9828
3064
9281
3373
1916
8599
74
9949
4282
555
8571
8521
2830
2828
8855
5270
2759
3896
2107
9780
7304
8373
991
364
3142
2185
7292
5640
613
6683
9520
3399
1144
7953
5882
7645
7939
8772
3680
3517
7592
389
4317
7305
2736
9552
4111
9
5628
4193
3059
8426
4361
7730
6921
7001
1245
9899
448
640
5172
8274
8516
2617
6204
5574
4774
9088
7
3080
2571
603
7298
5281
3565
6559
629
6249
5925
66
3576
1476
272
8673
4267
7734
94
4108
800
113
8229
8180
5149
2938
1642
2473
4521
6335
8200
7700
5032
1524
8720
841
2862
637
998
3179
9763
9783
6073
145
7885
8455
1768
1543
5473
8981
9047
3787
1683
7276
1578
2853
5273
7751
7503
6240
2745
2840
8699
7506
3087
40
7884
2720
7904
3998
4077
4849
503
7872
9887
4380
599
1220
4677
8188
4337
6478
3585
6689
9072
5370
3334
6418
3971
5754
484
1386
5834
8320
287
9478
7995
783
6533
5223
3848
7460
7296
9927
754
490
5220
459
2943
647
8652
7176
8050
790
6404
95
2662
6074
8065
9780
5235
9002
3331
5644
229
5952
4154
7189
8516
2089
1658
4963
873
8573
2251
179
5588
2108
8929
4410
6659
5151
1569
4765
5605
4588
7443
3597
3355
1881
5793
1031
6727
5941
7764
3676
2958
3311
2465
7828
904
1983
6731
3656
8226
6510
1156
2409
4699
4550
8356
4780
6350
697
1055
6602
6739
4145
8223
345
5080
4469
9548
1629
1054
3024
6840
9438
6643
8783
9668
3452
5834
9378
8412
8341
1526
721
3681
6413
5304
9383
4667
7904
7791
888
4562
7485
9366
3836
7476
2942
3267
6585
7304
175
3940
4365
4435
9090
3838
5705
890
8123
2427
9644
3130
831
9642
9533
1446
8942
20
2031
7347
600
8110
952
3323
2787
6385
7690
9287
5450
1927
4567
5462
7503
6655
3778
5507
946
6449
1202
9872
8862
1507
9441
5632
7139
4072
6899
2347
1998
4563
8146
8247
4243
2985
232
844
8029
5736
8760
8486
3018
6653
8087
3672
1614
2673
1281
6670
8293
3604
5123
6561
8154
1112
7586
9698
2769
6279
9333
2094
8131
5157
912
4063
6119
5560
6673
1737
8756
5718
2598
9434
3025
6285
3736
3473
40
3188
6138
4505
3998
7726
1996
4364
8109
3527
6269
1239
455
6884
8585
3806
3743
5725
1841
818
4540
3068
7298
9661
4167
5789
6876
9628
6231
5360
3988
1308
2171
160
1596
9542
2977
8802
6630
497
7012
5078
1878
9793
2347
9374
7621
3753
7972
2891
2168
9734
9509
7208
7838
5644
5420
9824
2674
1968
7586
9051
7620
166
4066
865
8241
8745
5805
188
9876
7703
9200
2376
5024
180
4555
9956
4403
7270
9649
338
1307
4774
4843
6310
6453
5496
351
4514
1961
9932
4300
8293
43
569
2705
673
31
1347
8126
9934
9385
2000
4813
8247
6630
6238
9668
5341
1618
3944
5907
2987
5967
6605
9147
2544
4385
1842
1751
4983
7463
1681
7723
2647
9940
9845
6489
6599
230
4037
5350
6535
1720
3530
7485
5349
450
8665
6923
240
651
6453
5763
81
5390
4309
6033
1454
1772
97
7251
5871
8114
828
548
1456
8300
9368
2556
5716
5660
1915
9007
3444
3447
9866
4936
5080
2688
5517
7239
7924
3807
1002
1682
6774
3173
9280
8059
8736
319
1625
3032
4560
142
8284
7142
5460
2031
2781
1611
1908
5599
3091
656
8547
5022
2272
9823
7240
8710
3251
5751
8439
9238
3379
9629
3293
1684
988
4552
1542
3
8940
1318
5560
2069
8611
9049
7776
7597
2235
3979
3485
908
2240
7453
952
2790
5513
1824
6881
3223
3764
5482
4028
9055
4178
708
5337
4462
3074
3513
9237
289
1298
1128
3228
6717
2436
5919
8521
1405
6007
8721
9447
1675
2513
9343
9295
8586
9278
7126
591
6206
3002
3372
8412
3437
7456
7403
430
8271
9292
8182
993
5849
1094
421
521
9971
6077
4994
9039
8566
7382
475
3489
9527
3729
2264
3228
9281
343
6298
1335
5688
6548
7139
9233
348
1913
3588
7834
7881
1576
1942
8111
2084
6593
2294
4213
8661
5487
3861
3419
6513
1333
9576
4526
2874
4019
4018
9694
1003
8141
6364
9727
5897
6879
3899
4659
3051
4813
4863
9715
1146
9209
7872
3182
8666
1468
9230
6917
7257
8707
6088
4038
6160
9787
8867
6036
6036
7413
6197
7432
7437
4874
3744
7175
3052
349
3844
6175
4589
3426
6103
1215
7771
4273
1091
4620
3251
9196
6026
9252
1013
9838
9980
7514
5336
4140
3146
6324
1944
7400
7883
487
4338
1729
6566
401
4565
4303
1899
8313
550
9825
8108
9119
3663
7765
3827
2420
804
2580
5909
5630
1454
5118
4355
3277
2183
1020
3606
4982
1606
8239
3818
1117
7441
8866
4285
8927
9859
3952
2869
1252
2114
3253
5422
9672
6318
3183
4233
9891
4848
7046
1163
6464
4621
2431
6713
9103
2900
3790
2594
5453
7720
8367
7074
6884
617
9655
9218
6459
6634
5588
5366
1219
460
808
7387
4072
8042
621
1146
1922
1459
4525
1854
9871
2141
1631
7305
3630
7584
240
451
9769
1411
7940
8235
2377
8626
1447
6486
517
9938
3744
3051
2153
4714
816
460
879
2143
6289
184
8904
6400
7693
7705
1146
163
9
2567
1012
2516
1619
3719
1001
3407
1517
5535
916
2791
6094
8314
983
527
499
718
385
8197
4156
3044
5317
7775
2189
6451
5256
6182
5126
7746
7679
6139
4300
4230
8427
3665
7451
6792
6177
7093
5021
1512
1662
72
126
3782
5142
4753
6034
2840
7270
18
7297
9875
