2268
9623
1264
7049
852
2475
9992
2094
6419
4592
4532
4950
1923
8306
896
2342
200
2668
4077
9021
3791
1138
2584
9917
631
6202
3773
6609
3385
6914
4976
6498
9014
5816
1422
644
9461
4887
1939
9461
5790
7290
8810
2857
3567
8781
1350
7643
977
6902
7022
9500
8435
5037
1977
1502
5288
5098
715
9033
5075
7013
2200
2439
120
3433
2669
4235
3770
8344
8915
1753
3963
1662
6632
9749
2019
7665
3001
133
7643
3419
1702
4357
2318
4102
4461
4180
5886
2888
952
853
1066
5210
3602
8077
5050
7082
9801
630
170
1404
3864
5737
7438
3515
9650
30
8357
2101
8752
332
9652
7594
9905
5801
1778
9699
4416
834
6055
4973
4732
1546
1221
5808
4527
1265
4395
7256
7155
4713
3938
3609
2256
1976
4463
1082
7252
7084
6116
227
3641
4325
934
9678
7557
5026
7052
2007
2295
5258
7440
6473
67
6132
9089
7433
9276
9818
2237
2965
5474
9769
3693
9415
8505
5163
6252
9571
7833
2959
8458
1958
3700
9586
8471
3120
2905
6131
8427
6844
9361
7281
8210
6050
3622
4276
4900
5290
8382
2689
687
7332
2709
4198
1171
8294
2740
2917
8043
5043
2774
8884
4119
3614
9655
7902
7474
2499
8133
5966
8298
3680
7808
7935
3880
6547
7803
9931
9205
7863
1369
6103
6851
871
4627
8688
9055
9254
927
6071
8651
6528
3200
388
9198
8591
6537
3663
8285
8149
7248
5998
3193
2966
3575
3268
5201
1140
7214
3481
1598
2550
3893
4313
7823
998
2227
2932
1767
7495
1091
509
5559
7362
8251
5595
3268
8820
7362
4789
5629
9361
9974
9313
1327
3269
4079
1690
7621
609
8875
5856
6138
4149
9366
5784
8966
9227
6922
9834
4897
3666
8441
5280
3089
6802
4759
1279
8379
5000
9716
5337
9369
2892
2175
5266
7668
8249
6475
1243
3941
350
3715
9448
3471
6990
6215
1433
6884
798
1847
5800
1275
9645
4256
6303
9652
1081
9991
397
6013
6560
9859
3582
9468
6503
4767
1698
2358
3652
3463
3718
8081
3750
6287
386
1407
7100
8906
3132
325
2327
3605
3665
5615
3018
6471
7860
7833
7415
5841
2608
8415
2896
8601
4472
6293
4993
6539
3411
5784
7366
3614
6005
4565
4701
3837
5467
7094
1738
1462
8233
885
7931
7591
2177
6361
2535
8817
1974
1157
366
7186
2119
3143
9770
7361
7377
5759
6406
111
8126
3291
8547
4146
9113
5
9804
959
5110
4816
9864
7169
9820
9058
4252
1478
1460
7095
9513
6651
3463
5973
6569
2531
6940
1992
278
643
4883
6961
2256
3969
6931
2632
5224
6029
4061
2085
6927
7011
1890
8074
6553
8665
7802
4944
7158
3145
6536
824
3459
5061
8857
6839
9091
8693
9708
6176
6168
4689
2212
7966
6104
1618
2400
2209
7227
5974
2010
6877
5634
2666
4446
9927
1410
2367
5939
8400
9218
3992
7689
1186
3862
8570
6651
4467
5986
4875
5480
8841
9757
2004
7551
9448
6073
5005
3726
4841
5807
6115
1140
9989
2760
5476
1983
6314
747
3354
3847
3130
4873
1583
4907
7956
6287
9702
9502
4776
4680
7625
8798
5410
6673
6908
5140
5083
4011
4488
4742
8028
1598
1177
9234
5104
6969
9158
7363
5665
9521
6242
4467
1827
1593
7924
8966
3571
5291
6786
6068
2754
9114
5520
7143
6885
4384
7013
1899
5479
6516
6294
2923
1815
1013
1238
1843
4854
5686
7061
4380
7678
297
3483
1194
5165
5725
5833
4436
3682
3286
1063
1933
4866
5677
1005
8452
278
1262
4481
3330
5201
6900
5947
7851
4702
6763
4180
1263
743
1820
4439
2762
5607
6673
9193
1498
9577
13
8894
9849
3652
7986
5052
5621
8574
9417
3003
2197
9163
5920
9018
2212
8492
1595
1468
2884
9276
3873
4403
2890
748
4418
4969
3347
7308
3098
9796
9094
5789
1017
5598
6211
6501
4254
7251
9967
7024
411
6282
6233
5454
9383
525
172
7223
1005
1374
8173
3616
8834
8009
6627
3589
826
9761
8707
9174
5090
2809
6277
4193
1919
1128
4079
1484
2680
9773
9337
8857
5124
7629
1639
6207
9745
7908
9864
6279
3039
207
2706
8290
5279
6235
8027
2954
1408
8873
6008
272
6968
7212
7614
1313
2734
7235
6692
3464
9689
3023
8912
1356
4573
9925
6943
7571
8836
6273
5460
8250
5315
9581
7612
13
2876
8850
1172
152
5817
6938
9809
9628
6265
6998
5306
8497
6921
1289
6262
503
3352
3336
9205
2206
3764
5646
2053
4533
2968
7216
7936
5823
8677
4911
7470
947
3872
3228
8869
4981
3765
6670
9543
8302
8036
6662
8038
5619
3886
3169
2630
3370
5010
8618
2363
3916
2614
4818
611
6229
8583
9115
3587
1690
7309
7555
1903
608
6700
3797
5223
5647
8840
1258
2597
344
6890
791
8531
6099
5122
2675
8693
1145
5806
8299
6577
494
1117
2857
7308
1371
9558
8860
5721
8769
6353
1602
4044
241
4382
9893
4040
6642
3598
6748
3350
9135
4103
2692
4295
752
3298
7390
4045
4469
2348
8245
8847
4090
19
4277
8746
6515
2281
1053
8866
793
6156
5956
1824
4417
8625
9975
749
311
2597
503
9284
805
3673
8569
4640
2336
625
2267
3101
8473
4338
5526
2628
4079
9279
1144
7012
3135
4181
7202
3492
4889
4878
4847
740
3926
3800
4196
2869
4486
7408
736
753
5351
5778
7992
327
96
6076
2156
4939
2941
873
5609
3153
4869
8691
4500
8423
2928
1817
4026
2977
7271
1209
7234
2196
4083
2160
1447
1390
9861
993
9246
4602
8822
1793
5840
6825
3064
6136
9035
4163
291
6100
7811
4548
8394
3554
4516
4324
944
715
6378
8892
1836
9048
3262
4180
420
73
5758
8844
6360
1298
6616
1300
4700
7500
3874
3180
3204
2908
158
7269
3918
1871
3110
412
4702
5835
6212
4448
9891
1504
1964
5615
4124
3032
7254
5150
5660
6919
4214
5120
9878
1618
4651
6126
7635
890
1153
2675
6672
2097
351
4193
1545
6873
9493
7537
5686
4070
267
4351
5210
3006
4081
9427
3725
2624
4412
9350
419
4667
9893
5288
3177
3324
6920
1320
9507
6926
9110
1618
178
3207
4674
5282
6223
352
9365
1518
1861
1263
3810
1610
7144
3526
1259
3672
8222
5486
681
5871
4922
5190
7494
1443
6982
7718
9161
3860
2230
7097
9968
9705
5943
3207
9221
1522
6438
8566
5613
7423
4290
7039
2145
6811
1384
1739
1207
3227
61
7023
9135
8385
419
4937
1327
5730
128
9528
4546
1745
4147
3116
4843
4126
9678
3144
658
5528
4763
3566
9627
8442
4098
1384
8813
8036
9256
4006
2340
5233
5270
7341
1402
9648
5377
2894
6023
665
8284
5389
2030
508
5332
7983
2388
9564
6088
5128
9684
3545
7021
3770
3494
5260
9510
966
3995
541
4131
659
8030
6788
9611
7340
3472
6187
1601
4341
1056
9674
6666
2545
5379
3911
8883
6756
7053
6248
1514
5700
8488
3708
46
3095
187
5678
4774
1097
8649
2508
4428
1483
5245
5710
7065
132
1553
1509
3066
8081
8508
7383
5599
250
2873
5101
7357
3812
4520
3150
5263
4333
3651
9228
6080
6629
8567
7409
2587
7508
6166
5246
7021
8333
2923
2904
5343
970
7868
2020
3099
7825
8889
2598
1232
6723
6121
4026
1752
9705
992
8625
2355
2486
4152
1348
7597
1903
2738
3410
8056
372
7379
2801
6534
9683
1838
300
2986
7098
2311
3235
9817
8629
9597
2140
6935
3105
7028
8243
6599
5013
6524
6880
1634
7117
1264
8538
3430
898
179
6056
703
4056
435
6884
8633
249
6135
6479
5569
9676
3114
8951
5395
2238
2774
1018
7637
2224
5881
7739
2563
6518
6796
4288
7831
4281
1449
914
1461
7258
5050
1413
9458
119
5926
4784
8887
5996
8436
2232
5311
7808
3724
7307
4154
3433
2734
6822
9868
397
2139
651
1710
5053
5614
6935
1269
8490
1967
7811
3954
5155
8380
9132
5399
605
3113
7129
8182
8892
5552
1032
2795
4252
1345
3486
3101
7255
4630
5753
2961
7230
5505
832
9239
1082
2479
861
7979
8591
4585
7634
7996
8581
9451
6499
6005
342
2194
9927
5291
9398
2220
8175
7945
7325
3104
9950
3339
9953
9400
888
747
4079
2637
3962
1801
7514
953
5987
3272
3359
6055
167
7504
4662
7401
8216
9181
108
2624
3447
5443
2967
4352
5028
7678
845
3744
2365
4256
3570
2412
9357
15
356
7304
2139
9188
6365
8305
9555
7502
9652
1762
2026
240
8
8003
7075
2996
1447
994
5127
9892
13
5620
6990
2505
1569
9188
7803
3336
9560
4519
8414
7026
4622
3672
955
3718
7282
3259
3103
3284
806
8695
6473
6201
8435
6041
4125
8547
2274
7470
9771
1251
2375
3669
7305
5205
4005
9033
4180
2236
318
9714
9947
9722
5917
5406
9492
5451
3504
6599
2420
5096
1898
2310
3797
6953
8175
669
4990
8437
969
2359
6401
2984
9024
331
6757
5839
2687
7254
2931
778
5065
642
5780
2077
4918
9636
6838
5604
7902
4206
5743
9387
9768
68
6288
7537
8485
5191
1154
4204
2672
5056
1241
1176
9463
4696
7896
6113
3966
6060
9012
1483
6830
9629
9807
5674
517
6932
4813
9746
2416
1234
961
5640
6430
4850
8714
9903
1404
5294
4434
858
1949
5526
4308
2848
641
7057
8916
1551
8688
4011
9292
9485
9627
254
7437
420
425
5785
2768
9610
5157
2772
5134
4864
159
8779
5995
7166
8378
7783
152
6887
6298
6571
5800
8759
822
3786
7931
3877
9292
9265
5629
7216
626
2831
5318
19
6490
5181
1394
6660
4490
695
2194
1883
5246
5159
4100
8854
377
8288
4469
1766
2674
2403
9938
5805
2904
2864
9033
2647
8487
3287
175
44
9092
9393
8587
5401
154
5380
2517
4558
8703
1868
7028
1244
443
1196
3756
1127
7438
4300
4906
2181
5795
256
1201
1613
3045
8356
2865
2072
4776
33
3592
6135
5785
8700
4570
5404
1342
5422
8893
6035
598
4105
7539
287
9141
7743
6293
7608
4924
6521
4855
7024
1892
3102
2963
5649
8760
4805
5270
8969
1477
2684
6572
8017
5307
2553
8092
5100
266
1363
8175
3003
1180
2858
7803
1202
3878
8324
4074
4386
1148
1644
2665
2636
2531
1154
2610
6081
9443
3638
5129
1863
3941
2226
3603
1571
9151
8138
1652
330
4438
3533
8958
2027
8867
8891
5207
8751
8132
1499
8841
9510
4378
8118
622
9105
9894
9963
9044
7165
6395
4321
4543
4124
1765
359
3595
9633
896
3537
5710
7840
9030
5978
5066
8980
2815
5645
4347
4142
3559
4961
8927
9146
762
4303
2269
9503
5620
5897
4209
1723
4338
3295
8400
7488
3248
3678
2451
9429
6631
6094
1872
9705
8814
1560
2394
8762
582
4923
3626
7348
4819
4280
2514
3796
59
840
6395
4874
1527
5732
5648
2266
3594
3837
2359
2863
5735
1098
8591
3508
1838
6985
1350
6611
193
8637
1699
1663
5254
6582
4312
3430
4781
7938
5446
1936
8379
1326
5521
2196
2890
234
5633
928
9840
7572
9071
4859
8653
1272
4796
7275
5395
1548
2549
7376
371
35
7348
2791
5622
2072
2398
9568
9485
8851
4688
2771
7321
4313
7828
4408
6250
4553
6177
4004
4879
1160
5246
9710
1126
1285
1350
1813
7504
8723
3388
3037
1373
4369
7741
9202
4319
8334
1874
9271
6795
2484
4871
7238
8311
3316
7295
9159
1771
1124
2381
7325
9636
7223
8983
4810
5608
5100
4189
6858
297
1715
2729
2864
1647
521
2199
924
3656
7699
7615
1767
2823
3035
599
9097
7356
4474
2388
4017
9
1046
4542
2009
3793
7558
8007
7591
1834
9965
9267
2991
5570
840
4365
5191
8197
1011
1101
4410
2891
306
7174
665
8356
7251
1310
7867
5453
4783
3459
4252
3237
3585
2843
6879
759
7663
2871
8246
403
8070
1822
4722
6985
3734
3727
3127
4097
3019
4188
2379
75
8125
4151
2156
5286
4950
9831
1642
558
3471
9170
438
2129
1913
8431
3254
4356
5479
9375
6298
7234
3288
1834
9117
5484
6035
3820
4059
5900
6627
1713
505
3139
9786
2110
3970
519
3476
8649
8085
3204
9912
4345
9167
3036
3076
9881
7279
4338
7972
4785
8836
7353
2339
5839
9755
4610
3860
8514
5255
757
5632
2040
2810
2280
5673
5714
1298
1509
5763
6465
648
406
1080
5937
454
2643
3380
1055
6879
9549
6464
5232
9831
3768
9569
1677
1968
6714
1907
9349
4008
1636
9586
7435
6143
5827
6265
2287
3835
7384
8626
5530
6060
5756
2304
2375
1425
8502
6511
7738
8781
6347
3082
1119
5449
906
8817
8441
1488
3516
5319
7728
4628
9316
1777
5642
873
2019
1356
2802
3921
7081
250
9107
1840
6670
1527
317
4645
4606
9536
1497
8841
4340
9769
915
4851
8862
3395
3564
2010
2501
2855
1679
6889
9298
2076
3373
4701
5333
5918
9081
8138
613
3454
7640
7906
3502
8783
719
3246
4811
1969
6606
187
9453
7515
1998
8494
5613
8357
9891
2058
9116
1473
1290
2283
3827
5014
6630
2466
6519
6146
4352
9743
4292
1702
219
4551
3756
7001
7026
2061
1777
1587
3048
2996
7591
4837
924
8835
2598
9990
7425
5902
2236
1818
4538
8464
5348
6823
7189
6969
7769
9794
6960
5663
3255
9769
2026
2947
3496
3542
8
7590
4016
1705
3999
7857
9859
5910
5539
801
8200
9338
8766
6194
3751
3377
7993
1932
225
161
7531
9716
1283
3862
8865
4871
2203
7880
9918
284
5383
4112
4950
6000
3792
4562
5981
9156
3611
8901
9426
6380
7308
8422
3889
5712
4928
1256
8216
647
4272
4749
7027
972
6137
282
6048
7322
9388
305
7868
9747
2643
9289
8212
2954
4536
6801
9165
6016
2655
1175
2607
4538
2829
4982
3803
640
74
6802
4073
8955
9455
3888
912
8822
8778
7762
8337
24
3775
6733
8434
4575
3116
5185
7711
1628
3208
2266
1697
1843
211
3764
2471
8056
8408
1998
5794
4377
6529
4415
9472
6433
9584
8154
5721
1597
8337
8613
4915
7744
3804
7439
5488
2569
405
4061
3855
6099
8129
3113
7100
1583
1079
8884
9132
2904
2567
7467
2851
6572
1621
7623
9306
1837
1007
2967
7009
2115
4455
9341
5820
4591
1503
6063
5066
3301
4584
3252
7934
5748
5692
1540
4377
8235
9095
2573
5137
4388
8803
6203
5747
3929
5220
8344
1480
415
9766
9217
2627
9857
6331
9877
2396
9678
2368
7150
2290
4017
997
9715
4800
5416
1915
3775
5053
9199
4185
3610
685
6670
4819
6684
8140
511
3007
6556
3627
7128
2209
4136
4744
3437
7846
5281
9518
4532
8819
7270
1848
6010
8875
69
3481
2000
4963
5536
1770
5813
5695
7817
1816
3893
9146
6395
2875
8273
8545
7183
2339
4679
6599
5439
3091
2121
3858
8088
7636
5347
108
4252
6359
2229
4458
5423
1716
1707
2627
9671
9456
532
6696
8798
4099
6200
3914
9507
6444
3624
4568
9665
7678
1454
8483
3985
8682
9058
7041
4738
3005
3913
8715
3661
4376
9659
8937
431
8727
6169
8156
1367
9977
9891
2166
5396
4713
7677
6292
8213
577
6243
3537
2092
9549
2335
5729
8861
5152
2199
5582
1974
1587
1444
3962
9074
9741
9798
3754
3
7848
7259
9127
170
9061
8663
8994
112
9049
1167
5367
3007
5830
4697
9196
25
7719
5667
3244
8539
2824
7785
4566
4667
9047
7671
2287
912
4255
1841
9986
4457
8997
9902
8669
3641
1788
4293
2428
7127
7671
9410
3620
7556
7353
6794
1915
8303
3557
4625
7542
9745
8666
9705
9820
8386
3233
2949
8775
1500
5657
826
3700
6011
2664
6859
3172
9820
2660
8998
8917
1992
1349
5929
8892
6011
3545
24
367
4102
3996
425
74
6165
8071
5304
8304
5731
6726
5193
9621
9328
4955
8288
6605
1376
9292
2539
4913
5032
4609
7901
7340
6118
9778
7469
6469
7536
709
7022
8257
8096
1680
245
9610
4521
7348
8476
1276
1745
2344
3684
5422
8375
3954
7509
359
1656
8386
1298
6209
7472
2310
8757
7154
1445
3040
988
986
1459
4469
2029
3426
1
690
8085
2032
1984
8138
2774
5120
6329
6856
4784
6592
4706
6053
9919
6922
2050
8730
3700
5709
5522
2572
782
6595
5319
2524
5147
574
1899
8132
8879
2804
646
4916
2585
1812
305
2590
2890
3216
9919
6489
7849
9256
6705
9428
9627
7765
6250
5317
7593
7687
1690
4182
5228
8023
2252
7593
9137
3227
1290
4452
9346
9482
7153
3136
1276
6764
415
2799
9874
8676
2865
6747
4760
1578
9625
4335
9154
5645
5210
123
7915
4152
7103
8650
1958
848
3801
3228
6449
9032
483
6747
1396
4205
7046
5181
3848
8339
1916
3370
9963
8553
4345
7584
5358
4448
4930
9759
4678
2795
6766
8635
425
2283
1707
1719
3390
3952
7840
6005
8873
4826
7543
5088
5017
574
1361
1462
59
9914
2010
7481
8269
4197
991
7235
9103
7302
7462
3455
1356
3246
7766
1526
8328
9905
9474
9457
903
1181
6786
5877
6044
6408
6061
3278
901
4219
8741
2632
4365
3363
5538
9745
5339
140
6998
9857
5441
1413
1235
6688
7190
1652
991
402
6234
8541
2098
7160
5836
4732
4829
5965
6240
9897
4848
605
1813
6391
4473
1612
586
781
4405
7568
7858
255
8098
9506
92
2015
9476
3052
7244
39
8123
8522
8391
182
1464
9419
8986
8949
2580
2467
5329
742
8556
816
6954
1412
7804
4892
9829
4939
8988
3544
7726
5440
2438
1478
635
1938
5812
1860
2173
9662
4700
9800
404
271
4786
3459
1653
4386
1246
4609
6991
1064
7951
6042
3174
4305
4999
6232
114
2917
1260
8463
3655
2457
2017
9227
1953
1409
431
9476
1668
2919
9396
3570
8679
1776
4877
2057
3036
9948
5443
5663
7153
51
7735
5249
1270
2257
1123
3008
6346
638
1184
2999
786
3975
5067
2258
5280
4802
5274
3748
4973
8390
1459
4390
9541
5524
8518
7079
2732
3758
1242
5566
5946
8899
8537
5456
9213
211
7556
6614
6982
182
5766
5594
1989
4234
1887
8725
4845
1359
5145
7009
3615
8067
6130
8071
4487
4763
8025
7306
9305
2176
5627
6541
2153
8943
8359
86
8187
8853
2973
5261
9710
4568
7846
6896
3456
9942
8215
898
1989
771
3283
9915
8836
4955
8873
8326
5124
6406
963
8341
6372
9839
1301
6846
3172
1833
600
2260
8092
3703
9913
2572
2147
3584
9518
4716
8344
6578
3759
1516
8338
6254
2879
6556
1210
2927
5398
6586
2191
527
3155
2779
6664
9784
7269
8225
3327
106
3744
525
5668
9002
1609
3299
5303
1177
6096
7566
4060
2981
6275
9334
7709
9912
5546
3514
331
9524
1274
8654
1056
7552
5543
1495
9108
2216
7065
574
1638
27
3653
2412
7512
8117
8588
1506
6010
7183
5964
4362
8156
2109
1351
8608
8358
5883
5432
7223
4132
2089
1760
5883
6071
5336
6432
5983
5551
5785
7914
5299
5664
6211
1280
6285
8198
6715
4910
9571
5416
5183
3550
6447
2901
6071
1157
8857
795
7371
9025
8491
4172
3010
5203
6646
7880
8836
3306
5388
131
5703
8975
3888
9513
7436
7494
7968
623
7367
6530
8263
1494
2111
4033
9974
551
5304
2611
2899
9472
6614
9217
3679
7460
1801
8129
6399
8932
5655
5384
2170
8462
7071
4427
2319
186
9025
4296
7358
7333
8697
4757
3013
4126
5127
8044
9882
1751
8589
9064
5656
8615
2776
5526
9289
3238
8694
2094
5354
8873
6963
8028
794
7966
5717
4234
8815
5735
2162
3021
363
6086
1621
2687
5362
2990
590
6319
5463
8182
8720
8804
8595
5929
4464
2413
3211
7080
9212
7112
6361
1085
209
2322
7319
2987
336
5200
82
7526
4795
6177
9870
4977
1928
3175
7696
737
2472
5198
1118
5277
7733
9019
800
6932
6485
4191
92
7055
4691
6464
2860
9290
3514
5527
8206
1064
6722
6732
7044
3319
8169
1224
6135
6625
770
7956
4457
8787
4511
7111
4545
6715
2753
1199
7018
2868
5106
6047
3375
3992
3681
6625
7495
486
200
869
5765
3766
4911
331
1613
4162
7673
1295
6266
6737
5966
3790
7945
3053
4433
6528
1136
2263
5600
6942
5141
6067
5531
9019
6610
9897
6577
5411
211
4590
2162
2330
411
2371
3977
1394
9141
144
3979
3635
852
1039
1349
5167
9304
8821
8284
4425
9190
4263
6091
6910
8764
4406
6891
7579
8947
5576
5898
1210
1256
5058
9007
4689
6169
5459
7610
3427
937
9853
8720
8320
7103
9326
9278
8986
658
835
3479
3650
6533
4333
3255
8461
7921
8644
6332
9331
7163
1862
9495
6993
9684
9099
4760
1833
1224
3265
8547
218
4216
991
3873
9406
5252
5547
6625
2498
6796
6717
5623
8081
7629
3650
5350
100
1307
644
5421
5576
687
1642
7289
2505
9259
9734
2089
4203
9276
4608
1184
8902
4492
2717
5105
4658
7228
5823
1516
28
639
8384
3053
5488
8246
840
8665
3771
6149
1507
792
5302
6366
1685
3656
7542
3601
1659
4723
3006
3233
635
6818
8542
3874
5023
6980
1498
791
4514
6323
2168
8192
2768
1574
2291
9227
5656
3835
772
8630
5063
2314
2429
6886
2738
2080
8844
2087
9372
9258
8593
2750
3229
6504
2812
2363
816
5614
7347
6727
1921
9231
3389
346
2621
1787
9825
1750
3559
5700
7107
6307
9128
433
1816
6046
4809
6354
3265
763
970
2258
7308
4043
1536
7276
552
471
617
1568
3475
546
6786
8798
9377
11
6798
3309
5013
1347
933
4639
9271
4005
7362
2650
4526
3511
6542
9694
15
9953
5956
4348
2096
6290
1345
939
5368
7363
4088
1044
8149
5283
6279
5036
2655
8454
1515
6064
8603
317
9037
4661
3433
3245
3396
1994
7040
9623
7840
6585
1202
2597
1509
7929
3297
1418
5929
6568
3270
9343
1454
1048
4935
1886
4578
737
737
3363
9926
6966
7256
3878
1752
9056
962
3080
7747
1438
1973
8467
4271
1969
3808
725
5142
4412
2439
7538
9073
4215
9436
9145
3087
4791
719
7690
3270
5278
3322
1723
5921
7772
6722
3592
3973
2050
6735
59
3247
7201
5366
185
2897
6701
755
6233
8146
5216
508
6233
7943
6604
9817
2258
772
7416
483
4090
6068
694
1515
4089
1413
7173
7075
5505
3540
9657
6744
2544
1083
1143
4991
3542
5855
1616
5874
5780
8425
4416
1130
6745
9773
3194
3166
6773
6063
2297
8376
5137
3227
6761
1478
3196
8570
9444
2264
8292
4131
4035
581
4816
4673
9433
4707
7099
7688
7989
3790
4619
1157
8400
1236
382
3286
8005
8151
3740
4008
1294
5578
6276
130
9400
7155
7668
2833
9797
6713
6218
9745
4939
1563
3243
8902
9348
9856
4363
8556
2449
7457
636
9893
1496
9609
7498
9123
3274
2063
8780
5426
1444
7148
236
9006
9465
7408
1975
6035
3023
9692
858
8507
1326
4552
4263
9262
373
6846
2014
3863
7574
8829
5542
4178
253
2
8258
6552
2521
6437
2183
309
8189
5071
7683
7798
9129
2054
1778
7254
6546
8880
4131
8498
9729
4515
9599
7926
9494
5921
4560
6471
459
3900
2749
6724
9579
8749
1005
1024
6386
3711
6276
7550
5287
1782
5750
9129
7209
8912
4447
6664
9758
7095
3701
7295
2829
3377
7501
5891
8753
5861
3307
7331
1722
7577
3104
8801
9011
4809
8720
5246
3709
3654
6458
9940
8998
5774
2939
7264
4939
6104
5804
9527
4766
4220
5955
3213
2250
1352
3098
2678
8117
6016
1781
9773
5479
4629
5239
8331
181
9261
3923
1549
5534
4201
6289
1104
3582
1992
4182
2083
1048
8849
7336
8989
7876
8803
8908
9021
7061
8293
2855
461
623
4904
2405
6423
6473
2679
3751
7050
5709
6544
1134
3768
9534
379
7757
4504
7823
8684
5406
1846
1857
1582
2567
6601
967
317
861
5645
2398
8197
5921
4679
9904
7235
7858
5766
4457
6097
7054
6185
4086
6130
969
3618
8811
3518
6838
116
6445
9390
4741
438
7016
7
7250
6407
6702
5551
4547
1058
5441
836
4359
1920
5569
3110
691
208
5932
438
1038
311
741
1232
3444
3447
5536
8388
5235
2699
3495
3562
6573
5220
9889
9632
3899
7752
2669
7663
1548
6922
2200
8678
2412
7615
885
9381
8018
3016
5629
9922
389
7383
4311
3049
3885
5509
7594
3070
1976
1405
6279
7115
4909
7951
1823
5810
1486
1984
8392
502
3186
3382
9183
7921
5913
2491
1554
1691
7254
4339
6635
6152
6498
2522
1700
7083
1896
1270
4799
5287
6384
3920
5609
1886
4929
9877
7107
3282
2319
5281
722
7751
1357
9093
9066
629
1921
5047
6877
1183
2659
1603
5876
5847
2026
5348
7473
3705
5725
4681
117
8031
8731
8367
9967
3525
8939
4672
624
6123
283
8539
389
8295
9065
9532
3827
7406
4600
6254
1830
7356
9957
4140
1962
7106
4939
1309
428
5394
5841
4262
4756
6536
5943
1108
1624
5730
3124
5863
3904
6089
8360
9941
3485
5993
5708
2133
3029
7729
2624
3016
6232
8998
4606
3676
4608
932
7817
8283
6415
1533
9805
1393
658
1712
5549
1062
2655
5987
3266
4821
4462
5573
7991
5767
1578
1881
9485
1931
4077
4198
7672
6695
4724
359
6907
1412
7429
3518
3598
9588
2549
4622
7184
3630
6795
5040
9414
3435
9296
1016
8142
6822
2862
2947
1446
9145
7564
4943
4836
7951
995
6260
6148
4588
4010
3943
54
2390
1216
1587
7404
1551
6197
6320
5623
3239
4143
84
4261
8909
9746
3433
486
8856
6460
2027
8067
8306
8707
9531
4709
7753
4630
8106
5287
4581
9351
4876
1222
5309
1236
152
3742
733
4662
1158
8353
8929
781
756
6264
965
9501
755
3580
4989
2897
7830
8968
8599
6229
3425
5978
1060
1819
3547
6958
588
978
4206
2412
6689
5005
444
3474
1148
5573
1411
5534
5891
7860
6486
9192
5117
1455
7211
7384
3340
538
1303
1616
4469
3410
6170
8710
9331
1783
459
5723
3460
7650
5820
430
9790
9660
4472
6118
8880
2719
1716
4719
5040
9530
7809
2590
8192
6543
9545
5197
6649
9920
2508
1837
2833
2696
798
4831
4160
8683
2800
5778
6665
6329
6745
1514
6504
4441
1663
4209
1704
863
5644
590
6212
6634
4910
5829
1672
7669
170
1211
5356
4400
5235
2327
104
2691
2159
8743
7988
2818
1603
9285
1243
2811
1843
2880
6778
1835
3273
4277
5502
5120
9387
284
7837
6211
4565
4689
7309
5654
6897
2903
3452
4106
7611
4050
2589
6462
9813
953
43
7749
5856
2722
743
3474
80
1432
4031
3892
5666
7997
8133
3903
8874
116
1698
47
3698
4306
3685
2709
1869
7671
2541
3782
3904
5634
4260
7656
6390
2737
8822
7884
6379
7448
3386
8158
9718
4748
5287
5077
5201
6891
2592
191
503
4864
9942
8542
3654
4365
1916
8291
3557
5739
1916
9115
673
7372
6429
3275
1229
5964
9223
7434
2614
7051
9529
9281
8247
7990
2492
2304
7266
938
8992
9484
8294
2729
819
2519
2975
8014
6805
1749
6507
4478
7047
6761
74
4102
7769
5821
3634
8733
5728
3957
2249
4458
2928
7587
6313
2275
5739
4225
4183
2843
2570
2544
9157
3734
8710
8662
8001
9853
3839
1719
9045
148
8237
3240
6475
1323
3404
7437
8489
8148
6840
1204
7404
9625
3870
6139
739
5488
3507
6887
6428
5481
3124
4513
4699
4995
5473
7478
8532
3365
5562
470
977
4562
4740
432
4190
922
7169
4661
907
1251
3911
9916
1416
6900
398
148
8655
4511
9903
109
1653
6241
8525
8592
3226
3243
3539
4753
5745
9839
9899
6048
984
964
8641
5442
9308
6058
7672
272
2695
3273
1076
2042
8241
7900
7851
9596
7119
7164
1762
5765
6513
2364
9241
5017
1018
3879
9775
4917
4815
1962
7953
3944
7137
4774
1203
5589
8468
925
1639
2222
6132
5105
1016
596
7243
4541
4624
2725
2534
1279
8051
4933
9963
6787
8928
2271
4585
394
7133
9726
3558
4307
2531
7421
7000
8451
9486
5273
7814
9512
9763
5605
2112
3314
4487
7865
381
9150
9629
9334
4080
8401
9813
7139
6778
919
9089
5371
9295
6857
7928
8105
7596
6205
3475
5695
6725
5771
9365
3733
8000
4360
949
6587
5263
3829
8472
1546
6973
2267
2923
7845
1625
4280
9647
7326
276
3634
7566
9242
1482
9935
9672
9152
955
582
7417
906
973
8994
1707
4458
7738
3895
8425
3376
3241
2182
4976
2927
4685
5477
4982
7860
2924
3252
1508
1319
876
152
6677
7731
1058
8246
4281
9441
1047
2553
4772
3603
2132
5814
8477
3797
7081
1694
3310
1307
1322
1686
8861
9459
6907
9077
4538
1676
8080
9187
1320
6020
6553
672
2298
610
5922
8687
351
5786
4896
109
6604
7017
234
6317
2373
5127
9581
5645
8558
7490
925
7132
2217
216
452
2209
9975
258
5853
2081
3393
5365
1957
7015
9879
9316
898
6573
1197
6944
847
2360
610
9620
9477
7998
4361
5303
5987
7356
2244
7377
8615
8360
6930
5440
2676
8658
4284
596
6916
8877
7737
8148
5422
8340
3436
9691
8797
8439
5662
1951
4050
2080
219
4047
8819
9308
9127
2086
6459
9140
3332
2024
2894
8075
9581
2372
3896
9422
3832
8153
3895
6431
939
1886
8507
1733
3102
1132
6667
6525
398
5323
5647
2116
6008
7399
98
4454
5247
7595
4587
7631
4494
4342
9536
4605
2595
7536
4071
4573
8388
6225
4970
2112
6514
9697
2684
9957
6548
5866
9582
228
4666
7846
1601
7784
2304
4712
2754
4211
6462
6061
5278
9601
6667
7624
6201
1808
4974
9001
4602
8767
3221
9064
7013
8073
8694
5337
6974
7595
9260
6757
74
1218
3154
3323
1626
8407
2933
474
2887
5509
2294
9000
2719
1073
3527
3346
7564
2383
2039
973
2509
1452
2461
2763
1070
1505
7374
109
7929
3560
7070
3868
4171
3671
3829
9426
8890
4151
4589
231
5734
9645
5500
8263
8894
7993
2896
7474
2435
2505
2987
3254
2098
7136
2540
8684
7255
1555
6001
5316
5464
1103
971
8179
8598
3096
7615
178
6743
2445
5903
3216
1680
8485
1468
1022
1156
1030
9486
6182
8864
6136
1719
8689
1777
253
5125
8212
3459
1510
497
7777
3443
1589
269
1877
3121
8822
9799
5368
1721
8224
2257
2373
6016
8138
811
8697
1481
5602
8917
3299
2224
7309
173
6973
8523
1968
9826
4276
8305
3974
9436
555
922
3997
7686
2145
3814
6883
758
3383
8811
3584
512
9234
9514
1111
9593
3620
21
6890
7195
8201
2753
2104
3312
7702
9520
1337
4862
2405
3862
8332
5618
9022
3260
4961
7324
378
8647
6911
6255
6351
6066
3456
8921
652
3864
6196
729
5511
4514
8044
1297
336
3116
2856
2636
7713
6393
5921
1632
5923
7851
1301
7764
1034
988
6538
3429
6097
876
4338
1822
7966
9465
1347
1417
2307
4963
1550
494
497
6382
2211
5496
3419
3375
6057
9460
6305
672
1159
9982
8882
9200
6139
7519
6751
3859
2143
8626
6973
4204
9346
5346
9877
5217
8799
6020
547
8614
1538
1814
8535
8009
600
2404
414
8097
5052
4599
3122
9416
9825
7408
6043
1178
4860
3475
1507
2081
5463
3255
9101
3536
5376
136
5636
3010
2522
1458
8595
7629
8113
7745
2144
6121
269
9450
8345
5836
533
5443
3219
1674
3929
5576
5053
4194
2633
5253
2015
595
1172
9339
4794
3967
7135
8946
8268
2653
7943
3634
8789
6692
1954
8285
5476
6827
5198
1702
8676
9342
946
31
9539
8483
5423
7436
1227
5986
7149
4734
4681
971
8999
9665
5259
1493
4949
2565
1792
3262
2572
8378
692
7617
3058
8276
1643
1068
3744
7755
6401
761
7852
7922
8764
7482
3012
7688
2231
9282
3622
2869
1527
6600
9148
176
3597
6514
8676
255
982
8940
1298
4233
9748
5059
7237
8127
587
1765
3682
9221
4230
7352
6870
958
4442
9051
7875
7784
2018
465
7281
5756
7152
8382
1230
4242
8789
1135
8751
5779
887
7563
2814
2812
7382
1552
8063
2636
5056
6995
2140
3185
1080
5134
3399
6212
8413
4567
5095
9521
5390
1099
71
3007
1078
3197
8208
4209
7127
625
7224
8611
3412
6214
4209
3935
3195
1455
9875
5507
4083
1980
7691
7264
8445
8613
8075
558
8268
4729
5249
6876
8030
589
9613
850
7679
4174
7704
4396
2248
1005
1604
7268
5264
5538
8575
3663
9306
1721
8763
366
670
2907
9651
7285
9554
3603
4347
7116
9882
9418
5875
7740
7502
1349
183
8784
6565
8782
1391
7924
6078
3995
8745
5482
6844
3842
3544
1015
234
630
9179
1453
4728
6396
69
3066
5764
4534
27
9560
9974
3179
3031
1893
7301
7564
9429
7928
4397
7757
9435
4400
6211
1141
8743
280
5071
4100
1818
5216
598
3536
6856
2472
6131
5571
3689
4495
8209
5434
8315
8523
8535
6227
7004
4445
6166
5282
1168
6487
6905
1351
2007
1566
4741
3191
2427
2420
957
8026
3955
2007
2467
4810
24
4849
7576
1234
1565
1247
9699
358
8675
6468
3149
9630
2361
9445
1371
2327
7526
7222
679
2062
2238
769
8939
6850
491
8001
9178
5288
8584
3093
1262
3559
3129
1256
5827
7081
283
8748
3760
8830
9750
4273
3167
1961
1639
118
5721
839
2723
5521
3231
6600
8061
9409
5882
9822
3847
3873
2347
3319
197
5396
6985
8822
8682
9173
3013
308
1380
5868
591
5240
5241
7955
9874
5361
7941
4157
9711
7469
7207
8512
9105
764
1869
3516
8517
3292
7872
1119
4675
1383
2057
8482
7534
4728
9606
213
9871
7103
1439
2642
1853
3263
853
7039
2664
2007
1132
6026
6953
6423
9916
2302
7048
9452
236
4407
984
6247
3109
7931
9609
6117
6828
8707
6811
4710
7858
1239
6410
6593
4819
1015
7176
4859
9887
2641
92
5581
5942
5743
1709
738
495
7692
1306
1840
9340
4125
5843
4816
2473
8894
9489
8623
1461
541
8144
301
9644
4796
4712
8862
8348
6612
43
1152
3499
1521
7567
5647
946
397
4493
3175
2218
6328
714
1361
8263
3022
8462
4507
8776
4347
9788
1699
1947
6858
1777
7093
4831
2088
563
4120
4031
4395
2990
9640
2484
5812
431
4908
7757
2001
3050
5211
2001
3157
8764
5531
4681
4328
3773
9360
7535
9519
9287
3756
2728
2186
519
4719
3162
641
3849
6235
4905
7278
3725
2584
2618
507
963
9810
6019
8408
5340
578
904
9379
8821
4044
6231
9427
5704
2482
8142
1371
5926
392
5955
2688
8717
5884
3737
9707
3416
6311
1393
8035
8598
355
2755
9741
8403
9929
8125
2847
19
7960
2789
8904
1816
2275
9852
6041
6876
6510
3002
70
4973
1086
1863
3684
5265
8730
1792
3353
9984
9756
114
7808
8834
7061
9743
7472
7987
3678
2518
1174
3494
337
7731
901
2702
8743
1182
4823
6835
6534
8673
6609
8301
1592
1549
3124
1196
3019
663
1029
3766
783
2411
7780
5835
4608
656
607
7266
3221
6293
5569
8779
8641
8892
4315
3661
3085
1844
1616
9177
8899
2140
9023
9396
7539
2302
7752
8797
6624
3789
2901
5942
937
3437
11
5895
6957
5907
7118
7048
1945
9816
2590
7354
2503
128
4635
5987
572
3974
6438
5494
6940
7305
8443
7848
8758
1116
4819
8132
2621
1358
8496
5484
8875
5551
7549
6064
9217
1811
7672
5250
9962
7285
1529
7693
5099
5698
6283
1572
3276
7820
4288
9875
8651
7241
5937
9964
9960
993
7872
421
4109
9672
6773
9057
7396
718
4323
931
9240
5540
4036
8330
8353
2398
4341
8836
8761
8212
2082
259
9757
4998
2032
3626
6486
4068
8726
5096
5513
3361
8794
9382
6204
5959
3370
8605
9464
2473
4205
9131
8470
7214
4930
1427
9730
6325
7644
1338
8756
3325
77
1544
1348
6672
1907
1383
9939
4939
1882
1856
624
56
6523
8469
3921
3066
4505
2276
2552
7723
4556
252
6420
7169
5714
8424
8731
7986
2233
5777
968
2083
4204
571
1586
5942
7255
2057
3279
7513
8248
8793
2236
5750
9393
6924
5934
3877
9815
4197
6875
6446
5486
4296
1197
9439
8506
455
4609
6169
5845
6496
6050
6269
6717
8429
4245
2554
6218
1901
3445
240
3423
6013
8320
2685
3134
6992
2131
2971
318
7206
9621
8816
3477
3034
9173
2836
2494
910
813
1943
8210
3047
533
3553
6079
8832
8529
1670
3081
7538
9377
2452
1768
7095
1285
3899
287
8483
8322
5879
3185
2946
3781
7541
1758
6052
7652
5469
4292
7974
4049
703
3011
5332
4039
5024
746
2282
8651
1932
2563
3640
4347
5734
6793
3884
1298
3715
3523
1042
644
111
4806
154
6394
1121
2485
2113
5
3578
2255
5482
9541
8379
2341
143
4236
6262
144
5571
2795
3197
47
6769
7563
478
8484
4802
4905
2343
5067
4338
4230
8307
8673
7479
2067
4743
380
2046
7834
7607
6719
6731
9285
9226
853
4604
3437
3704
644
1367
296
3609
3025
9764
3196
1666
9511
1933
1219
2449
1958
7885
4242
407
9067
5742
2802
4962
2660
4062
9659
1412
6735
1388
7738
8267
1871
7064
4607
2696
7622
7425
217
6322
9120
7922
1052
1257
7838
3311
3325
8062
4732
352
907
3449
6235
1529
9615
6401
7461
3950
2157
6323
2103
4755
6832
4636
4755
3210
1516
2637
8567
4803
5447
8238
4781
1078
1737
2061
6550
8363
4589
5173
8297
3768
4937
8067
5571
8039
1293
927
8359
9115
6365
7903
5466
9284
8440
1792
2866
1171
9448
6570
6823
7497
9524
65
8079
6743
3725
7859
7795
6051
4408
7801
9043
8516
8536
1668
4766
1880
3874
3210
7498
3097
7059
3428
4034
8976
5879
1877
9572
9209
4493
2189
6841
8460
6355
9007
2296
1234
2634
5917
3463
7008
2418
8632
8097
9060
6686
823
9270
9923
8387
5065
9109
1808
4530
5840
9350
5615
9977
3315
4457
5396
3525
247
289
359
744
2693
3920
5801
1874
5897
9104
3834
8434
7590
4528
3029
5689
462
405
810
2857
7180
5943
979
383
1682
7484
4155
7377
9462
2141
9902
6086
3226
9390
655
9633
8828
8660
7255
8377
4924
5853
3676
5502
4458
7815
3474
5120
5784
2805
7781
5247
7837
4701
6937
9157
7297
7056
6987
2762
6491
8565
1586
5379
6809
9244
3318
300
4657
806
963
8560
677
4692
9949
1411
7218
2528
1078
1724
4450
9900
9772
8220
2144
2362
6567
1997
6775
6397
192
2088
612
1901
2538
4343
239
1621
6579
4073
63
8655
3838
8555
9998
7149
225
1315
9629
6986
4279
9653
5291
2356
1278
3455
5062
8771
9598
4265
9111
349
1834
2120
6946
1795
9372
7948
3756
2974
4670
2284
9599
4721
8957
2836
7027
6155
9935
7963
8628
4674
1927
1741
7802
1828
6456
3591
7646
2914
1209
5803
7693
573
9439
1629
4614
7498
5454
944
5065
9784
7675
3325
3418
2787
7902
7495
3725
1794
5757
7440
541
641
4831
6628
4667
8487
2162
6595
6527
2189
249
4583
6335
7152
890
8034
8407
7240
5098
7696
981
3031
6248
4329
5620
490
3963
7574
3284
1438
2350
8824
9902
9755
5219
2325
3588
4064
3069
3146
4814
6587
2774
2103
4079
6936
4248
3173
5091
5856
4808
6006
8340
6525
9830
9182
4079
6904
964
409
953
7210
852
1811
6877
6858
6367
5241
3925
7257
8608
8356
5484
8629
4676
8025
9187
6666
6424
4419
6818
3527
2023
5324
1250
2794
7300
3090
2507
5102
5377
8381
8882
5297
463
3510
5918
5243
4103
5087
4560
1321
1933
6937
1253
3809
7493
2602
8853
3849
7326
9143
9253
67
8211
5637
41
4639
2573
9531
9237
9833
6022
4990
9466
2262
2357
1129
6749
6411
9608
2289
933
6669
24
6234
5218
3820
4454
5035
956
2473
489
8208
3788
3684
5238
4543
7808
9381
9803
1399
256
4940
7788
832
1293
2142
7137
274
9763
4990
143
1630
4252
5762
5855
5558
8222
1490
1712
7257
9789
3484
9699
5565
4328
5116
239
8019
3234
4636
4919
4647
2980
7183
1227
4481
9070
6620
8253
3114
4496
1229
4232
782
2412
6262
3562
7554
8388
9078
3913
6630
9023
679
3064
2947
5039
4155
3211
1376
7357
9130
2196
1973
4298
1297
8907
5324
7561
2138
3005
2308
1168
3024
9874
124
8632
9852
7684
3555
6297
3153
1263
5606
3336
4519
9878
7701
9610
4916
4992
6255
9231
3926
9117
1364
5357
7207
8502
8903
6016
9791
5014
1753
5761
5127
6060
4856
1063
4502
2329
9436
2189
2465
9645
2027
7722
3430
6930
4702
5778
3684
6073
619
4828
306
7335
7327
3690
5507
4512
6170
987
2904
4997
8154
4038
597
9390
8430
219
449
8539
4605
5530
5591
3214
7841
9852
9174
2646
7179
1423
4433
5881
7049
779
1389
2574
873
2537
6002
6004
5038
7585
8410
4907
4802
3756
2478
72
6493
4395
2924
864
311
7162
7627
5993
2751
4323
6943
4373
2926
7660
6778
1400
3317
6076
2753
2064
1228
4461
3545
783
3217
6730
2407
2428
6802
8594
6625
8844
2686
397
8254
3165
4495
113
3291
9264
5248
9865
5723
3915
8990
4672
1008
5778
6092
8663
3949
4748
5894
6747
931
8079
6024
8519
8229
2371
6005
9490
7183
1049
2495
5339
4225
9850
1553
7922
8373
8877
7006
4382
4628
9325
152
917
4555
4829
2032
8001
2920
4188
9984
2547
2670
4026
6236
4673
2240
5432
4350
1474
7203
5446
7852
751
4587
2888
7219
9251
1735
2014
4103
3229
9285
4792
7487
5557
6526
2780
3372
8067
5628
6032
2644
7829
8024
2268
3280
3277
2030
1984
6985
5870
5024
8274
9671
6652
1336
8072
3612
7017
8221
8053
1429
561
6216
968
517
5480
1094
8080
6367
8109
278
4714
9010
7592
3592
9494
5535
4122
8282
2950
4690
3506
8396
4767
917
5566
5862
941
958
8198
2134
1718
4445
3609
5981
1137
156
8119
4770
5174
1408
9028
8657
2730
2794
9359
5590
5651
7907
927
5342
6460
644
2407
2221
1188
2770
6487
3790
7993
4631
9382
7810
621
9225
9170
5954
3421
3708
7092
1273
554
4904
5924
9668
2326
7209
7492
3616
5493
8406
4795
1619
1727
3361
3684
9827
2625
4199
2745
6409
6559
5539
331
7692
6088
9315
6064
4300
6735
760
8884
8486
1917
2612
7594
3805
1645
3355
3815
4533
1216
8900
1965
916
2275
1310
4915
3470
9669
407
4737
4058
4369
6389
6904
4842
8647
65
6119
4720
6022
882
9982
6432
5882
6209
6994
4667
2931
707
9856
397
4781
9376
3708
1301
7129
2680
597
7174
6680
7317
2367
7841
7042
9211
6541
5067
9673
6939
4769
7659
636
7387
2620
757
3823
2106
3921
5689
9893
4132
645
4307
107
7043
3282
2576
2896
5555
7244
8678
9573
9088
2066
9211
9875
6381
1907
8026
4337
372
3462
6042
9684
214
5661
9171
652
5358
6302
745
1125
5379
7455
9796
9925
610
2270
3597
4663
2475
1744
1214
570
7816
8558
4324
1650
414
4204
501
310
6323
8953
117
4509
8454
185
4174
2465
8766
9264
7047
4983
3820
8130
2058
7362
8274
1527
4688
4841
961
3691
3269
9570
4081
1286
110
7898
9331
7182
1349
1607
6787
2839
5493
6500
8365
5149
9797
1129
5888
3439
4605
1706
8419
151
9694
846
1483
6942
2625
1398
9375
6171
6729
6938
705
398
8738
6397
8139
7535
5081
8817
1788
7641
5108
2203
5593
3608
7836
2446
6756
1965
1217
1523
4848
759
1854
2884
3779
2710
1861
658
1420
5598
5293
1222
3325
8145
474
4732
6679
9476
2032
1179
1279
7812
7119
4488
5406
6349
9319
3187
6547
2923
7988
1288
1485
9763
1715
2251
6274
9810
6121
7119
3787
9771
8457
3792
2883
6067
423
3608
754
2794
3772
4749
9872
8666
7522
1634
8166
3067
5309
7704
3893
97
244
722
5197
5921
8150
2373
2967
6420
4042
409
4352
6441
5539
6659
1683
4642
7557
4335
9687
692
2564
8285
4550
3471
7370
7048
9400
8484
7186
4683
7045
5025
9061
9524
4267
1178
5487
7263
8168
3582
552
1389
7613
9043
489
3992
3730
1515
6248
1610
6259
4766
8797
2226
1301
4919
4284
109
5419
8045
2359
1102
4478
6256
8507
4926
9799
8389
3543
4246
6408
3708
1882
135
7358
5045
3374
2377
3821
7457
2394
1995
1795
6517
4768
2983
4770
425
3158
7887
495
4884
1136
5074
6218
6305
7106
6032
3738
7363
8216
1703
6257
7898
5356
751
841
1806
8911
3388
4112
8310
9529
3321
3040
4700
4575
2865
1532
3171
8047
2056
4082
1284
8101
6183
5297
223
2227
825
8539
6633
243
1214
9872
9514
1552
1939
253
4459
1075
6788
213
5825
9911
2737
4396
4221
9948
8073
5285
2868
7716
172
3910
7177
7949
6194
508
2746
828
8122
6339
7709
232
7520
5329
7032
2963
1897
5877
9858
5106
2867
194
5738
2391
2965
7678
8827
4874
1181
4404
545
9847
2203
8992
7391
1998
9361
8801
9998
8177
4651
1926
7595
1506
4530
8283
2741
1997
7514
3766
4669
6674
8278
7360
4640
6963
1926
1421
1691
1304
8205
4180
8108
1594
8684
1454
2613
2634
6131
9381
5597
2292
7244
7880
3284
5753
8965
8201
1898
3758
5091
4109
5806
4892
1268
5053
8236
1895
149
2655
4176
8586
239
8363
498
3085
3485
7410
4280
1631
6125
9307
9529
3170
5577
7709
1809
9029
9827
8765
5133
9953
1278
6707
8642
3017
2826
7503
1534
8384
9129
1281
1598
7283
6313
9103
782
6350
7583
2868
2587
3493
335
2415
5803
6641
567
8342
3505
780
2262
7209
9034
4605
803
2744
2723
8364
840
5569
4972
9789
8637
8781
195
1474
3740
5152
9109
9796
1729
9564
4774
9998
5845
555
3268
4432
3766
3813
1467
4052
5361
3670
4250
6292
8264
8001
1952
8746
545
6931
310
5996
9202
8666
858
6380
6855
4870
3406
7680
249
1836
6410
466
1551
9418
8052
1605
6919
8949
3797
9438
9056
6731
1240
9278
6364
136
5008
2703
1583
394
9262
4168
9382
5285
3335
94
7317
1045
4801
3239
2690
5267
4261
3862
3694
9985
4093
4420
8384
8162
7219
3764
3152
6076
3211
6082
3591
1574
4496
5133
8161
8208
1087
7626
8111
5262
5719
1875
2927
2724
49
39
417
4606
9555
1451
7138
3067
1383
6243
3770
7601
8501
5225
9608
2640
3957
5262
1681
2037
8821
9456
9211
5224
1480
6213
6835
3415
5748
5733
1088
2606
1730
6431
319
4944
8331
2135
3490
5424
8217
7788
8285
4405
8974
3316
5226
1826
7779
1456
8952
2137
1350
874
588
74
5091
6026
4570
4798
8129
4146
8149
5816
1126
8156
5743
2168
2973
6941
6802
8945
8872
1393
2973
7346
6591
8799
6960
3065
1877
7324
6395
7566
2029
743
537
6745
4709
4090
8885
7570
3937
1277
4474
6724
6244
8514
529
7995
4989
6675
7150
4360
5471
9732
2643
7937
8237
451
2178
2775
3030
3696
2258
9396
1983
2362
3034
8178
728
3233
8159
1386
1627
6301
1304
4568
1513
3891
9082
3246
207
1091
8723
738
8203
980
1210
9730
9118
4681
7889
8878
3479
7730
2867
5057
9837
9752
8866
5449
155
910
672
1030
9384
5524
8616
6288
2651
8467
9106
405
8250
343
9947
2848
3389
6539
7328
6743
1489
4526
8878
190
3676
941
2090
2694
9320
1404
9464
6278
7280
4654
4908
8393
9312
4860
9560
2998
5546
1524
1934
9771
5977
3941
5773
4731
2627
6488
798
6798
3192
9951
7425
1809
1212
9379
5597
9919
6166
5509
9528
9408
7175
3592
8724
7206
5794
5865
4712
1681
9196
4925
728
4918
1065
9912
1150
7968
9790
3942
8441
1836
1060
1783
2736
1806
7086
3553
5178
8430
6810
3327
4619
3329
4285
5203
7954
158
2379
2936
9562
1251
6849
1163
374
3806
230
8686
9375
9144
6810
5587
2001
7575
8529
2569
6927
3250
9884
3932
660
3809
4864
1138
5284
4924
7877
3584
8133
4217
2041
1075
9023
2523
1291
1543
6313
8118
172
5282
1920
1091
7405
2496
8771
6733
4944
79
1680
3775
7960
9050
8946
9584
69
677
206
3179
3973
6300
3035
4732
9363
7763
2228
1136
41
8245
5920
8428
8469
5166
8470
8671
1440
1709
3495
3946
2158
6272
8002
4722
7892
1379
3212
1399
8874
18
5764
9588
2103
7825
7576
367
3878
3988
7771
4209
1919
6394
1788
7371
7212
1362
520
4126
6054
6863
63
5798
2025
6854
6512
8546
4515
8987
7782
3927
6406
8000
6682
5425
6604
8242
7940
5009
8519
6489
464
3215
9825
4839
6273
390
9493
1870
3486
7262
167
9717
353
6028
8133
1979
3968
688
5550
4713
4557
3449
8955
3971
6625
8344
4021
7025
2628
5285
6207
4498
4274
4765
3748
3812
702
9366
2478
9690
6957
7848
3556
2017
1187
9102
271
6310
7115
7283
8111
5914
216
7105
2811
2190
6935
967
2372
7869
6284
1785
2648
2693
6891
9760
5701
7728
4615
7168
7256
1861
5319
2878
958
8803
4823
33
2140
1791
3204
7046
6217
2973
9859
6542
2287
2899
7646
2327
3294
7777
5447
7009
674
9083
8659
5044
6248
7916
6981
428
6696
6558
9282
4938
7794
1101
1548
6675
5586
5828
8803
2555
6783
3802
7044
4693
9223
6567
9003
7249
2099
4730
8276
1623
4961
24
2941
5236
984
2249
4491
3956
6445
8038
9133
9009
880
8250
9185
4083
4660
740
9067
3215
6498
7287
5073
4553
2288
7600
2075
2996
9789
3624
9532
8607
131
8038
5885
5782
2862
9151
4214
1809
9218
7225
7181
4667
3513
4997
851
4904
3427
7492
9394
4516
3050
424
9334
5620
9291
291
6436
6348
7383
8173
2901
7164
1319
1224
5001
7149
8424
9119
802
9938
94
6866
7353
1576
4006
8525
9946
6930
1721
1669
4557
8328
4031
2255
771
1998
4254
5205
6392
9558
3124
9338
3568
3209
50
8532
4555
5772
4419
4421
2168
5576
17
9835
3540
4179
1412
9950
2213
3811
3955
8330
606
9695
9685
9133
3549
8444
1200
9944
2718
1004
1161
436
6169
8587
7941
5735
4421
9406
1108
8328
4791
6363
4110
3288
155
5779
5761
7235
3358
4444
5165
8423
9636
7182
2849
5532
6840
9900
1749
4980
7867
8098
5213
3060
5461
4429
4618
8213
3789
6531
5752
8372
9018
646
8243
3120
8727
860
8572
5408
5847
2922
9121
826
4885
2047
5454
748
8844
4482
5878
9055
1644
2421
3484
9347
8500
8138
4406
8055
9892
9784
2697
6291
8439
9709
5450
3279
2592
3002
1380
9023
9103
2350
8884
5276
6079
1797
9431
252
2766
9877
6020
3025
9114
8008
6812
4525
5815
3895
3471
2707
4129
3094
9677
8695
6736
2624
5250
4007
157
6696
9963
1497
7998
8813
2601
3373
4524
2404
8050
8316
7845
3335
2497
5752
3655
8653
1786
6341
8087
288
4339
5364
737
2513
8536
1566
5183
1343
4857
9177
7228
1816
7397
6350
4061
7731
3738
9916
5394
3077
8334
2329
4734
6959
3612
5504
4990
4538
200
7510
593
7278
7358
7431
8516
7827
637
4788
3951
4918
4639
5855
1359
2510
4449
8823
5056
8960
180
6755
3830
7578
1056
1866
6410
1244
8747
8149
4511
4482
8758
2814
9585
6398
5560
6197
125
1707
9538
1676
678
7709
7508
1615
3614
1353
5072
8299
6643
5613
4396
7889
4690
7796
5970
2494
3042
2958
9450
3429
1522
3078
4725
2064
4491
4164
4248
451
3660
5197
1749
7822
8274
4293
144
2392
6323
9043
9500
8847
4616
5262
779
2043
4256
5095
1313
1074
9203
4705
1369
5973
7221
3338
1422
8381
9836
7548
6605
3505
2286
9984
4364
8023
5858
5478
1824
3489
494
8420
4634
1218
117
9450
5764
5534
5601
9388
7493
8013
2150
6752
8462
1558
7738
4214
5543
7487
4658
8298
2036
8197
1649
458
8453
3886
8423
2427
4760
2777
5568
9665
3021
4516
4682
3207
7936
8123
8179
804
3206
9527
8027
8607
9146
536
1956
1706
6501
787
7873
872
3075
1002
8918
2406
4043
4656
8935
487
3869
5302
6036
5170
1837
2855
2694
4198
9543
7545
7314
2861
5526
4617
5542
7972
571
1229
8152
3779
3162
5202
9427
1647
9397
8729
2632
7017
4259
2497
6845
5389
6305
6590
3527
7532
8954
4968
3381
782
6322
7433
2765
685
937
3537
7671
4331
543
6852
2277
6785
8191
4563
6526
5431
6331
1960
2064
5813
3640
2105
5841
435
425
2430
5629
417
1975
2279
668
3175
6885
9289
1516
2611
3210
8131
9124
6290
9519
4702
7614
5287
7183
4032
57
9451
7842
4660
5102
5035
765
8881
1370
1861
1549
4868
4289
5447
3186
4001
7766
3388
327
5438
9161
80
4484
1005
824
6880
3172
2319
905
5139
4815
8255
7010
3560
7087
1884
8778
5271
806
2221
3078
8109
1771
9340
6177
473
7447
4119
7746
7880
1136
9739
5946
5656
6249
5325
7490
2870
7214
5407
5930
4984
8631
5825
912
1786
8962
6781
6140
4231
2385
5457
3944
8779
5596
3342
1862
7280
6704
3736
622
9875
1740
2906
8418
4872
9675
4765
8211
4239
4056
5794
9982
1064
8619
8189
1282
8810
6304
9461
8740
7973
779
4281
8348
9125
6552
2256
3786
8615
4881
9853
4641
2088
2262
848
8246
9042
4633
4203
6253
8852
9729
8673
9453
4864
5979
2092
8370
1617
835
3599
5136
5700
9216
5781
6481
522
8286
7130
6524
7833
4541
9987
3519
6330
8089
1222
218
3406
7248
2511
8890
8986
1665
4914
5635
6702
7997
4399
5227
4918
8862
8839
4811
8492
8459
5302
3710
948
5268
7518
7947
3405
5788
3822
5018
8044
3192
7529
7576
5990
2170
6082
4208
4004
2155
5587
5524
862
4011
7474
3443
9880
4736
7125
1192
724
4884
411
4697
3093
3250
5478
348
1180
8192
2994
1160
2755
1058
3272
7496
1388
8309
6968
2227
6232
3820
8259
5965
1438
6551
317
1699
657
7524
6918
2157
8936
5971
3810
2538
1477
2391
7321
7503
1535
2698
7935
4392
549
9317
7569
3070
4761
3917
444
1383
8081
9035
3960
3713
437
2930
9754
4897
9096
2604
8243
6448
2696
1726
265
8828
4573
5093
8733
6076
4760
4594
8957
1587
9027
9703
440
979
5482
1268
4258
7758
9661
1919
5137
9490
5489
4637
8074
3709
9475
4771
7123
2098
7723
8292
6673
614
2190
4091
457
1697
1183
8159
5218
1574
4539
2171
7072
7562
7398
3340
6643
2904
7314
3674
4818
3693
2134
1427
3594
53
1259
6302
5133
7335
9163
5374
7407
9364
3807
3443
8319
9863
2344
5545
7115
9933
5463
1349
798
9020
3847
2542
9224
3977
9300
7563
3317
2112
3770
7377
2498
3260
9405
6258
822
7
5997
3428
5909
8286
3619
1155
5883
2762
8572
7470
3654
9577
5778
4461
1791
7604
1975
7134
9601
6090
750
2870
4002
4179
3294
5789
6376
6896
2470
5802
878
9627
6503
8892
9101
2103
9438
1553
1636
7559
2440
913
6276
7843
1679
8532
8640
8145
1418
1363
4636
8642
9683
119
4711
3992
2136
8895
7950
1727
7069
8618
4965
617
6507
8478
6418
1069
9814
667
3783
7468
4234
862
4817
2627
8816
2917
2670
8724
9890
3081
9343
7409
5269
9173
912
7624
824
3291
4566
4616
4723
5771
9462
8472
9921
7088
8961
835
8890
1442
2334
1167
4662
4560
6580
6354
7041
3818
5426
881
4240
5731
4519
8523
452
9746
8990
4617
9466
2839
7778
8840
7992
3410
5060
5505
6119
1200
7916
8718
722
8149
1895
1704
4380
8722
3656
8830
3752
5905
4904
9710
9065
9380
3926
6047
8105
8079
3679
1952
457
2148
8813
8447
6369
1097
8010
8858
8536
5826
8426
6470
28
9148
9811
6577
9462
2364
9647
7395
3144
5638
1121
1048
5972
4704
6591
3874
8524
630
6147
4790
8850
8127
7815
5906
5131
6216
9717
7537
8714
848
6589
1947
4375
1230
7639
773
1373
3250
8699
1012
5231
4301
504
969
1470
3134
3183
1602
358
5222
5162
3200
1417
4119
9183
6831
9663
490
682
3707
3412
3380
5290
5056
2345
5161
493
1039
5634
3869
3592
3978
2724
2086
2016
375
5618
6313
3346
8190
4707
3270
461
5153
1764
7552
3603
9371
3129
3386
4047
6634
8201
3688
1054
9015
652
2735
747
5363
3761
8735
8458
3472
6328
7267
3008
4224
392
6945
9294
5766
3717
8797
2616
5173
2211
1890
6078
4271
1759
5971
5032
7103
5244
1287
5823
140
7375
5938
66
3263
4081
7394
9684
3404
930
5392
2300
7727
4718
4745
4402
8058
2578
8797
334
1677
2439
4392
5642
3412
6237
5604
1275
3828
3741
4463
7064
2410
1905
3215
3823
2795
2319
2527
4207
4170
9760
9292
2604
6309
5108
1764
7543
3563
6829
3637
4235
4305
5154
8012
957
6815
6944
9304
7765
8325
3555
3916
737
6039
179
8708
6595
6788
2524
1065
1092
6098
8806
2995
8820
6482
7681
6099
1232
7274
6366
9592
6621
3806
8222
5685
5245
1554
5429
564
9179
5228
3018
4588
6890
7024
5073
3765
5560
4396
6076
6181
5182
7318
3574
4395
1908
648
2751
7425
4716
2285
4191
6788
4521
6835
6917
5455
9291
301
2357
135
7397
5795
3282
585
7740
9584
9745
8656
6168
235
9148
3867
2648
4098
1620
885
3797
1820
8167
9197
5004
3693
1027
1632
6943
5752
7978
5223
5827
6926
8437
9769
7038
6760
7402
5460
3060
8196
8655
6196
438
672
7502
9432
2836
647
8122
5457
564
4018
8187
9978
8296
5537
1724
4542
35
7176
1543
9619
970
1819
4944
5414
8967
7250
6320
7531
7504
7972
9237
3385
2502
1061
2615
6114
8880
3146
7761
7983
2004
1956
8443
5610
119
7285
4356
415
5132
3341
1513
3556
2214
9209
5405
71
1900
594
1890
589
8189
4934
343
9674
2616
3241
5043
5746
2099
9694
7928
7406
4030
9989
5070
8641
4073
4731
8484
9054
7405
71
8692
5865
8898
5743
1395
9422
3382
9929
6603
2838
7071
4920
91
1179
7898
4597
8411
3721
1634
5979
5224
7562
6986
5735
4660
1080
5536
9658
3201
9471
5314
3034
3790
6976
7877
2081
9395
5442
7329
6037
5903
1324
4515
8303
5253
1364
7107
1345
2009
2465
3753
3780
7717
200
9037
1923
7659
970
9648
7557
1668
4535
9905
5459
5144
814
8310
5311
2882
3705
8069
4806
8780
7798
3558
8728
4631
3335
4397
9881
2517
4618
8868
7521
8794
5449
1296
6005
2824
9438
5844
1980
3327
4149
7978
4559
7387
146
3000
5342
3160
5569
5279
8145
2396
4747
6269
5792
6271
5189
2750
8382
9572
4674
5001
8615
7002
816
1907
9367
5781
4900
8626
2762
5350
5162
702
6500
4395
5037
7413
765
5398
270
3037
4377
873
5325
8979
2127
5811
5563
1701
3446
7649
6239
1936
1366
6441
8111
1428
8701
4293
3869
3838
1055
839
5304
8624
8888
79
4328
1922
6782
7647
8515
7104
3045
3602
921
2199
6438
751
9556
4645
1088
2766
3187
7826
2931
6342
7768
3155
5495
9177
6294
4523
8628
7103
9500
276
9685
8035
4474
5608
6766
2540
6673
891
1929
6335
8597
9615
3238
2933
9672
6417
7131
3114
8416
5656
9638
5795
3547
9447
8747
6374
9271
9330
7721
4364
5802
3638
6599
2073
5155
7602
2722
8592
2587
820
5980
9642
4243
6337
3704
8784
2729
6282
2498
4370
7244
2613
9370
2492
9170
1743
3203
7182
5175
8280
7697
532
1217
9940
8280
7131
8302
3647
1388
2154
1357
9793
510
1668
219
8274
3320
649
2528
3030
2559
9669
1422
541
8165
6291
701
1955
8735
272
4858
1315
2324
7733
7767
7748
1968
3427
8291
836
991
7353
3130
2242
6654
3326
6607
8917
1574
1390
1776
7055
6493
3075
6495
9192
2945
8737
2377
2269
3575
376
9721
3651
2697
2888
7190
5881
601
7176
6973
7
4036
3362
6544
6147
680
7643
495
9744
2916
3504
8054
5074
8841
6100
317
388
4552
4664
2728
1305
5023
9631
5880
652
3689
9541
8377
