9653
117
7360
1581
9864
169
8795
6814
8574
9999
2398
3381
7082
2806
2634
2287
8579
8746
7977
2234
9249
5114
2314
4556
4199
790
5647
3600
5697
9303
6456
4052
8636
9952
4903
9451
188
1404
1722
9381
6905
7191
2867
4950
8871
999
1163
475
4687
8405
5550
4015
5021
1793
9482
3539
2353
3113
8250
3183
9049
3362
4416
743
9075
7962
4745
1155
4925
3762
8401
9280
7412
2873
414
8940
9445
1584
5000
4810
9765
431
618
8438
5696
4623
7778
5934
6925
2557
850
90
3332
6486
3798
3474
6186
7053
5955
3118
8218
8008
8935
8926
151
6692
3481
3885
5181
1439
2495
9863
3311
9131
6845
3149
3188
6049
7021
3401
591
1723
8607
7289
1083
8352
5759
3349
8940
1288
983
3437
7378
5478
4843
9068
3940
7882
46
7830
1555
6557
8385
6558
5789
5501
7515
3688
2336
5571
5204
1163
5301
4669
1565
7076
7786
3388
8655
9873
6622
4079
2725
1300
2731
9989
605
9163
6972
7840
993
6462
2052
6770
7942
7215
5354
8846
2294
1571
8655
557
4180
4199
8773
3723
5694
5013
4789
4734
4683
5964
4325
4231
9249
9765
2471
9473
239
3325
8991
1691
6691
9941
6120
4596
305
4511
4639
7888
3904
8058
4053
6354
7588
1661
9536
4502
4796
9726
5712
5199
2136
2201
7606
5060
6587
6955
6824
3234
8630
4498
1760
8673
9015
1206
8852
6884
2700
5752
9220
1519
6601
2405
1494
9505
9953
6552
7924
3951
4284
6151
8139
7009
4698
6277
4027
8102
8690
7737
3216
3811
9800
3782
6647
965
1318
2256
6729
2279
6569
728
6915
7021
2567
2389
2510
4939
1850
2345
8044
9365
1609
5195
6589
9493
5597
5313
7717
7887
7123
6226
8114
421
7675
2224
3535
3937
5200
5901
5868
3167
3611
6560
9314
3813
81
8538
8873
8408
6361
4173
654
9208
4365
1226
6249
444
3889
6033
8028
3592
1960
3439
8204
909
1391
3478
9521
8833
9672
483
5012
1453
5855
7930
4820
6902
6813
5069
3899
2397
7204
9815
9681
9241
8480
6560
4956
1207
7987
1835
9306
8575
2833
9066
7562
8119
1085
2718
1551
9414
2440
4440
7523
3972
6319
6247
3796
9273
6687
7399
7316
6198
1695
9147
9426
1023
3679
1873
1321
5792
4334
1334
4819
6957
1360
6461
6592
8322
9988
8808
3740
831
3335
1692
8529
3661
5606
7265
4607
9981
6590
5965
1661
2403
6886
4396
5797
8793
6770
8378
3669
678
2772
9052
2401
1228
688
9998
2093
765
3586
434
7303
6886
4228
7255
180
7967
6422
7527
1425
9522
9857
4800
3199
5169
7087
4616
5437
9530
7087
3878
9096
7878
211
4934
3014
3051
3699
8361
6102
2462
673
1502
3752
5418
4980
4264
5282
3097
9517
2197
3690
6587
8384
4039
6344
2540
111
9690
676
7621
317
2991
5154
8993
8038
2993
80
7533
7458
9331
1332
6690
6175
8775
8476
7678
8500
817
9872
6037
8958
1506
5164
8873
9659
6116
8936
232
1045
2554
8744
7133
4263
9156
5153
1454
9423
7388
9947
7809
5042
8948
1325
77
2640
9511
881
7575
5385
1319
2087
7191
3888
8796
508
5752
8516
2384
2773
5794
1738
6471
9226
3195
1701
8792
537
8521
4206
7990
3758
9590
6562
5964
734
5808
2365
7106
3184
2291
1406
2546
1250
2794
5368
8573
7766
3621
9248
3511
4268
5455
5990
4927
6631
1973
2124
3360
4394
2532
5683
735
4235
4583
6042
1431
6556
4622
9252
1380
4010
7830
9353
8103
8900
4381
2258
2580
6356
6627
4245
1911
8749
3253
2401
8331
7763
6714
7954
6203
6216
3911
1743
9304
1071
7726
3176
7495
8985
7837
236
8727
2315
2660
9857
8424
1599
8509
2592
6263
8156
709
1839
1273
1428
9052
312
3172
8486
215
4590
8329
9148
8231
536
402
7413
4600
4896
6794
8048
2774
9594
2987
8714
780
374
6003
7487
6361
649
9314
9233
9037
7054
67
4429
1871
2292
4784
8547
6437
9787
3524
922
8002
8814
5054
2327
6398
2547
3998
5904
7237
7381
992
3999
5111
3105
672
2609
4371
6322
9799
2039
5679
2097
1319
2825
4240
8465
3118
9480
7819
4006
8778
2730
165
4583
6217
6867
155
138
6845
9234
4909
7672
1756
1435
4654
9613
1161
5325
6871
230
8076
1940
8301
6004
518
2111
4245
563
7377
4242
1305
2168
6826
4322
5253
1973
2765
2352
4441
1389
272
9523
9702
381
8929
2948
5353
5144
794
3411
4261
5491
5436
3640
5167
1187
7018
5898
1872
4567
5036
4941
2290
4862
5582
9865
8630
7657
3574
5188
3251
5965
7890
7838
9476
7646
7827
4603
2275
3769
5227
4782
4983
116
9807
3803
3290
8464
3909
7791
1034
5319
455
5049
7938
2671
6469
7379
4093
1807
7108
8708
9386
9846
8753
3600
7535
7923
4484
8947
1292
7454
7021
2299
1282
6799
870
3068
9105
7379
3889
4440
2772
7436
5602
6237
2325
9278
2603
6947
9848
8860
481
5422
7163
4511
2682
2238
3579
6542
5402
8439
2723
6635
9720
3427
3841
3330
747
1925
7820
3151
2554
8302
42
3263
1793
3635
1358
7020
2729
6766
1360
8546
1142
7846
1523
4355
6043
911
5403
6324
4192
7409
5376
434
7657
9737
1463
1670
5847
6337
4530
1780
4925
3467
5309
9292
4360
9968
9301
2084
4990
1260
1442
5570
478
7641
7063
9790
7537
8397
3266
9853
2253
9152
9226
7543
7978
2009
8094
2113
2216
883
8062
7531
4388
428
1428
8146
6552
2786
9197
5564
385
9884
3386
4587
8958
9292
2670
8896
2623
228
733
1614
5754
2682
8406
3873
726
4947
935
80
9269
1016
1139
2599
1201
4344
6687
3915
5466
516
1625
2643
6272
7434
9609
4712
1827
3538
3795
9073
6729
4855
4822
7329
7075
9153
5051
7563
9647
9046
1572
9713
5510
8992
8971
8525
7976
7352
9998
5833
2615
5724
6036
8444
6170
4216
7439
4808
2339
9669
6660
5987
7936
5558
4611
553
6262
2749
6060
9038
7038
7334
994
6503
9076
5321
6772
2942
6979
2553
5227
7685
5246
6220
1832
5668
6420
6896
1967
5294
5206
5535
1829
8468
5996
3034
9868
6151
3217
4098
3526
2381
1491
910
697
6870
3596
3696
3876
9564
9232
2629
6857
9661
8560
4818
8123
2154
7219
2572
7255
3111
8987
1237
3231
2044
4908
592
1605
2452
344
7059
8451
9640
4445
3610
5890
3477
108
3920
7903
2552
2771
3450
8160
3530
3236
2394
1569
8753
9433
8037
5635
3095
6245
5567
2568
6839
8760
6668
3375
9536
8967
6407
3022
2139
8882
2787
852
2776
8385
8155
9051
8925
7226
6049
8009
5638
9726
2982
429
7555
5295
9045
4626
5907
1503
4299
1710
123
1039
6993
8854
613
8163
5404
4585
394
9932
6467
1462
5013
3416
3462
791
9610
4547
1266
2165
3466
9964
5768
4035
8597
108
6693
463
5634
6551
7096
6281
4291
9852
8138
627
97
1191
4022
1551
2931
526
2961
2113
1720
9033
7154
8764
4046
1700
1749
6543
2364
1162
3899
3730
2882
4199
7608
6635
2727
4014
9433
9699
3508
2488
2019
4091
8958
1019
5468
7459
573
6984
992
2734
4497
3361
2819
1546
3937
8722
8509
3754
1020
6459
4906
7579
4935
3167
749
4209
1098
1645
2798
4728
4109
4126
631
1485
932
2189
3526
4600
7127
4
2378
9961
6061
2319
8913
7593
5999
9978
3795
5079
2363
8278
1882
6107
8051
9930
5669
3497
2406
3873
1018
9545
1449
9132
3913
850
8966
9695
1035
9342
1761
5477
3897
1480
2211
8531
5610
4934
1702
6951
4870
6482
6787
9670
6429
6291
3068
1508
9571
3055
8936
7535
1009
8367
2170
3776
1743
3907
7371
4362
7793
7948
2946
7340
4660
9729
7866
1065
6483
674
7018
657
1610
8849
5429
8734
80
5168
500
7839
3952
2754
4179
897
5768
7172
8078
6199
3480
9384
9457
7206
8763
2318
7892
6362
537
4092
6478
9902
9257
9984
9738
2206
9097
5204
7528
5543
4878
2048
9387
8655
3812
4450
8516
4270
2323
1768
2016
7299
6221
8196
5014
7487
4313
8189
6620
6991
8929
3746
9593
5781
688
9267
185
7482
8390
4875
445
119
5730
6417
9101
9359
4574
8602
4724
3705
4868
1382
4755
6383
1484
712
5966
9936
9319
9979
6751
7857
7649
5862
5419
4689
7544
2985
8438
8723
7561
3738
5723
3219
5032
700
41
2674
2065
9981
4438
5058
8918
5589
1195
2229
994
3168
1992
2890
2644
7992
7945
7483
2678
1124
4752
2178
9543
7083
4604
9147
1409
242
5290
9800
3240
4943
1960
4275
5915
43
297
9349
9057
2578
8582
4913
577
778
1535
5924
1028
5449
5553
4935
2207
1745
3217
5109
3484
8719
9685
2292
9157
6534
5373
3593
9868
7423
7601
5021
5116
3195
3857
6826
7645
1215
1778
1238
7778
7659
4434
1601
9334
5402
8906
3252
4649
7186
4331
592
6096
406
6807
4998
6692
2001
2139
3766
9804
6940
1820
2752
5664
9611
6046
2787
9627
1819
1963
2447
7357
8134
4162
9433
488
8344
9479
1577
2510
1632
3354
1397
2112
578
7752
8335
5786
7205
5768
5587
8770
9421
2879
5359
6511
8185
9616
1950
3305
8224
5036
9969
2683
3678
2087
4605
5899
3596
9961
9605
2663
2880
625
2828
8500
2550
7013
3987
6955
8509
2741
9769
1570
1161
1312
8880
9529
9886
8865
5633
8115
3250
4841
7828
8037
4475
6079
6229
3759
3581
4455
836
903
9869
1844
5762
2097
1712
6845
7716
7124
2929
783
8038
4298
9910
9570
5785
1667
9723
8884
2020
1716
2971
8337
2853
9435
1364
7943
4657
3902
3360
8529
7023
63
5616
9069
2573
584
8641
9700
7627
8021
794
4498
7708
5234
9000
1883
6164
6956
2886
9405
4064
7633
3945
552
8476
734
7054
9634
3043
8505
6785
8793
654
4084
1380
3192
2452
5196
8580
4621
2315
9885
8458
5267
8631
5861
4023
5282
1123
9976
3373
7452
5987
9576
6496
717
348
4082
1640
2853
8326
6231
2764
6238
3068
7399
2657
8233
7750
3880
295
5829
4363
6961
2080
5081
7460
5787
6896
2129
9731
2768
8135
2352
2855
9764
5447
2745
2118
321
1349
2602
3126
6157
9944
24
2983
8818
426
9496
538
1768
4549
2460
7531
7341
614
9859
8937
2544
7290
3911
2816
8119
9581
3776
5908
8590
8215
2250
6470
3038
1686
4364
3446
5760
1386
9880
3267
8003
1281
5078
7193
4208
7352
3804
2578
4740
4830
9037
1666
6734
9832
6141
4863
5427
3026
2797
2986
438
8960
9787
8338
9722
7899
2341
4649
5570
5981
5690
2793
4251
6955
5390
2394
9982
349
8843
502
2111
2129
5637
5785
8586
9346
4800
5013
1800
1316
3351
9816
4536
1050
6566
2114
5909
5055
7557
2075
5783
7584
6289
2005
2604
1684
113
5792
3824
3321
4956
7493
888
8479
8729
3152
5688
4058
5926
1573
2375
9213
958
1170
822
3975
7987
2075
2416
5074
5783
3851
9234
2210
8581
6440
6026
3584
9923
8914
2131
6571
3067
6006
5190
2007
4169
2644
9755
6833
3874
4055
2558
6764
1886
3897
4220
4931
7760
504
3082
3920
4341
5918
784
9056
3308
7489
5049
4898
936
2923
7804
9292
9476
4154
1464
3600
1400
1255
9377
6920
438
8836
3942
1767
6587
3560
1486
8341
1803
1924
4544
5217
4036
9246
480
9221
4322
3916
5028
1339
4153
3542
4919
3829
474
6078
3267
2923
269
751
2478
3685
2292
3222
3679
5613
4509
7057
8006
9124
8061
9501
3457
1781
7552
4578
8738
4197
7185
6463
7168
2963
260
8378
3467
4264
330
7941
3942
214
1843
5779
1426
9546
4414
7637
6681
1596
2243
1556
8940
5296
4979
7697
590
7120
679
5661
9086
67
2470
3745
2618
4623
6800
814
2630
591
2015
9054
363
7732
6709
5621
3771
9019
5074
4976
9222
6934
6491
8411
7640
3503
8399
5123
3874
7942
6251
9521
9078
9649
268
4681
3860
5495
6556
3744
7457
7336
7696
5153
3406
1216
5267
7199
2041
1735
674
4840
5875
7954
5356
8673
322
2673
7874
1976
3376
2516
9929
8826
1349
4057
2616
2293
7030
929
9069
2449
1612
2404
2138
7707
8903
6328
3784
3753
3030
7618
7154
9443
1060
6327
3583
154
5820
6876
8284
7778
1371
3066
1954
2799
218
8621
6596
4742
2069
7079
7106
9493
7378
8261
4514
4484
952
9579
3593
6804
6973
5335
850
8063
3592
5625
9769
6590
9358
6879
7580
3190
5742
2144
1726
1550
542
8442
7306
8883
4012
2005
4850
3663
5957
795
1362
8786
8071
5211
6013
5733
4361
1516
349
2336
320
288
5343
1812
9387
5582
6432
2452
9541
4632
4920
5061
3527
4192
7884
3920
2435
9845
9846
5996
152
6147
3898
482
6389
7512
5684
1618
326
4186
4533
7849
750
5644
715
1142
1032
8294
8706
820
9744
7865
3043
7144
4269
199
1316
4028
953
1342
9784
8287
2830
1249
1758
8843
7906
3074
595
4365
6435
4819
3561
4275
1507
2853
7316
4594
9847
3972
5749
4217
1537
5985
1033
8478
3322
5512
5633
7307
3787
6795
2303
7479
4849
6425
2124
6700
994
432
2639
9405
8482
4046
6338
8185
8034
1793
7364
6224
6626
312
8295
8716
8594
4810
1340
86
2575
7376
150
7570
7858
3963
1250
6653
1773
9564
2697
8401
8902
2072
2089
9335
9731
9806
4276
4270
3262
5098
5387
1162
9818
9143
2271
2156
9040
4479
9249
9959
3934
8254
5263
2703
5612
7954
7165
9806
2843
3778
6348
4882
498
419
6597
3047
2054
9440
269
856
540
915
9568
3578
2538
4564
6140
8411
667
6170
5223
3557
7796
5980
3264
6689
6237
5510
5260
2264
3419
4921
8898
504
3238
1944
178
197
1148
5396
4952
1539
4197
3764
1568
140
3166
3924
4553
5159
2692
4843
6008
7882
8122
6611
708
7338
9706
6945
4832
3239
1424
8320
9635
3843
3091
9830
7407
7856
7154
6919
528
774
7160
9925
5938
8298
119
4726
1990
9221
8978
3488
3316
3426
7442
2747
518
7162
3211
3021
7788
4217
7655
6729
3732
4362
3014
92
9800
3947
1691
2398
3319
6286
1901
345
9886
883
3467
5904
799
905
1725
4104
4156
6111
7632
1561
7494
7887
7244
2018
5713
9672
4441
4357
790
3257
8382
2814
820
3532
7263
4252
1684
3848
9952
1745
330
9045
4559
9110
6770
3013
3300
9095
10000
7166
2293
3534
43
6274
9274
8068
9646
6851
4778
4357
1163
5088
2312
6221
7013
9007
2385
2764
4668
7904
8672
9623
8923
8150
1963
2914
9965
9853
5523
8345
6606
8921
4857
6924
5611
9923
6703
6451
9790
6332
5421
571
3065
2279
6778
8855
314
7020
9952
5761
6115
8189
8231
7558
5414
7013
9280
8182
740
7211
9001
4021
44
1377
2637
2290
7587
9967
5019
1185
7698
7396
6175
9430
9797
7538
6438
2535
4301
1186
5067
6683
4639
5144
1707
7945
2421
2215
6552
7492
8708
895
4668
2896
5588
9744
9964
3774
9829
5646
6764
814
9660
7997
2690
9787
5082
6395
6959
4574
6634
8336
5958
9856
6050
7341
3413
7007
1550
2967
7600
6338
7529
4562
8923
8205
3700
3001
2344
6363
3886
7147
7964
4692
939
6021
3169
1020
6331
3807
1600
5304
4502
7939
1855
8994
8759
2517
8358
1541
3446
1868
8323
4608
8351
9671
9736
3862
1894
9956
7426
3438
8645
8613
5217
1203
1132
1528
9562
7397
1229
736
4485
9013
569
7197
6120
506
6704
2664
4151
5619
2786
2357
3632
4294
8786
9155
4703
6986
7997
9921
31
4794
1897
4375
7201
1022
6392
8402
3215
5324
1872
2335
1977
3922
3258
9308
3199
4079
3214
2048
7973
234
6990
2633
8795
5522
167
8677
2678
2838
7190
1846
180
3327
4150
4244
7290
1475
8034
2375
1790
512
9587
5937
4904
8496
5178
1196
3720
3963
4416
2082
8655
10000
3198
1641
8705
392
8470
5280
7759
9846
4132
7913
302
9220
4290
9415
4211
7906
1991
255
6230
4783
2189
2250
1417
417
1501
7738
3786
7246
6040
326
7584
7430
252
8343
7544
1106
7694
5703
7377
3685
2923
4658
7659
6836
88
7868
9597
2071
3555
4275
2210
689
2436
210
8526
3136
2364
5935
2470
6254
315
5232
3926
1737
415
4216
349
7454
1773
9958
383
466
2716
9330
5342
2393
3709
6416
2509
9237
1071
7271
455
354
8587
8858
3521
8588
1702
3347
6993
7599
6012
3254
5409
3131
3860
7572
1864
4256
747
7127
2601
4807
2218
1162
4846
5283
3733
8446
9930
7365
8154
5889
6117
2510
2767
9087
7940
5475
9741
2818
9907
5956
8833
9354
5977
8428
3229
1932
1635
3891
8945
7124
4141
7972
1305
663
2059
6908
1666
5258
975
4631
603
9889
2546
1358
4224
4309
5147
2822
1997
1978
343
155
4856
4591
3201
4963
6870
8500
5703
7883
1362
1816
106
1102
5692
8866
7905
746
7066
5527
7167
6509
5729
4624
5668
7442
4088
2879
5666
3529
533
6770
1538
4830
7557
2521
2885
6379
9284
4028
2962
2794
6451
3049
8329
2935
4019
3828
5546
7930
2840
2539
8525
8470
2474
5402
6597
1053
9204
2246
7214
5436
9305
4519
6840
1607
2012
438
793
4007
8484
4088
3257
8085
2541
9785
5897
5096
8892
7776
9650
766
669
6110
4585
1692
6609
3732
2812
2124
5147
8854
7501
4216
6171
323
2040
361
8431
2760
6738
2141
4008
6831
9347
6456
2741
9206
7180
5923
8585
777
9006
4365
4106
2488
5278
2455
5135
8918
4075
7839
2851
1599
8276
6112
7572
3856
6838
9804
7331
2767
5947
2367
2840
5891
6219
9433
9629
335
7522
5564
1046
1000
4741
5084
8953
1950
8786
6940
3103
2418
9028
6665
1518
5601
992
5863
2993
848
3
7181
8418
8297
5700
6149
2935
1234
9379
2811
7737
256
6095
5941
1751
1625
4493
296
6883
3195
1434
7957
9950
5896
804
5166
2741
1764
250
2453
957
5110
1277
319
2288
8247
2985
9269
7298
5962
6612
3180
4133
3568
4363
9403
9732
3564
6765
169
8749
5103
5192
5958
3874
8248
3144
6555
1031
3283
6241
8788
3278
9663
5203
2433
9159
5719
24
6084
9771
5639
2324
3924
4552
231
8054
8666
8704
1399
4091
1316
6512
1526
6240
9157
1054
8012
3174
3639
142
1469
1952
4518
5048
6017
4830
4305
493
2329
87
2116
3581
1876
1266
34
2909
8279
838
4500
1640
2222
7292
9819
4628
8150
8880
5607
9223
592
720
1622
1044
4156
8853
7236
3852
6066
2682
7479
1731
6495
6830
8174
5949
2512
1506
2600
3634
6
8501
1671
1786
9764
2461
9385
1748
3722
432
1615
4784
10000
990
9925
1231
5037
6977
2755
4187
7730
3565
693
5099
774
1955
3208
9990
1877
8319
7452
612
4561
4642
4313
4366
3598
5322
731
7514
9858
1507
8069
893
4178
3015
8887
2094
5089
4729
5322
4957
2207
4069
7017
3588
9225
3650
8935
7627
1280
600
2743
383
732
67
530
5014
9211
5640
5925
8903
7869
6677
2175
273
5430
7055
8093
2832
8341
3208
570
4672
9083
4604
4737
5592
5685
799
9332
6498
5003
2599
8970
3642
7737
5828
5909
8020
6037
6956
1928
7791
7336
5364
4534
4633
1919
5354
6872
1279
754
1761
3500
1065
1926
8786
3596
7752
4924
1484
8739
5263
4069
1134
3347
9854
284
8968
8693
780
2747
9532
1140
451
5800
9825
8581
6819
3722
810
7082
4363
2233
1855
4382
3314
7482
7754
943
212
6551
5876
2842
4972
1453
3883
730
3658
7883
4863
6649
8608
4929
8925
9302
8281
6684
4693
8945
9793
1629
8266
896
8795
2508
1534
3546
5854
9501
6745
8099
5360
5207
717
9028
2236
7883
3289
2333
7413
2234
8448
4482
9418
7254
3285
6983
9669
2847
6992
5249
3175
5814
1867
4355
3635
6992
2066
3990
9202
6532
6333
8320
4958
7859
3159
8378
1202
4323
477
8327
3211
5981
179
2337
6205
8768
4537
218
476
5417
848
5754
7432
9078
950
8528
5230
7890
7707
903
4309
1099
5384
7867
5620
2708
8898
8120
3335
856
999
5410
4094
3919
3829
6956
4095
9262
9300
644
7682
21
3464
5128
7537
1863
5585
3369
9455
4099
2295
424
920
5847
4601
5480
7353
5981
7916
8593
8754
7168
9658
4347
7297
8720
7801
704
8731
7388
6730
4002
8514
5585
5342
2502
5228
6829
2428
6772
8807
3811
8102
4344
6341
9371
9648
8065
3899
3867
9328
264
5578
3841
8008
8936
9019
7013
9743
6385
9757
9106
2959
5177
310
1276
9441
4133
6253
43
2825
9040
3308
2739
2897
4671
6563
8859
8889
1657
1530
2288
4683
451
5221
1273
2385
3318
6110
3921
168
4735
3193
9795
275
3133
3384
1443
7894
183
9411
5938
4028
9509
7636
3218
9518
2478
6466
8395
8268
1770
4895
7103
5383
199
2598
329
7613
3062
3403
8980
1756
6000
6859
8779
687
4328
6735
3983
6174
408
5911
6593
9269
4981
6672
3300
5811
3833
9973
2060
2838
3737
983
4258
7088
9024
8854
2887
9523
1864
2155
9639
3047
6208
4718
7032
9166
2767
3111
6689
3737
2918
3574
7770
3535
167
9386
9984
5875
6783
3658
8972
1454
7056
3152
4328
9998
6385
8706
5021
5893
2012
4179
2164
3080
3588
5611
9338
5688
4259
1104
1471
4138
8677
7573
1762
1169
8149
6493
2976
2557
7068
3021
4837
3474
7052
6256
9645
9627
1225
3282
9544
3827
4626
8404
398
9149
9938
8746
8408
6043
6292
7185
6793
815
415
3036
9392
7372
3346
8749
5711
1184
9058
4654
712
3753
3814
4547
7563
9259
8223
3050
9831
4881
8226
8501
6238
5701
8004
1171
2170
9761
468
1776
4492
1081
6585
1797
4367
724
5720
3298
6801
5638
9039
8297
8909
7882
4902
5123
8320
991
8207
8103
4162
1516
7868
9522
9655
3426
1385
5301
3450
919
1600
337
9960
2446
8439
1039
3292
6087
6059
5830
9399
728
5774
5941
9341
3160
391
702
414
6404
2289
6217
100
4673
8075
7856
852
5224
5683
6909
4196
3202
1241
5253
523
7711
4024
9043
9206
7071
4995
7824
2572
8218
7403
5059
8427
2245
9419
2938
5939
6226
7669
3212
9224
4224
7317
7765
8876
6832
7889
9801
3195
6909
9476
585
8486
6862
6846
8969
2116
6565
47
1561
9647
6063
5007
8666
9353
8047
2197
334
9415
5478
7193
6263
8867
4601
3637
8301
4471
8119
8758
7083
6013
204
7399
8938
9809
1832
3817
7252
7773
6826
1936
3431
8438
4678
5210
5090
9954
9595
8194
2404
1649
4051
5414
6136
2358
3894
8117
9262
5614
4353
2757
3650
7642
436
5854
7600
938
5667
8836
8479
1933
7239
1741
8008
7553
8169
43
610
8489
8699
248
1638
7701
2657
6802
714
5156
4523
6255
5878
4033
5317
7177
8521
2518
5011
7243
3015
8576
208
7538
6724
2187
500
9040
7377
8716
6877
7746
5449
9204
6892
818
4261
560
723
5745
5711
5606
6525
4778
5393
6552
2921
8899
2653
1637
3006
556
8575
8374
5154
4067
6722
9993
6411
564
2224
215
5604
6097
3096
1340
6906
1314
2648
6892
9169
4909
6395
580
6006
6053
2058
273
1975
6682
9777
5303
6689
1092
8101
3676
2279
622
103
4104
5944
3800
3822
9231
3454
8443
8912
9395
2676
6635
73
6317
1922
5356
33
8327
5851
1529
9421
3607
700
4021
7493
6954
2723
3178
3251
3439
6156
9716
5769
1331
8229
1495
8908
9165
3512
8981
7284
9924
2094
2838
1324
5088
6419
7557
4383
197
315
486
5280
9521
6142
5883
8071
7221
9712
4544
3859
988
3610
1191
4273
4974
9729
4900
8352
2390
7605
8664
463
1918
8589
5169
8334
5575
841
2894
1195
8220
705
3778
58
1422
7861
7766
6705
3748
3282
34
3577
2731
9551
1941
3152
4132
2843
1063
8520
756
4171
6063
3947
124
5324
1655
9990
2931
5707
9283
5219
140
5606
4197
3964
8970
7030
7368
779
6751
7132
4324
6779
7228
7085
8955
2309
9797
3361
2300
6441
7108
1628
4446
2241
1581
110
6747
8576
4438
796
8189
6362
3543
1208
7467
5459
9243
9809
5501
3224
5160
2753
6966
1854
5456
7066
8595
5187
9227
8501
8992
8311
2761
3649
140
8266
8750
3115
2033
708
7463
1380
6308
3985
6635
1480
3971
545
406
1156
3313
9431
5492
4939
9358
798
4951
2155
8870
9025
5126
5841
3772
4872
7234
2126
9047
709
4261
3888
3376
5486
8062
6882
8329
2988
4117
2698
6594
5896
1208
4102
7258
108
8066
4529
4212
3646
241
5169
1369
7691
9315
5845
6434
3569
7983
6329
4911
1905
2941
5366
8227
3749
6002
4750
2335
2251
7654
8377
4155
6516
8140
5357
539
3802
2127
2245
2177
4177
9437
2048
5721
8054
7534
5078
2468
9308
3510
9539
2103
7926
7083
9683
5768
3705
7986
7317
5078
5052
4093
6886
6660
6543
2340
755
3239
6675
2989
4722
4839
7829
3394
235
4940
3832
7825
7582
1949
6625
2955
7085
8127
5507
4883
7298
2672
9984
3915
4925
6730
892
2269
9011
4566
690
9321
8525
6120
4738
5901
3426
7831
3693
1272
4530
4447
5843
4092
8319
6156
8748
7377
2995
9317
7695
3384
142
8867
107
9290
5236
7915
2494
2159
2454
7901
2452
9049
2899
3451
4690
1114
2906
912
1126
792
8750
4052
5085
2737
7020
2490
7970
3840
5050
5869
3466
941
4810
8010
7478
3686
7424
3410
386
9153
2143
6414
1638
3674
7038
2494
514
6156
2534
8797
8048
5015
833
9416
1944
3312
8759
5349
928
1615
4719
7130
6873
2317
1534
4089
3985
3639
6713
5732
9185
6598
707
5173
2103
7623
6354
8402
8536
4596
3496
7521
463
5730
5444
5240
1606
6075
8892
6506
7661
8441
3995
6366
7659
4686
553
3540
9936
6738
6937
2614
6071
3079
2775
4155
7444
4001
8948
6767
5775
7039
6325
633
6461
2483
3839
3665
315
2220
9103
9213
9767
5951
9822
8492
4139
5219
8788
1330
2665
6370
8976
4400
2943
3988
8153
1227
7213
4713
6812
6418
6861
557
2327
9807
2316
2579
5489
1795
1702
5213
347
8570
8161
1754
8885
1610
4534
4838
360
3313
9300
5979
1464
7967
1097
4101
1325
1124
6987
3350
1882
7011
1442
9119
9897
7548
8223
800
8772
1628
5052
8220
8927
5599
8423
9596
3873
7232
1202
3688
3311
3709
6980
4665
1425
9804
428
7524
3080
6570
3510
575
810
9612
7155
1655
7098
1412
3777
979
264
7483
1964
6915
4315
5329
112
1484
2215
4012
8918
9259
6981
1584
7893
7002
8154
109
8865
1201
7133
7422
5365
6063
2248
8212
770
3746
5241
5247
9513
3477
4428
1901
9696
8702
6580
2580
8847
1847
3275
2439
3159
8410
258
7774
4684
3104
8543
2525
3487
9621
6127
533
4453
968
4671
5958
8147
4708
1121
7069
1543
7527
3280
4349
9137
7917
4685
912
5952
6830
7751
8247
8186
7536
1495
620
2100
3212
5737
4090
3677
9504
7668
4995
2018
1347
4446
3094
2419
3086
1195
5804
4146
7468
3200
6107
1906
6935
6889
9821
6326
2371
2413
952
993
1874
5936
2304
8875
2686
795
7842
1662
8674
3458
1211
8303
3548
1562
7920
3281
1415
5508
3360
3584
2026
9778
8630
4665
2599
434
9206
2843
9729
7058
3503
2272
6142
7076
7065
5053
6308
7652
2687
8307
2562
2110
488
1549
7773
9874
9559
9902
375
8066
4028
4127
1141
8969
2718
8647
128
9678
2108
9990
6577
9069
4361
782
3027
6225
1476
9121
7911
3236
4404
8952
8062
1529
5106
8160
8437
1905
3216
2999
4706
1886
7104
8489
1727
5089
7823
3479
3952
1229
940
2887
7815
4629
5053
9225
3129
7213
1906
4734
6744
3047
9256
9328
4729
1323
2311
3995
9549
3041
3862
1813
5781
9447
6743
8388
9768
3647
2118
3891
6958
7073
3555
7631
3663
5078
1318
9949
209
2551
8364
4261
2805
4109
1498
9674
795
4123
2546
4301
4894
1173
8299
8357
564
4002
3586
6126
8817
5122
9806
9862
4184
3407
2515
4559
6015
6143
701
9677
5444
9217
6894
5325
4829
7538
3856
4893
6994
9748
9625
2183
9358
9920
9771
8981
4522
145
6315
4244
5619
4142
5421
9861
9511
687
4589
8203
9624
4378
9291
5115
4018
3834
6456
6811
4799
5437
9388
7024
7124
1896
6747
4276
5288
9314
2859
9894
9567
6271
6813
7333
7577
6559
4670
7143
8480
1356
8310
493
6051
4259
6349
6045
8031
9207
7092
5323
6211
5220
4460
7428
29
4294
6581
7897
3462
274
9436
4648
2417
3016
5616
6656
2834
7624
9136
2979
9100
8849
3631
8688
6929
8387
1645
5396
2026
9238
6946
5384
1840
2851
1505
7932
6182
3895
3174
7315
6327
5484
7692
7054
2527
1254
4687
927
5407
6934
2452
2847
6876
4529
2100
9754
8256
762
772
6157
9070
9172
5928
9220
5970
8728
5943
6044
2234
3107
7870
8889
7956
9252
5861
5750
572
8087
5775
7839
5445
4648
7957
4409
471
6103
8776
4314
5202
8296
5178
1754
3251
7739
4900
9170
672
3997
7235
7074
6688
8729
8251
6481
2056
5268
6550
4472
5162
2035
9421
3994
1959
6605
5892
4882
8463
5225
5861
447
1089
7660
4861
323
2020
3716
1497
2955
2042
8451
6393
9775
9041
9535
1859
4111
8529
3743
3369
9654
2334
8733
349
8010
2710
6425
6323
1703
8948
568
4128
1167
5856
1482
5248
2907
2198
4449
8861
7503
7422
5427
3124
5885
9489
5552
9656
5506
3641
1803
6632
7445
5125
6552
5244
780
2368
7891
8083
5158
1431
9306
2918
6560
135
7693
2065
1360
3318
8125
6140
9935
4767
4751
4446
5101
2083
5309
1682
1115
4622
842
9657
4590
7938
213
2504
9368
3038
7757
6539
7613
8361
497
4140
6217
65
9716
9177
3000
2329
5979
475
879
4942
5209
856
6722
4547
1389
1038
3963
3085
4505
80
9225
6833
3888
9000
7846
2252
4240
3444
2353
1793
7451
7514
8301
4075
5128
7929
1126
4151
2495
2056
4530
5151
9961
6984
3957
1336
5725
8222
6278
5085
3967
1788
9903
8343
3802
4337
1454
3757
8907
2129
7508
4391
2303
9017
7004
3961
3005
4002
8671
1375
1560
393
8459
343
4489
2559
1030
129
3632
8558
5929
4054
5639
8290
4016
756
5038
19
8086
5554
1914
1131
817
9583
9371
2356
6658
1923
2761
7664
6093
859
240
8500
2674
652
3791
3411
4724
3376
182
8399
1348
5550
295
4273
5936
1126
3375
4306
7124
523
4035
1696
8929
3574
4048
7214
9515
2203
511
5131
9770
2016
5241
2125
9303
5799
2669
4557
8466
829
8272
6054
4254
6077
5620
9434
2974
6621
3063
7084
2541
6032
3194
5917
871
7173
5275
6519
2809
2881
9153
4069
207
4115
8097
4214
927
4422
2473
7395
2676
4862
4723
3813
5612
2395
6150
5152
5387
8807
2241
4807
1678
7676
4429
6844
886
4504
7970
1258
7806
9739
8406
8711
1740
6350
3384
3389
7649
446
9196
7223
8955
1403
7549
4221
5569
5872
2654
8690
4299
1483
9204
6376
9546
6108
9815
2217
1808
8450
458
7195
8125
5499
5358
6516
7159
5740
3224
7740
9839
2928
402
4010
4605
9813
4898
1031
4599
4172
9392
933
6387
5457
5257
1732
7429
1166
2137
9172
5412
8767
8122
419
6465
4643
6052
2634
9869
7139
155
1304
5364
9431
7472
3359
4707
749
5433
6902
2134
2381
5328
2542
3382
5282
1296
8681
4865
2120
2779
4222
282
7965
434
3016
4104
7142
7013
4003
453
1146
8959
3676
4448
6989
7584
2235
4745
2597
404
3269
2860
3651
5416
5785
2121
2863
9113
2897
538
3259
1902
2085
347
1427
9146
7762
7198
2443
7095
8168
9977
9428
5598
3530
1649
9766
4393
7600
3668
4301
3219
6123
9009
2672
4597
3569
6282
9395
9983
6022
5860
575
2738
8126
9242
9064
6301
1414
3024
5788
2220
895
7494
4480
6505
8759
2955
5848
4612
793
4047
5474
2995
929
3162
1237
584
5113
2343
5908
5147
6352
2552
3606
4937
6136
7353
607
1883
7530
9226
2877
5864
3644
416
6394
5438
209
7324
1607
3204
5570
5792
7259
6046
2253
1835
4857
5001
6547
5082
4338
8576
4
7393
8050
173
6430
44
7072
1564
3224
459
1159
4783
4656
5196
8057
1482
2633
9321
194
7463
7507
7435
6261
5810
1739
1327
7316
492
6377
4650
6545
9574
7424
5787
3372
3947
8670
4086
8834
4234
7226
536
6329
6494
3379
286
8414
8499
1388
1195
8687
4347
3873
1483
4040
8163
2697
8127
8397
6721
6793
9849
3285
5271
406
1431
7834
1791
4324
7307
4521
4089
5526
7516
6660
7235
8513
3196
2015
4044
4355
490
624
8876
9741
3200
4884
4425
5307
3263
9256
877
3509
9759
4777
6885
6982
6735
1008
7792
3666
8875
4665
1920
157
6383
9173
476
7446
5670
6247
8908
2889
8818
2537
3409
4645
4139
474
429
6024
2079
2762
1569
3405
8360
573
8322
1678
6921
8157
585
9490
9147
352
3321
721
4257
3716
4104
5947
2623
3227
9904
2611
5963
3264
7307
4137
1352
2523
3959
8644
7169
8727
1
1609
2883
5820
5049
953
1649
1149
1546
9726
1265
1119
3688
1334
6953
3251
4294
2299
5134
5648
3235
4784
2994
1481
913
7814
1516
2477
3987
3548
2062
2080
2209
6390
8403
8784
2897
1382
2053
2264
9469
1332
4229
4896
6094
6064
8057
7446
3795
9665
416
3655
8460
5055
1427
6576
7432
6
4376
2380
4338
8841
3815
9837
7073
7013
2655
3695
3949
1565
1708
7957
7801
9120
2825
6444
8093
7669
2756
4578
3544
4899
7866
1683
7778
2352
3083
3518
6840
5344
5182
2657
2363
9828
8130
6937
3817
1561
6737
7807
4233
3439
2741
5483
1704
4502
2854
4019
5629
6697
7770
6162
8418
3358
3853
2737
4674
1329
4860
2691
3236
7495
2973
9081
7676
6121
912
8985
2514
3805
2362
5069
2178
5187
8877
6827
5354
7385
1105
5503
3173
4554
5177
4865
6349
4879
4154
734
7194
4148
4127
3649
7499
8620
4390
172
9749
9309
3976
8690
5992
1029
1157
2894
2058
3722
5879
9041
2704
2230
8093
4817
2701
7952
4717
6885
7877
561
3632
6730
6773
7562
7524
264
9751
1812
1902
944
1963
3038
9732
1999
8405
7722
1313
9939
3463
6384
5146
7058
8784
6558
6574
621
6480
5295
8073
7755
6529
5516
978
8311
6061
8111
5339
4890
9357
7162
4156
7439
3516
8945
3112
5896
4991
8209
5025
3643
2113
3453
1291
7339
2277
7821
3864
4311
339
8784
7880
757
8720
3073
3756
6880
9288
8015
8218
3818
6809
7504
1304
7990
4755
6206
9808
8710
2235
1682
8520
7708
8354
160
1397
7764
7915
1909
5777
2711
4610
400
5614
8351
433
2612
5038
6789
9709
1590
2209
4391
1119
2129
2475
6185
136
8932
9605
369
2680
2281
6939
9715
7658
7930
3966
5426
4809
3953
2871
1346
6245
2785
5269
2799
1354
8930
8357
4741
9873
5858
2930
316
4639
5839
9542
5168
7912
8173
2863
366
6846
8481
8101
5116
2624
6146
138
761
6145
6198
182
7972
3611
4217
504
6223
9531
2494
665
6961
9466
8877
4627
3443
7792
8093
2963
8399
6949
892
3728
3037
5664
6101
3837
8126
5207
9845
844
9463
7031
5375
776
9968
3417
7341
6827
4249
2193
988
7162
8702
1687
9129
216
940
2286
9102
9813
1263
5324
8726
4113
701
3848
8005
8228
2103
5576
6312
1226
2768
5988
8616
6111
3402
2495
4025
9639
7877
1877
5993
335
8592
2701
2842
2069
9314
6370
5012
5763
1382
3306
7982
6958
1161
6578
2018
629
7844
1715
897
8187
8481
848
3977
720
9215
4675
5644
245
4302
5774
624
6567
1760
8577
1546
2040
9040
2174
3376
3958
6452
9452
1979
2199
1487
6913
5984
6458
1299
566
9767
9466
9798
3305
2881
3541
2036
160
3792
1274
1937
7372
1001
8534
7288
9303
2676
2502
7198
8131
2577
8802
1048
7134
6188
5161
8833
6961
3472
4455
7123
5417
2486
5978
4543
1294
56
9037
9222
7639
4344
6799
933
5008
5795
3432
7428
3923
2432
185
4952
3269
7590
2404
9449
3337
5086
3029
3050
2545
9768
698
4303
1379
8128
1319
7017
223
1720
2120
9180
8867
9000
414
3015
8853
9698
6334
4539
5398
2961
8626
6160
9054
8421
1105
8123
1071
9645
8493
8161
9899
9683
1687
2739
760
2081
9042
5805
3643
1743
9779
1875
5132
1954
4496
9519
867
2662
3544
1849
2543
8930
3195
6724
9531
3604
7345
686
3853
1552
6004
2668
6084
3079
1669
5026
7874
7737
2798
6050
2531
2156
4347
4595
6571
6206
3580
5823
7214
2373
2533
8619
6505
8302
4507
5830
5314
8246
2889
9422
5949
1376
3742
7894
4951
1957
6137
4437
4555
3558
5111
2544
4273
7285
4047
4552
5083
4213
6444
2852
9826
3773
7157
6116
2070
4705
2615
29
4171
512
3123
2588
9996
4923
4385
9019
2510
1297
1206
3412
3140
5283
7565
2529
2588
8636
5629
4413
4631
1041
7881
1918
9995
5488
9444
3381
916
6279
6074
5379
2790
8953
8689
1929
8583
4517
2045
9731
8235
5577
375
9511
7965
5163
4429
707
7218
5633
2516
6467
9457
7794
5996
6850
6438
1203
1553
8133
5779
567
3908
1012
1929
7130
3146
403
4531
5828
9266
7103
9411
6089
6339
7390
314
1171
9864
9345
2059
8626
502
5094
1766
1435
208
9353
1981
9784
4781
8558
8122
789
7080
7307
9863
7356
6789
7998
5712
805
1132
1649
8878
8375
6876
2534
9514
8811
1255
991
5567
6929
8123
3775
4028
6177
7248
4605
6647
9993
1527
905
7758
7666
6873
8492
3618
2484
4344
9060
9054
2060
4487
3943
6818
6757
3472
2870
1287
6737
7419
6526
8016
1467
4786
5677
263
9476
1
325
581
5
3171
1055
1476
492
7532
9852
1476
450
5826
6227
1393
444
7791
4918
7493
2692
2582
8145
9608
8322
706
6388
2773
243
4887
4428
9350
8893
9976
4995
7086
2944
1007
5634
4398
7442
2664
4062
2418
7663
2848
3451
9168
2416
3536
9479
6672
7403
6906
4213
3449
8771
6091
2023
2339
5734
9344
4241
7341
2534
5289
8430
3947
2444
606
8409
4662
4665
2129
1006
6266
2467
4532
8910
7529
2404
5131
2195
8464
1811
3848
3745
4433
8720
9060
5371
4983
8050
6977
2517
9587
6529
2781
1518
8553
6040
8320
7411
1123
279
7586
6445
2945
4715
8423
505
7161
5771
1408
6239
4879
5170
198
1722
2832
2492
2958
8014
9598
4213
3953
4447
9894
3374
9406
9083
3345
7656
8427
3410
6298
2757
7877
3480
536
8080
1907
9155
890
4055
9955
4227
4285
1309
1900
5421
8074
8269
972
7687
8012
7880
2593
6884
3281
1699
2968
759
9924
5525
1990
7405
4805
1310
4302
7753
2544
9118
9221
301
7979
8044
8070
4055
8146
6093
215
7017
6710
4512
6833
6021
6990
9206
9969
7687
9641
5901
500
1885
7333
8277
6129
7127
5533
8804
3223
2841
9328
9605
1112
8425
3454
3598
308
5776
4022
265
9470
7090
5658
1801
4236
4991
6987
8209
9708
1029
1535
9621
4717
1451
5974
4664
6210
6577
667
5400
6878
6516
2737
2606
3763
944
2632
4718
7109
8227
9949
2059
7263
4662
2427
5934
2757
2507
7629
4659
5611
4536
4752
2867
1179
5253
6929
5007
7741
1222
881
1488
7345
2655
6984
4838
8076
2701
4480
2457
1051
8362
6665
224
6218
1716
8136
4762
6548
5691
8786
9150
7259
3339
3615
1784
2626
4818
3072
3454
9156
2815
6379
3586
7233
9830
5595
1302
9603
7825
877
6953
2185
2667
2133
8768
8559
9916
3457
824
8896
1008
7673
5854
5193
6016
2864
6380
7903
2218
3211
5952
9306
2804
9434
5150
3314
2458
7605
6943
6845
9253
1248
6653
3736
3219
2360
7145
4510
6392
5216
3306
9832
6965
2553
8290
9730
5416
1870
5189
465
8774
3676
8809
881
4952
2984
5138
2942
2863
6953
506
5165
8655
1856
9490
6771
6036
4102
5998
5555
6779
8624
5227
8482
2535
1063
4962
2270
1501
9090
371
6062
2339
8364
7066
213
9909
3283
763
558
934
688
1464
7061
5267
245
346
1769
4026
2986
3995
6006
8370
1838
2351
125
2300
4570
7140
4503
2287
1825
1530
9532
9493
4620
4784
1046
8151
5167
7913
6114
3406
9765
5201
1327
6256
8788
7894
1275
765
6390
2444
9642
4557
5710
2491
9838
9595
6665
8917
8313
5244
9148
5992
3990
7393
9812
8927
9908
191
7732
6611
9573
2999
4061
3647
1198
3908
8637
2052
9148
6869
1791
9627
3828
4871
7024
5850
6067
4270
179
7791
4111
1817
7797
1166
6870
9428
1870
4
2797
3973
9916
7154
668
3908
7641
6852
5270
9657
947
779
7129
9786
4708
7513
5721
6126
7125
8964
7655
3070
2978
4221
2627
3804
9224
7362
1576
678
4185
7224
9905
269
6444
1094
8050
7340
7504
9681
9931
3718
6953
7287
6612
8926
1299
121
876
3270
8063
4014
666
9914
8765
3738
7661
9511
5630
5450
673
8089
5504
2451
3312
1829
952
7655
1012
8775
8392
8596
7768
2941
5537
8520
6725
551
2087
1190
7712
2685
2604
1797
8364
8698
6800
6790
8816
9313
5583
6802
8997
8621
9663
9666
5514
146
475
1701
3229
2234
1193
8580
7028
3766
5724
1249
9010
6143
3975
1243
1401
1046
7366
8137
9168
7607
209
8161
413
3251
7898
8973
3497
5784
8208
7300
6260
9950
305
86
7761
5567
1637
3210
8219
776
2490
1215
7872
1826
8176
1706
4795
7507
4858
8103
293
5739
5968
1073
8380
8233
4537
2091
7328
7370
2605
3519
6049
5196
5794
8580
9807
8312
3581
7742
2893
8843
9787
6534
8369
7668
4110
5580
8558
2982
3079
9132
2437
9658
3527
2943
1883
4380
3586
2136
7588
201
3337
8300
536
4981
2108
78
2646
4687
3190
7332
9055
8147
2174
1628
1767
649
5553
8526
3786
4318
3291
1924
7962
6553
1585
4045
2000
3429
2641
3405
2564
318
677
706
3098
5843
1883
7629
2946
5218
9877
715
5691
1141
970
5401
3751
7899
550
6513
9693
3635
6058
3921
6547
4563
9975
2607
3351
8450
3005
6836
3037
5290
1236
4266
3268
4550
2018
7089
8398
4912
9318
893
4626
346
6933
5674
758
687
367
8783
4821
1015
8440
6905
2049
3168
5968
2355
6634
8811
7531
4793
6345
6282
4964
1001
9591
5069
4857
6054
5256
7677
2234
6062
339
3437
7998
1800
2433
8106
2658
316
4796
6478
407
5338
8257
1507
5529
6049
7316
4072
6109
906
7790
1002
1128
5876
2899
4888
6197
7047
4652
828
5627
1071
1754
9209
6012
5059
7777
4422
7771
8506
7798
4881
680
5707
5249
3013
4347
2907
131
293
7654
964
4162
7186
7960
3652
4729
1031
2096
7996
3764
1823
8291
8178
6142
877
8813
3620
6771
6363
5024
9798
5421
9040
7912
8286
2070
449
9443
3574
2309
8192
5606
7365
6927
5078
2847
8250
5275
814
5818
6550
4371
123
3189
7059
8698
4180
6975
2267
234
4087
410
7646
7628
6404
1885
6213
924
1593
7600
1765
3107
7227
5800
5716
8576
6762
5924
6147
4812
11
2693
7288
3723
8888
1549
8075
8798
3574
9050
8647
2428
3504
132
1376
204
5088
9028
5383
6215
8802
3969
6190
9136
9922
1813
1847
5061
6743
2990
1005
3628
3374
3093
2984
1805
6780
626
426
2823
3384
6867
1301
3235
8893
8691
8029
4847
6381
4988
2441
9984
113
2823
1456
2602
5832
1268
532
2689
9401
2017
5918
2045
5721
6394
3817
5350
250
3930
1417
6286
5817
2902
8485
7887
6824
3055
4163
7038
7994
2734
7276
7131
9198
817
4029
1302
9848
5961
9008
9563
9413
6926
4998
5486
8510
8745
6185
3155
8811
9343
3498
8310
3844
6242
5406
4350
8564
675
6106
8452
7776
2613
2985
2627
2945
7594
5961
6703
4686
1514
832
629
7842
4733
4485
9603
5664
397
6471
1991
8748
359
8776
6014
5994
9441
1680
7370
7600
9143
6939
6800
9844
2217
7568
7596
1056
1052
6636
9384
1985
9798
9475
993
9152
1239
1429
6694
5760
9811
1388
1402
1529
5729
1042
616
1418
6711
9356
9017
7629
3739
6070
7506
5052
9630
6399
2407
8607
9648
2728
4466
3040
3919
6395
5768
8695
4092
6833
5216
3206
1475
6620
9684
657
2068
3181
2873
1094
2778
4341
2812
3089
8970
3813
7603
8736
886
3613
5106
568
8598
3055
400
7231
3088
7324
6198
3824
747
5948
7600
5345
7439
5588
6655
3749
594
6711
9656
8915
8722
2983
6646
1130
5224
6234
4319
8786
9182
8517
6518
1222
4350
9619
694
7337
4827
5400
5010
7789
684
7982
6586
2782
7085
1060
996
585
870
9485
5710
5164
7802
8699
5625
743
8866
6814
87
6249
1237
1069
6291
7070
332
7928
5886
5448
2769
6211
409
368
3081
1051
561
3997
9503
923
5502
2834
8865
2045
6682
7364
511
9831
2495
3500
8513
7026
8979
6525
6338
5386
2440
1824
3233
9447
9413
7910
408
5483
6619
9747
6352
795
2438
7878
4803
8055
1820
6476
4848
1652
9775
5559
5271
1269
118
3809
7120
8364
6090
2490
9703
5361
3514
7961
9834
3227
5933
4900
7677
3924
4120
7093
6317
5778
1615
6896
7948
3483
643
4817
5285
8226
2042
7735
5525
7851
8720
2328
2484
2878
5247
1838
1778
4100
1339
3288
8113
3813
6678
6659
1623
6223
2992
3899
7880
8187
9653
5143
4471
1213
294
893
4202
8130
3446
4406
5384
5452
5650
9835
8601
8097
728
5392
2214
5492
7766
5257
849
1744
4010
4014
8485
1891
4303
364
2670
1856
6419
4808
8297
3283
708
4238
3197
5634
6891
2455
286
9226
2624
1992
7938
716
4653
1339
2844
5514
5593
2356
1576
5617
3203
5522
4369
5848
5027
1061
4083
5527
2406
8444
4305
7664
8986
8903
1222
7260
7146
5449
3761
4147
7305
364
6504
4149
6717
1089
4388
8990
5791
9616
6624
7663
3624
3147
5872
9932
7751
175
6834
531
9955
4442
3073
804
2024
7177
9491
92
5606
37
1290
6785
2354
478
1949
4333
721
1639
8067
5303
512
619
5022
5279
7341
6205
108
7108
4873
7852
7860
9747
9311
4892
2582
6448
7265
6902
4452
6552
2441
7648
5879
741
8984
8833
1474
1525
1574
2622
3051
3496
9364
1293
7357
8764
7889
6731
2655
9699
7001
5122
4139
4947
7761
4885
6376
4924
6719
8290
9320
4286
3545
8425
3449
6183
8209
3401
6045
1198
987
6484
4865
2633
5533
3135
1704
3589
8639
8584
135
1256
3918
1534
4580
2840
4168
9958
6877
43
6827
4947
5005
8067
9781
3289
6319
9879
4750
6827
3278
2009
5232
9654
2507
4879
1260
1274
2051
7000
5838
3210
6688
4006
62
6914
7437
6276
1346
4777
4642
1828
6353
3193
6407
1936
7914
7755
781
3858
213
1796
7892
9389
4578
4175
5497
8580
2215
2023
1030
1857
2329
966
9720
2709
6688
8608
1018
7322
4663
4896
4458
6847
9438
7312
9406
3085
2472
3385
8499
690
318
4295
7188
7745
2158
4019
5230
1074
7307
1527
4672
6507
2215
1007
9533
6203
4709
327
8319
2374
1146
8824
6929
7636
19
4651
749
9374
671
2200
493
2261
7652
1618
1716
8342
9413
6393
1237
1192
9684
69
7758
8967
5647
8097
1229
1439
9691
6411
5236
9647
2468
6410
3083
1213
8608
7497
7933
1841
130
7080
2290
4082
8993
552
8415
4312
9794
9796
6696
8493
893
8874
7153
7830
673
5666
8810
8631
7624
6302
3717
8430
3007
8448
2753
5743
8534
5899
3628
3103
7725
7095
8367
9067
4838
4441
3864
3367
529
1889
1808
7732
4041
6921
5388
9190
8093
2946
3790
8802
4177
584
5942
3114
3780
9403
5929
7484
7483
8978
6304
176
2430
461
8713
7422
4657
4968
3705
3198
3745
9082
8539
2464
8608
5809
7042
5364
5576
7268
3783
4988
5750
6929
6768
2939
8094
8734
4492
269
4964
649
4574
269
4407
5906
4244
6012
4474
2815
7202
6931
3601
4417
7814
7453
6747
3384
829
8152
329
4380
6455
8393
3839
3463
8754
9860
4343
4634
4020
2415
5928
7365
2462
1904
2870
2731
6223
5821
8266
2447
8229
9358
5182
990
6632
7442
2298
3376
6535
6527
2083
3685
8732
6051
5177
7384
4371
4398
6522
4296
2476
8157
1582
1582
8593
2204
2313
3122
6664
4251
8209
1673
3274
3486
8090
6209
7736
135
9115
2743
6385
9540
5344
2926
4787
4378
1557
8814
3687
3867
3500
9014
1105
3580
6333
4008
7674
3255
2727
5522
1431
5227
6753
3457
7435
6434
2847
5966
595
4689
2630
2088
4461
1622
6564
8295
4284
5835
5169
7226
6481
7203
9685
5013
7369
2289
1025
6802
6699
7056
3783
391
8331
3789
4077
7798
2934
2096
3182
7814
1193
5801
2391
8234
5061
3181
4382
4929
9200
6971
5963
4338
1286
6519
792
4562
3555
2638
630
8287
3204
3908
4421
4262
7628
7566
8388
1840
9485
103
1119
5642
2485
3945
6481
6848
5463
2589
6234
6741
7826
1021
7090
3875
2321
5398
2513
7814
9845
3407
1473
7900
819
3958
5022
3828
8657
1088
270
7026
4566
5207
5844
5893
3019
8855
8848
4619
6901
2681
9701
665
9687
2313
7515
993
769
7294
5329
8275
1817
6370
4930
7729
229
3316
9054
1569
3455
4770
6122
272
1606
6700
1820
118
6011
4323
9021
5293
8039
9042
5700
5882
9883
3648
9788
3508
8698
4555
3096
223
892
5569
2347
6348
495
9143
2400
2837
5815
6572
5884
5459
8220
3795
9633
1598
1563
7743
965
7152
3484
1419
7870
287
9488
9749
9349
7832
2288
2045
3203
1496
3535
4373
4849
4725
8056
2086
8042
5458
1821
7450
3140
3969
1366
3780
4219
3686
1723
4705
1274
1513
4530
201
8733
9537
7710
2206
5761
9863
724
9033
8094
6146
6793
5050
8079
9185
9157
7619
2797
6242
8045
8802
1753
6591
8984
8378
5799
2062
3415
4812
2459
7439
9363
7409
1737
215
912
8715
8568
6458
3889
2156
9334
4508
2243
7808
8627
7265
4468
5733
4732
5599
5857
970
2550
5111
4302
8531
3568
169
1868
6606
218
6339
5012
7726
8800
5580
9163
8908
9531
4482
2054
2908
7022
6061
4243
6514
7869
1375
4902
8740
9834
5797
4438
7823
358
2345
3839
4019
1410
569
9891
8104
9772
995
4837
8203
8755
3949
3746
388
316
7747
6845
2275
7507
2010
2063
3355
7619
6811
7672
6188
2790
4735
9869
5581
9998
3822
7927
1962
9949
8203
4678
605
9214
7029
9367
1156
9732
9178
2975
7489
8512
973
4703
9250
3013
6640
5321
1152
846
479
1902
9555
7961
7465
9320
4728
8167
5159
9593
4388
5655
3512
8855
2772
489
7320
2645
1042
4314
6091
723
9054
5084
8794
5501
2167
9740
4033
3626
5063
9340
3391
2776
5593
682
8243
6420
4727
7323
6494
8402
4055
8978
978
3254
1387
2717
1696
6689
2764
8613
2492
4812
7590
7500
7867
3637
8488
5120
690
607
2920
5660
7619
1472
121
2969
5256
6720
6416
1696
2
9362
6526
2105
4594
5014
7562
776
3739
9907
103
570
817
8343
8370
8008
6028
534
9266
6391
7139
6648
8071
3581
9464
1412
1006
8392
7170
4095
1036
7427
1530
7182
3790
9602
3831
9028
2128
1695
9679
2666
6149
4396
6742
3903
8643
4542
2904
1777
8003
4041
5703
1802
7350
2852
344
1087
4002
7537
7904
1710
3596
2280
5793
900
9221
3041
7722
6097
2282
3264
6171
5457
9926
3284
3172
4517
9394
1105
8583
4726
926
9785
3655
5203
2372
2005
4617
1877
6645
8400
9617
4574
8052
3355
6531
417
6081
8614
7655
677
8671
8823
7595
8914
5585
8250
2125
5401
4610
2769
8022
2184
5280
3541
1432
8213
3168
5863
286
7638
9374
4667
3335
7312
6372
3721
1053
4590
8053
7174
4955
5113
1680
182
5341
1115
5940
8730
8030
6902
5417
3788
9389
1893
2366
4146
1301
2318
7355
6457
7650
9342
9043
541
1237
6996
1862
4689
894
8980
6930
879
2973
1057
9274
7300
8096
5425
7579
490
7590
271
7118
7357
903
8434
1670
707
5067
4353
9053
6862
798
5154
3085
8604
9978
1752
3189
6289
1672
4009
4784
851
9463
9858
9173
1001
3800
7398
5138
2544
156
4890
1768
584
8341
2859
1404
2892
8487
7865
2208
5732
6990
8378
2070
4839
4027
3280
8085
4869
8670
3771
9202
9189
5424
402
813
8323
6829
946
5051
3495
9650
9430
5258
2742
2728
786
1911
1123
500
2920
9693
184
8980
1787
8199
8222
1564
9863
1593
4250
2797
4892
7276
8828
1273
4849
5799
2474
7439
9466
8213
4073
5879
244
5724
3817
8463
2061
5207
6834
2849
5654
9994
9350
9887
988
2927
1030
4692
1477
2123
1627
4495
1459
10000
6126
198
6037
5926
7013
3208
1389
4326
1468
3936
8026
5774
6962
9188
7307
1283
3321
6103
8658
2931
4397
1071
2954
3695
6761
2779
579
6606
9594
8838
8760
3232
1650
2024
1069
4351
4925
4572
9601
4470
4743
2895
1716
3711
6390
8131
2572
4542
1590
9612
1587
9917
2494
6268
7284
5308
1734
6169
1446
3990
6672
7181
7166
7847
4105
1376
1279
8722
6884
462
2862
6390
3390
8880
9050
1495
2452
4736
4066
8317
7598
7785
9700
135
62
8641
3382
2499
6080
1851
3534
1804
4390
8405
8597
8935
2363
6127
8163
6738
8290
9478
3791
1654
4818
9744
717
2733
5352
1066
8036
9783
3678
7103
4947
7634
7599
1683
2036
2838
3994
7116
554
8065
9990
8184
4192
8453
1519
5579
1054
8666
7561
1857
6147
7180
6810
3436
5874
6117
5085
226
7423
3857
6248
338
4913
5975
1120
6514
8751
8254
6830
5654
156
4985
449
1202
9454
6704
4235
505
6270
4483
3689
7915
542
8117
3371
8738
777
3091
3051
7403
7844
7861
1531
8414
4678
5891
3745
9596
8897
7146
2027
1168
3465
7918
9016
4886
4284
1861
6149
1241
771
3340
3656
3043
1039
4401
5747
2572
9254
3417
8520
4843
7005
9701
1218
8303
8494
8053
2554
5381
6698
3458
529
5342
1741
5916
1177
8678
2682
8925
9860
2771
3657
9750
6398
1588
7088
6600
1192
7094
9946
5162
3655
309
1322
7827
5365
2628
9919
1333
945
9919
2242
121
7712
5394
3169
6799
5806
1226
1715
7552
6380
3738
9429
9635
4005
4988
7535
6435
4323
4487
3010
1670
9426
2081
6652
1717
2609
4932
9498
3225
3532
3494
2269
953
4438
5705
9010
5022
1805
3735
5170
6054
6433
8948
9726
664
79
8782
4400
9128
3850
4626
9980
9593
8166
5320
3285
788
6920
8396
917
3614
9478
286
1018
4744
9352
2258
9635
3249
8006
1566
1579
838
2260
9867
3886
6201
4287
511
5768
8571
4688
1172
3018
6755
2182
8199
1329
3228
226
6534
5897
5508
382
2141
3870
7547
3372
6243
2228
2046
5995
5243
2548
9182
319
3612
5383
7725
8314
8828
9365
4576
576
8793
4942
4137
3035
7940
2649
5161
6522
6921
680
1999
5376
7142
2899
3777
6506
8049
7537
2186
6120
5699
9675
5771
3672
6993
6051
3802
2317
1191
9797
2138
5280
8226
3774
3645
5040
1272
8591
4765
3895
8092
5977
4802
7106
1314
668
6995
8943
607
8581
9443
3626
1195
9204
476
7046
3097
2138
5289
5153
5483
246
8447
8371
6794
3091
8555
1466
6347
4982
8161
6329
3438
2930
5719
8457
9300
5701
4491
7045
521
9557
6150
8794
704
6860
5065
2785
2954
4550
7858
3425
7934
8807
1450
5248
813
9083
9556
3057
8663
4067
8423
6358
3916
4461
8234
8928
8262
5013
4269
4
3706
3019
9957
5824
4345
5636
8071
1740
9975
705
9192
5396
5624
8403
8239
3197
4400
2865
6443
6938
6487
7191
3041
9863
9815
8428
3437
5410
7125
7066
5790
7655
2530
3584
4291
2136
6679
8078
8719
8081
4377
6140
7321
6364
8485
8566
9773
217
2938
2705
7497
8624
8208
6777
4164
457
8947
509
763
4064
4291
9630
6308
6920
4965
266
3669
9023
4285
814
9775
3535
9403
7614
4810
7224
3679
9451
4486
4197
7584
7035
2381
5323
905
7077
8850
3618
657
2392
1727
3572
1697
8436
5663
7873
9088
8672
3065
8074
3265
2851
8186
9918
6058
1945
2680
2681
5409
3445
3537
6344
3418
1046
3929
5195
3895
672
712
2449
211
9043
6964
1584
7655
7140
2380
1051
7136
4002
693
7486
7346
4958
8953
9571
3938
9285
3794
5364
130
6574
6543
3517
9702
9606
2350
2545
8991
7517
4454
7245
6337
9174
6601
2036
7795
8830
233
4412
170
6151
9068
1817
8151
5178
2078
8336
929
3940
5547
6852
7316
9964
1923
2663
3761
1402
1744
2494
3285
653
2249
6795
5668
3150
8024
8347
3340
7069
3931
8183
1190
4637
8162
1059
2495
6306
8795
4958
8449
320
4962
9884
8558
7045
9215
6295
22
5773
2421
43
3480
8801
6926
4460
4230
7378
6591
4347
4958
6473
8941
2347
7185
7677
1763
7942
9798
1469
5917
3077
8059
3040
5843
3119
3500
5783
4898
6809
7213
3518
4523
3052
3811
9966
1679
6477
866
7984
4651
6256
7087
8021
446
8077
980
2656
4510
3347
2756
6794
977
3460
8471
7502
9257
1012
5492
6179
9103
5373
1294
284
1705
2232
9635
8997
4799
3949
8386
2476
219
538
5612
1119
6233
2269
1059
7350
8477
8012
3890
919
3345
8268
3421
3845
340
8471
349
8120
6451
8809
635
9107
732
6423
1447
4473
7589
5100
553
6376
6757
6197
9877
5162
7345
3718
9554
3624
8629
8844
1876
1399
8095
5897
23
6243
2317
4510
8063
351
8804
7506
8507
302
3668
7861
3420
85
8639
2268
9912
6066
1129
1960
4846
6275
1623
3886
4322
6488
993
6967
234
8008
7598
5038
3784
4528
1990
4544
5711
2778
3831
8221
8965
8526
1061
322
2625
6029
3914
271
3700
7921
8493
6510
6067
180
3063
8606
4084
3353
2708
4033
4900
984
1402
7260
4830
4077
5946
3508
1408
9765
6193
214
8637
581
5915
4327
7207
8212
6677
2089
3746
8574
6004
3259
8741
9685
6085
65
757
7480
1797
5839
9315
9156
4251
8575
6971
1703
2393
1903
5266
357
6334
7337
3563
1047
6259
4615
9197
3127
5502
3206
1770
9888
2982
1334
9108
6386
1595
5452
7857
5593
5191
2126
5934
3486
4755
5895
1173
5219
5558
2330
4377
2116
353
3537
8398
2823
9112
8860
2575
1640
3183
7292
479
4105
8643
9326
4192
5503
132
2520
5032
3395
8584
4558
6240
4998
4591
6909
747
6964
9918
9802
9658
9868
7467
6830
7014
4578
4356
8502
2075
7450
1897
1039
4414
8509
6188
6154
8305
5942
1386
2796
1049
6182
9906
1099
2941
6733
3078
7358
1882
419
7638
4614
9085
471
887
7163
3889
6255
82
8694
8640
9319
6417
1449
6381
8789
3311
4141
8050
8609
7063
4203
9622
1099
8939
8735
3033
6374
5721
9636
550
9737
8090
443
4305
4513
8107
9031
7693
7321
531
6430
5236
2315
3803
4735
3768
7278
1997
3647
5584
9617
6403
5526
1404
6264
9566
139
9105
4206
1738
2837
9385
312
1542
1196
114
3599
3983
1058
3336
5868
8839
3052
753
3828
2779
8739
4334
5445
3244
3963
8776
3569
626
9
986
748
4186
5504
1892
211
3150
6856
129
1336
3427
170
2367
5755
1026
2020
6932
5429
4221
8345
3346
3239
9472
9957
5314
172
9348
7295
1621
790
2156
2014
256
532
2967
3855
1217
4886
2471
5025
8580
6949
6574
7304
9293
3877
4270
1607
4473
1401
2075
5043
691
598
2740
7528
4887
5441
3790
6843
7151
107
9586
9642
2636
9791
7008
610
926
1159
1151
2371
9578
3022
2278
933
2173
3151
3361
9914
2480
