4631
3734
1386
8666
65
5028
8983
809
5543
6167
409
3791
7035
4521
7251
1572
2381
1110
5063
9239
5905
7743
3837
7461
1017
2912
6743
7258
4218
878
2668
2099
2812
8096
1995
8864
8794
548
3789
4918
235
4248
9065
1121
5969
1213
5788
8954
2031
83
836
5398
175
849
4968
9210
4202
3982
6388
935
5799
1726
6089
9584
542
5551
6064
1494
2684
9949
9980
1214
7055
9510
2368
6112
431
3660
6742
5903
7747
868
3472
8641
5842
4514
4022
9861
5745
184
7994
3288
4336
2135
4441
3248
889
6296
1031
7841
254
7808
8076
4974
7095
2483
7377
4251
2310
9641
4010
3730
8600
3694
6676
1711
8433
2590
506
9753
1728
9466
9862
6066
119
610
2087
3889
6116
9665
3546
1407
5620
1373
866
5560
6960
656
4515
7039
7642
3831
8872
1691
7155
7718
8803
4945
993
485
5289
1734
6297
843
7802
2225
131
1759
4567
5593
3883
1731
4821
9465
5355
9413
288
9932
8890
5444
5235
5372
9096
656
6429
5422
3004
7250
7207
1033
6996
4536
4903
6368
530
6030
3732
8788
2312
8232
7296
6250
8759
360
5970
6133
6781
4067
690
1891
6082
1814
649
3548
4703
5356
260
7756
3339
7829
86
9541
5903
9764
9864
8328
1063
3488
2314
7800
1922
2212
1107
1201
9382
9762
3725
7411
4676
5221
3695
6348
2362
2564
5179
1974
4393
9440
223
1033
8000
579
2513
8517
6053
2208
587
2752
3002
8003
9756
7863
9018
9307
8766
9200
9676
945
3177
2472
6042
4918
3470
8372
3991
2090
2764
4618
6105
5685
4400
1864
4022
3251
1706
5439
1886
7117
6588
1377
6254
3379
4471
6066
7617
8836
7336
2113
5420
3354
192
5525
4706
8670
3237
8336
5142
991
7170
2847
5336
715
109
9210
421
1492
1633
961
8241
9953
6492
3955
8885
5063
1349
6903
3590
2700
3205
3851
1825
6126
8685
5708
95
6843
202
4788
8658
6772
9083
7547
2729
1438
4515
6798
2321
3311
7482
3477
6009
5455
9289
263
1865
7786
6691
966
1346
2108
5432
9024
2166
2029
6858
4231
8467
9990
9362
7157
4963
610
8082
3986
4637
6322
9641
5560
9179
9642
849
3547
8886
7675
9692
1864
5312
9329
5399
6704
9750
1734
565
8539
5811
2004
8324
2836
1298
2977
361
4059
7796
4541
9647
420
1731
1439
5745
1997
6673
5233
5809
8450
7899
9224
1521
3793
9605
3969
2856
4819
1809
8484
6361
946
9643
5205
2538
6127
9496
3469
140
1977
587
5287
3115
8516
2063
151
4647
1234
3105
2256
1782
6363
9363
3702
6386
3232
9151
5529
293
7419
2099
469
194
8403
7099
3581
5577
7055
755
7059
7088
9424
592
5725
5083
8462
3641
6625
8971
3488
5154
8936
342
9741
3130
4574
2877
7977
5327
7478
1039
8805
8209
6804
2228
2597
4521
651
9536
4079
9534
1830
6481
7988
6446
4232
192
4355
3902
9450
9736
9569
9802
1690
297
2921
80
1189
5772
2010
6108
3807
2741
9694
1863
8824
5269
6630
1441
7450
8896
1981
4728
6533
4747
7521
6444
3141
6811
7731
4635
5904
6347
4769
889
4077
7780
7240
742
4781
5878
5330
1498
6468
6974
5357
9397
5777
124
2849
7021
798
9651
6991
7650
1700
68
8731
5110
4421
5184
7682
3726
7728
1620
9803
6959
3186
4771
8814
3256
6991
9093
9607
2558
7948
6087
8086
696
4130
4516
8146
4521
421
2092
8316
8829
5738
798
7732
8663
2872
4819
2908
535
7339
1590
871
9094
964
7598
8151
2508
3722
2230
7081
9736
7440
4931
5374
4081
7144
2694
2455
6964
2550
9884
7272
1840
214
5982
1341
5000
6002
8085
3881
5461
8146
1347
3360
8087
3582
9304
840
850
3632
4641
3676
2206
4479
8941
9377
6262
2567
5825
1575
629
7950
2671
1607
8199
1225
2366
1517
8924
6817
1810
720
9069
1285
7147
6901
5882
4790
4158
2812
6466
1507
4769
2603
3678
8909
5674
6454
6474
15
7831
8750
7462
5224
8458
9442
2768
1642
3376
182
2352
826
87
3999
62
4807
8506
7131
522
7280
1902
8059
6439
5442
4361
9805
2100
8986
2049
941
2158
373
8308
1849
5732
2744
3585
7859
5494
2672
7451
1437
409
6949
8524
7652
6973
9308
9263
5672
1773
5793
4270
7084
3489
726
1935
1425
7327
6884
5330
3179
7289
4476
4944
1966
9970
4426
4712
2079
4480
4708
4252
7441
3350
6229
6702
1353
8230
701
2577
8312
1192
2759
4129
9458
9689
2178
6409
8296
5141
3146
1524
699
447
480
7242
5912
673
9366
9858
4147
3623
8756
6654
7452
1825
7287
4425
555
481
2644
2344
2685
9116
3974
2080
1049
558
4058
4205
793
5166
3445
191
4739
1576
1804
7521
4287
3570
5547
7339
6272
9495
7156
3412
9534
157
1881
1217
3817
3538
3892
6328
3479
4829
6773
9263
9573
3686
3851
9913
8398
8775
1146
2896
4245
3091
4636
9441
3878
5060
3237
5888
5454
1818
595
7524
8307
3384
1995
1014
6231
5787
9355
6780
5734
5943
9092
9205
1678
1223
1282
127
8515
9632
5007
7603
6624
6561
3927
9573
3076
1002
529
7880
7803
8529
7995
2263
3633
2806
8647
20
3052
6533
6371
30
1127
1688
2194
5117
308
8276
4657
6522
3619
8482
1040
8667
2467
5143
5626
6723
5425
7198
510
5347
5007
6197
1069
7076
817
466
520
9789
1621
6843
560
6055
2176
5992
7385
6768
5407
7176
21
545
2371
4520
7637
264
2058
5246
3248
824
2834
261
146
8399
3158
7159
2461
7396
8831
177
6027
9083
7693
1214
7304
7549
1602
6579
6235
1995
8202
8570
746
4716
5885
81
5175
9379
3327
4949
9374
8738
9526
908
9999
3316
3599
1849
8065
5889
4584
4954
5131
5827
1517
7194
2624
206
9575
981
8017
7671
4284
6094
2416
2159
8835
7495
7682
4580
352
7735
9593
3177
6256
1476
9617
7099
633
7007
6760
4360
5851
9319
6820
4733
9683
6383
7761
5558
7568
7738
4994
4649
1982
6527
7272
4108
664
7056
6477
6475
1526
8859
7283
8004
1478
2715
5331
56
9733
1744
1513
7952
2359
5748
6514
2031
499
7033
8752
8083
1034
3345
4526
329
8841
8283
9692
9152
8375
2976
6522
8732
81
735
9870
913
9081
3798
2443
3763
8823
6478
1245
8215
3465
8255
5020
8616
5491
3532
9911
9812
5471
5225
6031
6754
2714
9305
4208
9969
5735
9171
9215
2752
346
5804
5743
3370
3537
2739
929
4589
5225
4375
8452
4361
7537
7546
5063
4651
2343
6862
8671
9710
8016
9687
5837
4521
9820
6717
709
8541
5952
8558
4061
6319
5969
6144
8817
3947
6735
9399
886
8563
6908
4403
384
4943
1654
1948
5049
6269
9320
6306
7676
5460
255
3296
1183
6055
3042
6108
3370
451
2273
9330
4498
6632
5399
4617
6830
9057
6316
7886
3493
2766
105
5341
627
2685
4623
3732
2080
4203
9186
5621
6623
9990
6405
9515
6954
8092
6081
9993
5495
3368
6548
934
4248
9421
1453
4088
3035
6179
8543
3210
5688
310
2389
4196
6398
8788
8875
5090
2607
8223
8463
7925
6675
6308
3936
5713
3678
7044
8784
3027
7355
1018
884
1890
2901
4340
3889
9058
541
8661
2403
3014
4677
4451
5705
326
5946
421
1626
2817
5122
7290
335
303
4122
2294
7162
8133
9048
9868
9621
2397
5668
1301
5445
7002
6327
9820
3757
4243
9014
7987
1856
3951
7746
596
8157
8947
6479
1188
5521
1541
8888
2500
510
4510
2375
8628
1786
1196
3738
4403
5401
9619
3982
8750
1313
4816
8903
8356
6418
880
9989
3599
6646
995
986
4144
7905
7555
3865
2557
5757
4442
2489
1270
553
882
7772
9553
8026
6704
4468
2760
4785
4020
8306
9615
4029
2761
7298
9222
9699
9798
7944
8296
4719
6939
2144
9958
2353
7658
7866
8782
3694
4869
167
8771
5787
1415
3405
3867
4752
3051
2657
5227
7549
4703
4455
3830
9381
7608
6913
585
7620
4335
6942
4694
817
5466
7272
1700
6140
2696
112
478
3903
2478
1773
3292
7845
5135
5734
9033
2384
8936
6777
7208
9199
1592
4017
5383
5305
9861
2363
2708
7771
7934
3217
532
4977
5620
8578
5737
5438
7809
6633
6265
177
7072
4396
5422
5411
7813
1632
8748
1416
8206
8454
355
5508
8218
3160
1536
9416
2206
9940
3413
9441
5561
772
2324
6102
111
2288
3683
1053
9435
5190
3635
3644
1102
6028
6676
7467
8628
8644
3729
2304
917
6941
6434
1109
7200
8866
294
6276
7789
7394
2733
3761
847
2209
5797
8946
3413
6642
9367
7137
2149
3321
9335
155
4927
3649
1769
5614
3137
2749
8261
7020
8871
45
8058
4728
5031
9198
5232
8992
7928
705
8682
3093
5384
5091
6286
657
5232
6666
2847
7885
5141
4540
1878
1638
3551
4795
9327
6903
1619
2376
9186
314
9319
8047
8617
1876
8458
4868
4380
2694
3396
6876
2783
9674
7813
8845
6734
7311
2519
1358
961
6319
9051
3643
5415
2653
6540
8994
7164
4812
9086
4436
9497
8171
7237
6684
3982
3854
3378
6795
8729
2125
4898
2923
2992
2035
8630
4538
7993
1698
7487
5656
9408
4194
3067
696
7922
7728
169
5114
6946
3542
1146
3716
5893
4812
6286
19
4668
3949
9023
8139
8904
4548
7324
6638
8873
3814
6999
4883
4185
2708
819
3189
5637
9488
1754
8862
7878
7431
4773
4806
5871
7672
8890
105
8906
8044
8774
3079
3106
8480
8578
4128
4216
2749
1564
1671
3098
1886
5991
7603
5303
2870
2292
4601
1659
4141
1589
7101
7525
963
1589
3270
2086
9050
4686
213
3525
6567
9120
3433
9166
1773
2465
7113
5967
3903
1323
5278
2317
8930
9705
6593
6186
1055
904
4206
3799
6964
9357
4642
7112
9781
2193
424
1257
7714
5599
7094
9730
1267
5948
4986
4652
4995
5491
7777
5149
8201
3515
9065
5783
6923
5042
6963
4522
6990
8228
118
4668
3227
754
571
7404
361
6595
584
1667
4469
7221
7064
4260
5082
6319
488
4154
4838
115
5170
5053
7047
1261
8181
6448
3429
302
8318
6468
9949
9753
2538
6219
4899
7827
4212
5585
536
9248
535
4733
8122
2178
2838
6538
868
5010
9866
2695
7274
5104
4177
4946
9826
1320
5774
3549
1356
3167
8889
4621
4478
9562
367
5802
9131
9955
3146
3080
7310
4636
552
1412
8687
5591
8722
8022
3043
4096
4034
4801
2581
3685
2487
3516
6606
4614
568
6037
9267
9461
8031
8693
1813
8100
3554
3061
3999
9302
7095
6900
3173
7130
2116
4497
8083
9864
5840
5537
4276
1185
6293
6183
535
3432
3118
8973
7961
2890
3044
3503
1196
2451
2669
1870
6637
579
7905
7405
2465
3553
6177
9578
1217
7669
2861
7715
7285
3648
1762
3451
6772
6301
2065
2541
3835
130
5700
8707
871
667
7360
7094
8619
4805
9640
8482
2993
3598
487
5253
6342
5592
5574
9183
8948
2933
342
1150
9543
2503
9671
6313
54
4833
1983
3287
3534
1964
101
523
9552
3998
5180
1010
4815
7779
8975
2476
9775
7396
3005
1260
2449
2163
1329
6118
8781
4899
7718
8745
9875
5219
6300
6797
9132
6497
7470
5690
7998
8284
1169
9286
3967
6452
8074
636
6265
6649
5657
5211
6811
4347
5254
8430
7754
6347
9576
6654
7405
5983
5804
7573
8579
5091
456
3949
3220
8393
7431
6866
8131
5319
4788
347
4104
7757
1733
5167
2861
2333
2508
2460
7245
2489
9168
447
9795
8255
9013
2644
6
7709
5325
1697
8881
3038
1628
7880
7216
1625
2939
5941
6493
8377
1805
9411
3102
1634
7031
5839
5329
5507
6909
5886
3933
3471
1486
1015
3319
915
8083
499
6137
5111
8495
6685
4303
2132
6199
1187
2328
8794
8508
9429
9256
5533
927
7183
8704
836
4274
8313
2296
2888
2784
8755
359
1499
3060
4627
5067
9468
410
3020
5194
676
2777
9728
9793
5679
9632
2581
8072
7548
9465
2044
5700
9512
7644
5999
4417
8854
8735
1666
8337
3142
8149
2487
6029
9637
1728
5324
1696
880
56
2903
1903
7825
1040
4077
266
433
6680
7599
6135
5937
11
4198
2317
7321
6934
4121
3873
226
4620
373
9157
678
7769
5910
5876
2204
4395
3936
3178
6957
2153
1517
6321
1028
9406
5805
960
9052
5492
1238
4963
8295
2815
6314
3073
683
4657
3912
4078
8798
9062
5149
7233
8246
3657
7493
878
2329
2842
5973
695
9645
5674
8142
3856
8806
6665
7495
4294
3871
7523
1450
2921
4080
4854
702
2873
2567
8189
8074
8508
8491
9313
9151
4682
1610
3177
4195
3038
241
4281
9909
713
3864
1746
2867
8202
5497
7308
1319
4565
5357
1684
3802
4427
7901
9763
7157
9356
5231
3083
271
1864
8522
7971
7556
238
5874
979
1915
5893
5696
8454
5038
8907
8757
7428
1100
5076
392
3214
7844
3503
9046
7603
5749
2841
3364
8688
7542
5027
3529
4754
3674
284
3796
9673
8998
4472
6990
7083
1475
9123
5969
101
5545
2341
6466
9996
2332
7064
8170
5797
4708
8174
5347
4785
6066
1181
8536
9281
3493
4925
1861
4904
1527
1713
3670
9522
7064
1759
5543
6668
3738
9697
9484
4225
6647
9629
9104
8754
3438
9842
6922
2791
5532
4519
6255
8418
813
7390
9552
1241
7697
5816
6248
4664
6617
2719
347
1903
318
983
1113
582
5818
7932
2099
6811
5689
675
1908
5485
7386
9312
542
4436
7663
4592
3179
1675
2367
6683
1095
1729
1979
7405
701
8738
6024
9761
5646
4879
5625
8254
1749
636
3724
2342
9898
9851
5377
5716
1261
1708
2724
4220
7696
3356
4120
494
7767
5606
7172
1842
3898
4557
6556
658
6732
5425
3058
3284
9682
987
7789
7203
4670
732
3117
9596
9710
1158
6786
9886
1304
9673
6070
1483
2902
5944
1260
2623
8323
2133
7737
9281
9171
639
3021
3581
4510
214
5234
1375
8793
6577
3117
6106
1871
9031
4811
4350
5100
2567
2633
9440
8149
5720
331
6085
8780
272
3223
9741
9299
3040
162
3025
3240
1739
5208
6401
7778
7559
6681
1003
3629
4408
6635
68
5703
6152
5954
8806
7805
352
9122
2658
2718
4593
8998
3006
2148
3057
87
3119
3342
8600
8038
851
5218
7938
470
1576
5906
3509
8643
5097
8955
5274
6566
189
5741
3670
4140
3251
7658
3274
4200
7592
5102
3632
5702
245
5755
100
7012
2139
1181
5443
6386
8636
8013
1235
2341
5307
9146
4243
6594
3399
7177
210
3108
6098
7486
4482
1851
5730
9878
5122
6041
8313
7505
8393
6498
5501
8855
7412
5541
1540
1555
3726
9927
8606
6585
6039
3152
1241
795
6458
4007
437
6251
4041
7924
8185
2
139
4932
1454
4573
8736
3202
1472
6944
1362
9744
8210
8188
5433
2860
8001
1255
6323
1160
202
9495
9758
9861
3785
3230
7174
3122
8476
9148
1704
349
3101
3756
7783
4811
3841
9502
41
721
100
13
8825
7028
9453
2092
8813
1526
5058
9334
4961
439
5167
4019
5083
1853
2734
7124
813
561
9630
3852
3005
3667
5917
311
5712
9946
4874
9336
9378
4115
3409
327
5084
8688
9834
6365
659
6842
905
4027
6802
6100
6537
4330
5508
7482
8852
1683
3570
6804
161
3702
3176
9285
3329
4546
8399
1380
5919
290
1139
8712
1316
517
2307
8972
1123
8503
3080
1962
2272
7444
6107
4123
1725
47
5052
8339
1078
2443
4420
6489
460
1168
7241
5211
9936
2022
3655
3638
7014
1811
6093
2090
3219
3754
7421
7632
5818
2735
1899
3937
8431
9432
8942
7875
3057
230
4831
5118
1536
7832
5713
1655
7155
5933
7719
2298
8827
7504
2667
5948
2040
4393
6784
8334
6564
3509
1867
6353
6645
7217
7909
7211
9258
5876
1616
3218
1548
7562
6962
118
6315
5681
2862
7939
2454
7494
2485
6185
3817
2928
7520
4664
9620
1308
5205
2626
8596
7480
3879
2515
1913
915
5974
9524
2392
5391
3037
6780
7234
8794
5649
9250
75
7801
790
4649
692
6737
3153
3999
9327
4364
3970
2792
610
1190
7236
4953
129
8775
1576
2277
4507
8496
6522
2084
2930
3714
1953
7736
2471
4889
544
2701
2670
7203
8871
6948
5510
7515
6399
348
5595
675
1772
7127
6274
85
1155
374
6972
9979
1304
6340
8453
7153
6066
7712
1037
9342
5893
7936
8141
3753
8531
1768
8660
528
4837
329
3882
9324
6588
2190
8212
6040
3236
1109
1557
4542
3250
2533
2279
2494
7236
2833
9224
4542
4190
3141
8815
1832
2756
5052
5559
2604
7199
3575
6918
1783
4898
8261
4168
7924
4313
3018
7446
8046
8668
713
6258
8394
7900
4075
8957
1545
4992
3400
8925
6020
6692
6904
738
1992
3767
5050
2284
4174
2877
4965
7568
1814
6176
3738
3901
250
1680
8289
9284
1387
7286
2327
1765
3291
8214
3279
1872
6298
7998
9385
6439
5752
8311
7452
8682
6551
474
7906
9970
8033
752
803
6762
8323
8026
1160
4501
499
7191
6248
4290
5547
4622
458
2730
6893
3827
9649
7638
2896
2018
8059
7372
636
2721
7880
1703
4602
6039
2989
5958
7612
8629
711
7672
6445
9389
4118
7501
4761
9498
1047
3109
5878
8755
4666
8166
7791
9507
4913
8212
7728
572
8273
6195
8954
1279
7046
382
9682
6123
451
7262
8983
9656
5210
2595
2663
8668
1124
4260
9652
6256
1449
6900
5693
8288
2215
9190
7239
695
9258
8374
1200
436
433
6734
2300
3290
6723
2327
4777
3871
9965
8692
3069
9279
3009
3850
429
6310
3277
2099
8521
1659
3509
2376
8349
5205
573
3763
4829
17
9923
7597
963
2688
7530
1160
8050
6761
2901
9488
400
1541
527
3832
1719
1774
950
1878
8814
1010
1480
1898
9939
2186
720
321
2162
644
4270
26
1330
5487
8725
5280
1803
3411
1408
6344
6405
3199
5438
803
8557
5807
9157
9594
7554
88
4816
7244
2490
6962
9772
5071
4028
5018
3405
3986
5718
1982
7560
2643
6111
7283
3322
7984
9160
2890
6281
3770
8703
9142
4458
7421
7073
3052
2126
4290
2309
8713
1960
3815
1648
4908
6922
8885
6453
3849
7176
9335
8070
5056
3045
5844
2890
776
5140
1302
5044
7452
6724
9034
2683
8571
7893
891
4736
9146
4630
688
5047
8328
1539
7742
2918
7153
9464
1647
9683
2571
9282
3447
5331
9842
6929
4616
36
4067
2352
5430
6423
2357
4000
7188
5132
5752
7461
4105
276
5760
7015
7239
1756
7295
8904
8375
8965
689
7919
9748
3359
9043
8741
6871
5373
7681
1287
9544
2446
306
4554
3661
7790
6729
1101
5017
6471
5981
2175
5960
1169
3830
9165
9136
2924
2488
1254
2374
5770
4528
3213
28
5684
4517
2005
3131
2434
534
2574
6746
2920
9250
4265
9204
1970
9440
2063
1460
2152
2623
8487
5443
4418
1918
990
7846
2294
1264
5830
7321
2607
4619
7487
622
6596
2802
4065
5158
4584
9148
807
31
1165
5952
2426
4334
5211
6310
3024
838
6182
7655
3949
3527
6389
2038
5642
1827
8237
7410
1147
9007
2398
535
3377
7374
1152
8976
4164
5661
4288
4673
5767
3822
2602
2738
2227
2641
7872
3660
8075
8019
4156
9814
1534
4354
4054
488
402
9946
3109
9927
7181
9850
4035
5606
75
2618
1230
4809
9067
3037
3917
7479
5725
4835
3775
4881
1483
1527
6853
1863
591
9697
857
5972
7270
726
9419
8103
6863
5831
5176
218
6108
8307
6724
6867
5293
3656
3065
2771
7653
6876
9304
5211
973
5637
7874
401
1204
4692
2065
7138
8813
7411
6086
9428
892
7875
9273
3636
2588
3885
7125
6777
4930
933
323
6979
7116
2735
8704
5958
6448
4959
4871
7539
2779
7562
5646
3356
8356
2464
7678
2051
4218
6589
8277
7233
8424
6118
1979
2265
9421
1587
7358
7136
8764
7166
9533
1184
9681
8898
5855
2168
6169
377
236
6257
3106
5445
29
7826
60
7815
6350
3415
9766
5123
9484
5378
1296
4577
8988
2011
1939
471
4209
8725
4821
5544
1389
4722
8615
9735
7474
6302
4963
3217
9749
543
5321
2028
4038
2321
8126
6311
9587
2122
8178
8753
5254
4114
7186
8266
4101
4191
3402
3461
6299
3687
5269
2084
1359
5733
7135
3850
7469
6018
7910
7214
3609
6993
9576
8116
8884
1950
4028
5735
5901
2279
3540
1219
2457
3330
8190
7450
4743
8779
7461
5575
370
6783
8025
2987
3177
3245
5497
4706
7471
9906
6663
2762
8039
1324
7849
4975
160
709
417
749
9560
419
399
9603
356
7795
7300
9606
3556
8401
4501
8696
236
7838
8644
5190
9760
996
5071
5246
3134
72
7991
9668
4107
1370
4580
6675
8272
1792
909
71
2706
5195
4262
486
5822
9285
8197
6480
680
3564
8989
291
2924
8706
5934
6514
7423
2800
736
4277
8207
2642
514
9073
9751
4901
3825
8852
8225
2157
9480
9311
7042
8896
3991
9456
4431
175
2525
9413
5385
710
645
3954
4275
2265
2012
4949
2149
3334
3129
1713
6041
5688
3606
5977
6570
5414
3545
1620
8061
2548
4090
8897
3549
2770
3920
6045
1630
2093
7679
5798
5868
7210
761
1372
2180
3164
1210
877
2240
2557
5591
4943
1726
1379
5568
9538
7836
2225
1212
4060
6712
6122
9694
9978
2478
4405
4097
8520
2942
247
8640
4146
3276
4397
7782
2460
155
1717
491
1345
5920
5583
1478
4194
3649
5364
1808
8184
4183
726
6921
3616
8780
6379
3383
1718
9627
5795
5244
1696
1019
1421
6599
2886
1642
3376
5019
3304
6677
4574
167
4213
9227
1787
3381
4500
4146
5425
1772
5975
5200
9638
9321
1464
2322
431
3782
7572
679
5909
4518
9809
8248
9400
7060
7075
977
3194
6530
4493
4538
9331
3176
2626
9269
3480
9831
4278
7438
8384
8189
6989
2682
6413
9087
9586
1099
6447
4595
5646
4893
7475
5088
1394
979
921
3466
1650
5856
6020
3279
5943
4292
4624
6710
3662
284
6500
941
4007
7373
9387
4898
9499
1576
4614
2006
5404
8753
89
6756
5331
6963
1808
7651
3421
5555
7975
4996
8641
7124
6876
6145
7546
179
5221
5783
2340
2873
5029
2657
3664
6240
7441
1508
7031
692
765
813
8838
1450
1033
6105
2178
499
5706
8862
5109
8879
5837
1580
8151
2917
7824
6864
7084
8933
1367
3130
6513
6972
1647
2333
6242
7504
164
1876
2452
3685
7506
3217
4122
4477
594
9112
6210
4494
6813
1299
1442
6817
8923
534
9668
9677
9282
7941
7569
289
6581
9946
1942
5399
3576
6352
6298
1928
6585
1086
2426
7562
8123
3500
3857
7147
6013
7635
8328
349
2574
8089
6990
4040
8174
4615
316
1653
5737
8534
6066
1102
182
9053
8499
2739
1804
9562
2784
8300
6413
9165
3313
3786
7845
3135
8966
9902
1936
9755
3812
4650
8738
2729
6459
56
9592
9870
7171
5017
287
5515
2916
6261
5570
2223
6857
1583
8834
206
2413
106
1583
3066
2968
8618
3274
3483
755
4869
5515
9470
3108
6173
6137
5819
1759
6788
3439
6606
1465
9502
6208
3302
374
1592
233
4055
3489
2829
3360
16
1818
924
7290
8615
4616
278
8981
1595
1661
9175
9739
3786
3074
2661
1823
438
4143
9198
9865
2680
3763
1712
5474
2004
3714
7500
3608
8868
6824
1402
9024
5692
5857
4065
3907
8155
2995
5000
1485
8856
2657
8579
8711
1073
9407
3192
9487
6980
6401
2473
1607
5245
4505
5186
9708
8986
7752
5489
1357
8144
2733
4850
4241
9067
7021
8618
2879
6173
9634
1700
1935
5381
8780
899
4162
610
5716
9158
1296
3332
1711
9614
8503
1950
9931
7168
994
4465
1553
338
232
5164
7123
953
1215
1302
5754
9569
2849
79
1039
8992
6018
7698
6856
2649
4518
6454
2737
2541
819
4851
2538
4736
7675
9459
5347
9498
8727
5207
1756
2336
3611
5035
3925
466
5896
3926
7333
9016
5870
3275
6510
325
5746
6688
7436
3060
7206
3303
3913
2999
3961
4420
3868
7904
6241
2248
537
745
8974
6679
4527
8071
4239
6232
841
7182
2515
8813
8855
2267
7019
5494
3376
4724
4723
1920
6714
4828
3050
6988
3908
6026
1689
1466
3316
7137
9111
9486
4493
9898
239
4355
3277
800
5125
7840
8702
6249
6599
9327
8998
9902
6362
2847
4704
2917
2049
8434
8646
8399
4869
7041
1546
9299
74
9410
6578
935
707
6850
6160
4568
2815
4405
7813
3948
8777
993
8925
2664
5644
2888
5267
3237
1300
3681
3814
7663
8786
4268
1807
5899
230
7748
3699
3777
4964
3564
4061
3940
5386
341
9612
6802
3273
7891
8050
8970
3407
5234
3033
3625
5902
7000
8862
8811
4875
2312
2543
8752
5309
2038
2583
6657
2784
5797
7022
4424
7313
9859
8343
9413
1244
7468
104
452
9809
6638
4666
6110
5972
2508
2706
9245
9134
2326
2254
4635
9907
7567
7561
9023
3950
4940
9808
1616
1939
6107
7279
4161
6544
398
996
4714
4125
5857
8102
2309
99
1071
255
6993
9065
675
3119
9357
5051
4786
4864
1389
9293
5673
230
4242
2499
9390
8979
6797
5244
645
154
1907
6339
5306
8836
9991
9946
7946
347
2287
6114
7628
1169
3908
2141
7647
7847
6819
9381
7368
4467
4051
6307
1950
5025
1606
3551
1772
5952
5561
3677
2322
6896
5607
906
9094
1465
4087
3092
8317
8012
1849
6572
1602
1913
9536
4617
7697
7512
9128
9386
6096
1357
484
5806
5480
4058
6572
8133
2075
5701
9780
154
7799
7666
3465
5587
9036
928
5808
6053
1476
4222
2183
8258
9836
7548
4910
963
4999
5723
5419
1164
4071
7672
3890
6132
7112
4543
800
3584
1923
9720
1201
3542
6874
6787
1515
9647
4174
3456
262
3112
9365
4304
6128
5862
596
9156
6352
4793
121
5150
1028
1731
6838
5288
1574
4961
1125
3452
3803
5386
7017
517
8952
8670
9489
4238
975
6798
48
6975
6390
73
9916
7801
4664
9009
5579
1533
3997
9002
1201
2744
955
8951
7385
3786
6685
4023
5180
2037
3788
7933
7368
9295
7950
9218
5754
625
1721
5612
6426
4361
6281
6616
7052
2022
8274
4207
9856
927
188
7938
6484
2790
7726
6052
538
32
1475
7017
1918
7322
7210
7199
3987
3325
2545
7118
8365
260
5690
3047
5932
133
3523
8378
5465
1333
4664
8656
860
7769
1747
3945
9504
378
6509
7420
9905
4243
1989
5970
2671
161
2379
132
1714
3075
1384
9984
3606
8720
1641
1871
9386
9726
4801
8136
827
4454
9405
1047
8884
128
3111
5359
5966
5190
1408
3899
918
3576
5872
8527
2575
7317
1168
3234
1730
1570
8910
1503
1396
6750
2085
7213
9801
3464
5973
8993
9370
2261
1395
7584
3809
8640
8670
3253
7002
32
2084
8652
2906
3002
1143
7371
3995
3057
5572
7773
6589
1013
5337
508
9513
8750
4784
7430
8406
2999
7009
8575
3084
4863
8286
9905
870
2047
7139
9125
9851
5670
6251
709
6304
6479
2353
3216
7524
3692
3109
98
2629
9116
550
8917
2331
1898
7111
792
575
29
8357
8401
8753
2239
1949
5607
8867
252
9368
8342
6591
4900
5036
5749
5866
3830
4381
5469
3017
3344
5534
7037
4745
640
4910
351
8726
3340
799
1604
3106
8283
4220
4998
2168
7600
6373
1403
7822
8126
4225
1442
3038
38
5494
5041
4804
5274
867
6436
5887
7466
4678
3126
2385
398
7092
3787
52
6046
5640
9127
2000
9941
7554
3677
3472
4216
3357
9789
5477
5916
5061
2831
4367
4217
1113
8155
8007
4807
7960
5017
1301
2551
5254
5245
7295
2620
6390
8761
7667
356
5175
7421
5145
3139
3363
6579
8247
3398
2941
2810
10000
3563
6056
2701
7078
4765
9085
2360
3424
1174
4754
3539
1045
9706
4166
7230
9193
9884
7755
3999
7489
2642
6816
9746
563
6109
9869
9340
4179
2300
8194
9678
6613
2523
1751
3765
417
6539
7285
9048
7710
7473
8520
8898
6001
7344
7729
4258
858
2985
7618
7763
6909
354
8846
9400
8907
6860
4878
9225
2095
8493
7610
821
517
1259
824
3562
604
9463
9563
7061
910
3784
1535
1243
2623
8807
8966
7675
4166
954
6181
8595
5580
5055
4016
1211
5686
734
160
1920
1602
4706
8529
4210
3983
5416
7263
9414
9779
7293
855
7248
8872
8581
8274
6401
9734
4924
9691
510
8641
4019
9180
2871
9383
1394
3500
8355
5236
2132
703
1934
1445
3675
6675
1086
4881
8208
983
6189
107
7412
3763
2814
7646
344
4620
9138
7805
5591
5143
799
7511
9820
4179
4232
5742
9290
9177
3737
5474
1582
8681
6987
535
5345
9490
4430
6145
2652
7848
9598
6223
8766
1533
364
2991
5573
8226
8361
8781
6681
700
7999
6330
1707
7714
7930
3489
5892
9670
132
2732
9855
7885
9863
6127
5876
2140
5203
3695
7994
1810
758
2657
838
4822
9023
3433
3555
2468
9041
6363
9072
7274
5620
5462
5606
125
9707
8170
489
1100
8992
8020
3897
5908
7835
1617
3545
6957
9877
8713
4162
5512
9053
3821
8433
5962
5291
9230
8280
2124
7593
3590
5577
7162
9419
8183
3366
1795
3720
8208
3483
9252
9692
2761
3225
7535
7893
3395
4477
2628
8934
575
7072
2897
5800
3483
6246
8139
8161
9679
7276
1536
3380
8977
7863
7107
3679
3657
4101
3009
4702
7818
691
9283
478
9515
7544
2522
4849
2320
4040
7627
4042
6544
6836
7260
5044
5976
4731
7169
2384
1695
7525
8840
1121
521
86
1151
7455
3739
4098
8864
4065
9384
1612
3455
1542
3346
5518
520
3820
6678
1689
5595
9173
9232
5921
9062
3165
3303
6294
5690
3961
44
2659
7263
202
5988
1619
5793
9329
5571
1390
300
462
8139
5377
6254
982
8828
5761
716
1205
2102
9912
9299
6718
5745
488
1688
7211
18
7054
5009
8490
1720
8274
6525
7702
8142
5347
6152
894
5222
4999
2182
2616
1124
4679
1295
8335
3840
9071
6616
9324
7670
2719
3095
1812
1187
6738
509
38
2630
4704
9266
6483
5875
1002
9123
3713
9523
7107
734
1616
7010
3567
5276
4763
6752
570
496
2962
4444
6444
7833
1330
2957
9599
1549
2085
662
9356
8071
6408
1987
3333
3416
2405
3021
5651
766
6454
9300
9081
5002
1771
8090
2235
2314
2727
2884
7487
5480
2755
6801
8394
2698
9776
1962
9673
80
6571
1208
4582
9541
2512
7047
4447
3302
7585
8728
7185
4572
9170
6236
8356
6940
9592
2921
745
5010
5660
2711
1117
2510
9103
1017
2382
382
6228
2687
2591
7223
7655
7510
2890
1415
5272
8424
6835
7107
8626
3872
9480
3845
2265
9270
6968
860
3264
5284
5079
6172
4084
366
186
6229
2166
2298
571
9475
1992
4357
3496
4996
4497
6710
3384
8211
8799
8799
7641
308
5895
6773
4834
7138
2598
9161
4846
6307
2641
5365
3965
9631
5140
6549
4819
7867
224
5922
2534
2543
7377
6455
4627
9202
1824
2313
3498
9807
7470
8433
9826
4609
8980
6308
7596
4259
8462
3796
5706
3532
7218
5562
9973
4419
1049
6705
4212
5266
1811
1268
834
3132
3423
8215
3609
8942
2868
9517
3849
4192
3196
2880
6665
8547
9292
1421
150
713
8286
6424
2479
2379
7623
3835
699
1702
2965
2435
8270
9491
6415
535
965
8604
1231
4268
8038
6754
5375
6308
4595
7629
430
3830
3944
8394
6285
7138
3288
7851
4701
1397
593
4053
4544
1834
1240
2957
1935
7721
2123
7437
1021
1394
3310
4252
3381
8109
1882
2041
6204
914
2289
9125
7281
1026
8426
3320
2940
1967
5342
8377
510
3875
3213
1473
2942
6855
6125
963
49
364
5288
6455
8543
8555
4619
6096
8126
4626
2627
30
4254
8393
2924
2894
93
807
7765
784
5228
365
9347
7902
1215
3254
8420
1988
3598
3567
9421
7280
1362
9651
6767
3116
1170
6543
4119
911
8398
578
4232
6745
2085
6177
2887
5973
949
947
5925
1420
1660
1465
4392
2721
5895
9879
4029
6158
5921
3469
5450
9113
7922
2376
2731
6835
7824
2566
66
9344
3593
8718
7345
8809
6382
4733
9030
6653
4940
7924
1053
4918
4205
3441
8438
3130
828
6526
9110
889
464
2515
2193
1307
4297
4730
7685
3334
7726
5390
6482
2851
3068
6903
914
6905
7907
9092
9149
6262
2200
494
4620
7925
4097
846
9314
9732
5058
9667
6224
7529
4711
32
1459
381
5633
1568
3628
7295
7543
9381
8125
9396
1456
9600
4320
5500
751
9107
2702
5218
725
2721
4072
1098
6383
5677
4259
8118
2109
8009
3504
6584
4088
934
4617
9896
8972
2465
5768
5600
7049
6971
6263
9774
8666
8148
5444
4874
610
114
4653
2515
3310
5643
3404
6657
3500
3534
638
6298
2672
3608
5358
848
6839
346
9841
9223
5958
4717
5787
5464
2385
2118
8760
8756
5026
8793
4919
6977
3609
1375
7309
6375
5652
7697
1532
2830
6169
437
1479
4993
9861
6203
255
1107
7630
4005
5191
7419
7485
6705
4151
4175
5222
5168
6413
585
446
746
6535
695
6800
2019
2328
1271
3693
4547
606
479
7858
1806
6057
5700
8836
8052
2759
1160
6071
643
3360
4989
7695
3877
562
1917
4269
9819
2205
8225
2463
5155
278
5876
4284
3353
4692
7959
5849
4873
3793
7416
3628
5542
4708
1051
1861
9053
9233
7487
9627
6520
2201
4415
8167
9792
6395
5661
1820
2800
1155
1134
1141
8935
9653
6124
8905
61
3359
7829
9884
2570
1185
420
5244
1107
455
1647
9273
3996
4859
5443
5226
2091
6756
1499
9056
2337
6932
7083
1164
3034
2197
2590
6540
6240
1315
9844
1967
4935
6022
7210
8288
2103
3728
3682
329
950
988
7949
3352
9966
9103
46
8519
1968
9157
8785
1515
772
4883
6010
1545
9454
4874
9493
5155
529
555
283
5049
4244
4366
1277
5394
433
277
7776
7601
2075
9538
6259
3265
3475
483
17
8732
2159
6769
7212
6386
3806
1587
1867
8559
3796
3294
4853
5227
9127
3267
3514
7424
2262
4930
5477
4755
8343
3005
3794
9000
7614
3474
1656
7699
5259
3393
1096
3632
8588
3765
4561
4142
5221
7285
1957
6839
6948
147
3283
9333
2734
6512
6441
5286
6569
5663
6330
584
3577
5483
484
1014
8711
5851
4608
9806
2533
3476
9250
7592
951
7167
7664
837
1867
3848
3382
31
5434
7812
8034
3958
8422
1093
2335
1548
4697
8830
9600
5482
2625
3171
5686
288
4113
4123
560
579
5235
3295
9087
416
4526
577
9317
3680
810
4214
9104
6935
2275
1872
4427
225
5303
7656
3368
9187
4387
2622
8784
8757
6527
5221
9752
5925
5344
2594
1518
7243
5911
3700
1497
6231
4193
1747
1062
3687
2695
102
7092
2235
3886
6042
6437
4261
7655
6165
9700
4544
3100
1768
7568
5878
8874
8130
5797
470
5002
1393
2848
2033
5485
562
1888
5259
2884
6966
9739
1040
2303
2928
1471
4308
4324
2747
387
1683
1504
4709
3917
8998
910
3918
82
5687
8246
8647
1641
2743
5572
4693
8054
3366
359
6269
826
3264
6600
320
5398
5394
1438
5950
8192
8856
1568
1000
1866
9953
6647
9396
4784
4562
7589
7612
5064
8766
1079
6527
1245
8581
1488
7825
8282
8831
1455
595
2119
1335
1278
3702
2974
2915
5644
8977
887
9117
3410
2060
2836
718
1611
4367
188
2092
2789
3769
3929
3236
7618
7883
2028
9228
1326
5838
4897
8257
2369
5821
4671
5606
5263
9255
472
681
2057
4482
7438
7517
8551
7529
522
6764
1774
4604
8728
5096
4947
2623
9329
9756
7866
1000
6511
4708
9812
6189
5473
647
8629
8311
8816
3459
5255
2345
9505
4542
762
3594
6700
4090
1696
9562
1491
2119
7804
8295
7118
3112
7775
9232
1646
1691
7620
8225
6148
811
6336
4564
7487
6879
8442
213
1505
947
4605
8823
837
7232
6658
5726
3915
1488
3052
5175
1324
2286
1461
9124
7065
9013
9793
4921
8181
3950
8377
5403
4326
8153
8895
4393
808
3753
433
773
1003
8944
7921
6623
9594
5792
639
4293
2694
5799
2595
2395
4151
4391
9948
4683
3081
3812
2522
1780
5683
9171
5975
3505
3246
9719
9468
1579
1886
249
2405
9013
7865
8055
3299
8658
7892
776
6844
4005
4249
6010
6995
8980
1995
9486
3492
1423
1760
1243
7480
8458
342
3174
8690
7601
565
4016
9017
4263
1071
2971
3767
6578
9576
4112
1511
6944
8264
9326
8933
1641
6511
8288
1544
7659
2360
8689
4726
5606
3264
2137
2656
9566
375
1909
9119
9001
2769
7979
1502
8453
7204
280
3220
5556
9667
8016
5228
5788
4302
1647
6994
5740
7595
9062
9900
6890
6609
6936
8914
2201
3803
9566
882
8423
432
2085
8308
9828
3232
133
960
3810
890
503
9989
4873
8171
2609
3096
4909
3295
4847
8083
2034
5110
9997
8719
3038
9796
3474
3853
7256
4603
9506
4541
5144
8959
4734
59
5520
4742
73
6584
6520
8095
9501
8093
7120
4830
4599
223
6438
3585
2883
4813
2969
1586
8533
7779
4920
7725
380
2133
6411
5811
9338
6438
7595
7767
5638
1558
1602
8515
3042
3560
7686
8298
8193
101
353
7648
9532
2776
6926
6313
5797
7622
1966
199
1274
9885
3239
7038
3892
6748
6983
6473
1037
8095
7546
5385
8028
5574
5687
7773
5204
4665
7576
967
7637
8569
1963
4976
5954
5376
3554
436
8751
179
8112
8701
1643
6808
2927
5713
3926
895
7212
3
2880
3431
8857
4124
5601
1297
5161
5522
5697
2635
7949
912
5494
994
4016
1972
8854
7134
2877
8834
7919
2704
5018
9767
6853
1672
1249
7983
7185
2663
2551
1721
3654
1238
9427
1881
1435
9659
156
3896
5987
6548
9196
330
909
8204
3512
1112
4846
1076
6931
9180
8176
4302
8152
2380
1555
6506
9342
5540
5152
3875
9447
9437
1758
6653
6097
5985
210
7554
853
2476
331
9921
1707
826
1172
2367
6516
7284
9699
6728
5966
9252
2404
1466
7977
5706
7915
8691
1933
5091
8217
3535
1814
1515
5524
6241
863
7036
3875
9955
7312
3413
6123
75
6139
4982
1931
6708
1982
1600
4215
6884
382
8316
1448
1721
1017
6743
5880
427
1104
5421
465
6617
5651
902
7967
5670
8616
4638
1289
2659
2410
7517
354
8201
2309
5417
6508
1550
1409
9552
6549
5646
7481
9368
9410
9711
2454
3629
5251
4910
4041
6349
8503
8616
2930
1815
2299
7352
7317
1614
6431
9335
3632
1707
1028
7733
284
9403
2550
2014
3112
1886
1050
3840
890
6163
9581
1641
3473
4941
2588
2622
1583
2442
1420
8567
4295
1308
3002
6632
773
5312
4708
823
7434
5051
3415
319
4220
1345
3362
7843
9088
2795
871
7875
7758
6041
6069
2506
9080
7053
5383
8928
9158
4831
9816
281
4472
5717
2965
7569
6025
9391
3282
7534
7938
6072
4202
4128
329
8120
2716
3553
773
8531
311
2349
5927
7834
415
4790
7688
4726
6912
2219
461
1591
1355
2052
2863
4404
3999
1251
7108
1602
5776
7777
9155
670
9351
9621
2696
2054
5934
5566
6414
7591
7156
3578
2749
2203
4846
2479
8092
264
1348
3383
1568
5256
1484
7205
3628
8466
827
7810
6749
4282
8576
2594
3906
1773
1773
5938
8152
3083
7095
2913
9277
5385
9657
5754
7462
8152
3456
4227
7803
3573
5263
4292
9550
9374
5585
2189
5939
3865
5965
5980
3484
7495
7906
3765
609
4249
4328
1172
9765
3369
7736
1837
2667
3681
2088
5316
9650
1206
4968
6551
6897
7116
2664
5424
2946
8788
5461
7294
4941
9788
4621
6692
7132
83
9192
3298
1495
7456
387
2298
9289
5467
9628
1337
2938
289
8799
157
8588
1177
9375
7958
107
6256
3088
9142
7814
3437
8934
9638
6350
6438
3527
3818
5150
6073
5876
2877
2239
8937
4717
436
4109
874
7982
5051
3803
39
5695
2329
4484
2598
8072
8840
7029
2986
4972
2741
4472
4733
8616
2000
2455
6947
4465
6547
339
8704
4848
6938
8995
3135
4520
8655
8590
853
9244
6102
7539
2651
2417
8314
8903
3730
817
1647
7468
8183
5529
263
2421
5834
4744
7981
279
6763
9009
202
5010
8399
1523
992
8267
4316
2196
1610
9730
5669
1752
4452
5628
731
5902
9677
9979
5501
5063
9859
7965
4691
4806
5142
3817
4701
8134
4328
3397
415
7884
5243
1801
5133
3153
2625
9693
7736
1131
5200
8178
6293
2243
7851
227
5567
2717
6187
6754
9905
2924
8429
1808
9556
6256
982
4718
2783
5290
8668
9877
8576
2074
6429
7992
732
1109
2185
725
3424
6854
97
579
9680
3215
43
8888
42
9241
5788
8067
1261
5670
7714
4977
8279
6278
528
4838
3933
9669
5434
2514
782
5582
2954
9747
9499
1783
4177
4168
5504
1508
6317
5063
1111
3769
6508
5320
7428
9755
4543
6586
6747
3787
1740
5235
3339
3038
7620
3555
2392
794
6878
9418
5675
5340
2346
1744
1452
8005
7401
6494
134
9682
2677
7262
9326
320
4852
839
4810
7773
1045
3628
2471
7473
5924
9976
4286
1130
6602
1039
1739
6780
994
1378
3254
4705
6393
590
4273
3116
1814
4031
9269
9155
4859
1525
8358
7050
9291
1652
7610
6133
2205
4715
9903
2739
5206
6899
7875
8012
625
249
810
605
1703
1826
7576
1995
7300
8720
8224
87
8082
3939
8193
657
3219
9629
3846
1854
333
2957
6143
5546
5906
90
5015
1800
8831
5495
872
4315
3622
8935
7322
1734
661
4070
4081
9099
2735
6046
9240
3674
6908
4052
4716
6296
2851
5342
4498
5324
8267
6422
6323
5508
472
1313
6217
1634
8036
7758
2360
3789
1073
6497
5524
6012
811
7852
6321
5871
712
6923
2084
3536
7130
4420
5362
5328
7372
6486
9345
2854
7794
7169
1273
8471
8836
8486
3043
7458
2822
869
2465
8333
810
7522
3286
7508
4169
5255
3949
2914
3250
4162
2141
4608
2911
9011
1244
828
4932
5581
2628
904
1497
6310
676
6441
1359
4744
1418
2378
2270
1408
404
2266
8095
1087
3995
2674
6833
1404
1799
6324
1375
2722
7244
3335
4544
2406
6981
3404
9984
1112
5218
6198
5505
3146
1864
3214
26
1752
5337
5958
3201
711
4805
5112
5327
1964
8857
622
9707
5761
6586
439
4283
8452
1178
4563
4721
1203
5427
5429
740
7159
7693
5676
4750
1846
5654
282
5383
6149
6954
9189
7017
4787
5391
3110
7372
7557
5786
1814
4584
4187
5470
9745
9461
9518
2859
4490
1866
416
9933
5570
3354
9340
4419
3842
5949
8679
2544
7146
8262
5810
7914
1980
1699
5265
4076
775
4924
4199
3248
5179
5752
82
7876
5199
3883
6658
6557
7190
6939
2868
8424
4606
7239
6299
1828
3989
7356
8698
2380
807
4856
5989
4645
5264
9434
1169
6895
1899
1721
9063
3105
4119
1891
7597
4571
5216
6247
7477
5527
247
3369
6986
5876
8413
51
2579
3222
7544
4810
1592
4734
604
7674
9415
1892
4886
5051
2630
5099
1777
9148
8990
609
7547
10
3198
599
7215
9426
7904
7295
7105
4554
5923
4100
5550
4171
7517
2011
2374
9755
6309
3969
3958
6446
9906
8333
1397
2121
5575
4764
7371
3303
8745
666
3752
9002
3965
1058
8070
4200
4042
7064
5258
2757
6008
7981
5783
9493
9012
628
7287
6304
1247
7404
359
6785
2368
3274
6845
9503
912
351
34
2571
977
8592
9462
5827
2412
2141
5306
9991
958
7578
862
6806
8533
6574
5589
9583
593
347
1371
8812
1084
5009
7484
7
2560
1826
5877
7868
9716
7226
7678
7048
2379
101
9994
67
8665
7128
5457
7043
3120
503
7846
6557
4033
6852
3811
5911
3796
9863
1105
3554
8984
8064
2007
7050
9048
975
4336
7781
9406
5267
3416
8242
5174
7234
1595
1642
4075
3543
8417
9994
189
1732
7539
2113
6371
6117
9695
4639
7951
6652
5044
4911
7475
768
2641
8463
5806
727
484
5999
3443
8069
829
3082
4169
3450
2609
5991
9877
2285
8031
729
6423
4894
530
2544
4750
3548
905
3017
4515
1939
310
4499
2069
3079
4737
3873
18
769
59
1116
905
4523
1993
2468
9441
4263
6449
8518
1060
4483
6572
8495
3896
6025
4978
590
9042
7793
3345
9321
9115
970
2963
3547
6338
6495
7849
1949
6309
8600
1698
4675
8205
7730
3229
8481
8630
2969
4056
585
8559
8449
3640
7529
3479
8292
6636
6812
2422
5770
8275
6587
379
9552
8731
9382
6012
7813
6215
7760
255
1194
7281
4403
2891
8052
6309
322
8308
747
412
296
5830
3218
3169
9760
7114
683
2506
7676
6426
2530
4049
6574
389
429
6904
6531
5934
658
7259
5177
6316
8630
5493
1109
1068
2912
4891
5158
1556
5563
7150
1615
820
3162
2484
9834
9889
5065
5776
5831
970
7702
1775
5480
2315
7008
9591
4266
7153
1665
8943
3337
5241
5003
8089
362
4663
9347
7280
1440
3922
684
8121
80
1431
1610
2835
8937
4198
4861
6482
2710
8165
7964
7311
4802
8369
3220
7801
6435
2156
2358
716
6474
4337
7630
5142
4095
1651
40
3105
9996
6591
4350
5043
4236
2172
8602
4334
312
8826
1084
913
1597
8652
7499
3257
3166
9693
2
3888
6587
8317
5675
3435
5316
4018
5431
9562
5100
7790
9097
9419
6755
5474
393
117
5339
6682
3963
662
8635
5162
1987
900
9212
7590
4034
7820
1932
4597
6089
3647
7046
2844
8598
1688
4180
941
8798
6473
4761
9706
4113
3229
3824
2548
4677
6125
2137
9831
3836
6083
6591
5551
7132
5971
6726
1912
7064
935
8892
5913
4778
8262
5799
246
1620
9563
1001
1289
3868
2179
1886
5509
7574
4265
6402
7538
4965
4588
7387
4829
2535
4855
4041
7251
9945
5793
2845
610
156
7134
905
2116
3770
7932
8662
5574
3834
6537
5603
3622
3642
9600
4212
4131
8479
3451
3706
667
3098
8011
2679
3612
618
109
2629
5534
5093
8762
3783
5309
31
7695
1235
5308
8963
7522
734
9318
598
1203
8259
6279
2834
9032
3471
7989
3061
9317
7379
7327
7779
9757
8700
1077
3215
4227
1565
7227
5984
933
4474
4396
9047
6284
9981
4834
6738
733
5063
8926
3538
3473
6685
8012
373
5940
3573
7675
5845
3397
3568
6166
9992
5936
946
5908
604
6107
6017
6582
9507
7985
3250
3298
2881
5925
7778
5162
7719
7503
441
4568
9200
5167
7601
8316
8504
9616
7906
8838
3962
7419
4061
4290
5800
6797
9116
9699
4051
4896
4109
8344
7307
7303
8487
185
551
9229
9255
1881
1822
8010
6558
654
2677
4175
9062
1930
6492
4857
1000
4927
492
1137
769
7251
8
1859
7796
3410
4954
9904
5444
844
8304
742
896
5140
5524
563
8599
1860
8064
7989
18
1616
4637
2024
3570
2375
1109
4371
492
9912
9555
1106
4935
1005
6647
217
2125
3559
2091
3021
9538
3502
3753
2544
8277
8003
2757
9095
2661
5333
4422
508
3662
4768
7984
3703
3324
6139
8187
7
4997
9101
5059
7414
5802
8007
1151
4173
4403
9322
2582
5634
5940
3090
4606
604
9475
7924
6896
3081
5247
953
7850
5911
1972
425
1939
7999
9162
691
1227
2342
1993
377
1832
6555
5164
602
3916
5244
1877
3827
3552
299
4316
8316
7945
730
1839
1241
3166
716
8053
1250
2929
7860
1616
1178
9917
6824
7481
3892
9138
7916
715
7116
4066
1645
7062
2671
1880
4536
3647
7658
6068
3029
752
7373
5772
5499
8472
3743
6622
5852
2174
8485
1235
2124
3737
1131
2122
4654
822
8465
2263
8266
1401
7931
3176
7438
59
4179
1769
6203
3464
5741
9541
3820
4143
2401
5469
9590
3549
9224
8726
1107
7189
4984
341
3498
8379
1950
4342
5564
9687
5415
5532
6904
4513
4617
5951
6726
828
5433
53
9637
5594
6174
127
7195
6105
969
4612
5968
6099
976
3218
4152
1177
1212
5601
6474
9173
3155
2875
7385
5133
9169
9654
3290
2737
7628
1500
2872
4617
9000
7791
6252
1096
8691
5370
6148
8092
1131
4330
1972
130
701
6668
1955
5530
8329
5230
8207
9543
5209
9447
5435
5821
437
4742
3294
420
203
573
7788
9886
4077
3498
1297
8941
164
4828
8273
8401
2599
6934
9347
3687
1148
5970
6601
2944
7022
3382
6992
5156
3708
6224
3403
3038
4560
3566
3454
9183
1573
9278
9483
5837
763
3671
2345
2411
8670
8855
7000
5420
1212
9959
635
8929
9994
2617
1456
917
7942
4127
1963
7138
8467
6667
9213
9978
6217
3043
5820
4170
9493
9739
7440
7196
5886
1153
4623
8731
226
70
4999
599
9065
7024
2769
7166
1682
2220
9461
4389
3962
2117
8440
2903
8135
8806
7946
2260
518
105
4594
780
2409
5994
9687
7196
7786
7527
988
4932
9222
998
2859
1312
5841
6489
67
2463
8252
5960
9286
3104
230
7869
1269
6604
1409
7332
1135
5598
6058
744
9137
636
6821
9714
3083
1912
5381
1684
2885
6234
4241
9083
8693
5556
994
5954
5072
7795
940
1675
5713
8074
8906
9446
8226
1701
8601
9143
4836
2240
8042
9879
7135
3980
9249
652
617
8073
889
804
6518
9827
4260
3600
9104
3251
7874
7087
6161
5606
6080
9797
3632
4305
7344
1618
8759
1423
1383
9521
9348
1839
7843
7305
3912
7119
576
2248
5174
661
5938
1110
8583
6864
6966
7617
7395
7477
9914
5106
9262
3374
8414
9606
3481
524
9014
6705
6881
2179
9721
5015
6269
2875
2290
56
4203
9747
161
2863
3603
6544
3326
5155
5178
2613
8500
8981
1524
8121
5139
7728
2152
1450
7001
2564
6168
5034
7928
5627
9587
5262
1183
5423
3596
77
3908
1078
4037
2143
1680
4681
6207
1532
5847
3003
8781
3591
6251
3113
7924
9704
6678
5895
9937
7457
1125
9848
7991
8600
8
8881
272
4503
587
8333
4473
8145
6564
789
2740
831
7663
9891
2650
6402
6084
8120
8337
6253
2710
6033
117
6417
1998
1802
2316
3755
8461
8084
4061
1774
4300
5019
9772
6820
3475
4734
7049
3721
9510
4413
4368
7862
906
8885
2415
5810
2412
1592
4036
314
6671
5242
3577
1048
3722
3352
1827
126
5133
9026
9897
3889
567
9944
6453
4495
6121
571
2211
5079
6565
4745
2253
1252
9961
2886
81
1104
7556
6270
6454
5942
1723
958
2714
8467
3026
7027
9305
2303
2597
4942
1756
1907
7313
2640
6222
1569
5176
8922
3611
1614
6031
4206
657
1453
6746
4040
250
6897
7538
5465
9166
7036
909
8579
2793
4798
8989
695
3609
2341
3316
9606
6417
1653
1965
9396
8340
3351
6634
3857
7753
8849
3976
8193
6933
8266
3692
7756
9231
5458
6249
8195
22
1423
5204
8326
1941
7272
6652
3463
3214
4583
9329
766
3053
5806
6654
8058
8903
2163
5372
1535
3141
9775
6946
8688
2425
8535
5224
4907
2045
8989
8348
425
3674
842
590
5681
6070
4659
2697
2015
7881
2029
6349
1786
3802
7703
1424
293
4004
1879
7013
5895
8848
4171
7947
1705
6087
7804
6363
8093
5629
4429
2714
1782
8686
3031
8231
6623
6287
5550
8350
2973
9211
5706
2045
8394
1684
1569
4471
743
9487
6366
7529
5820
9513
5685
6320
4046
5450
8478
5466
4664
5854
665
7531
1980
4974
6075
1372
4749
4148
2276
3539
3934
3718
5425
7668
5271
7045
1614
2547
1303
3020
8976
9000
6360
7657
92
8596
1849
9871
8919
9719
1058
3414
2168
3813
5283
776
9788
2550
4445
188
9632
2341
4958
1105
8100
5860
3715
9481
8361
2904
2244
1365
2094
1170
269
1603
8983
3487
9222
5159
5111
7274
2348
5526
177
7363
3976
2977
4514
1416
4135
1644
5243
6128
8402
9863
6529
4526
9106
6288
5084
7268
4700
3035
846
4866
8818
617
8895
7085
3859
602
9171
9131
9226
3299
7408
1225
2847
5587
5097
9872
8765
3916
9897
2025
1691
7051
6710
1187
2158
5749
2105
7101
9634
8376
8022
9427
2529
9488
994
4473
6777
562
4213
4676
5986
4448
2532
9325
3352
8933
8495
2490
3671
5915
2659
6517
6334
3535
6729
7105
3658
8996
3459
465
8894
9831
1772
615
5034
1770
3788
9038
9034
8309
8899
1391
8648
6540
3531
9122
8461
3573
6246
2704
6088
9816
2575
2512
9023
5253
5572
8751
9797
9742
9350
1658
7552
879
6859
3939
4177
4186
779
8300
9292
764
1029
8797
3207
6317
9468
7974
2060
4687
4043
3833
9716
15
9947
1846
923
5277
1952
3045
389
4660
7873
4201
1016
59
5566
9311
5
3471
5635
1536
8313
2277
744
7949
3730
9619
9988
3648
7174
6623
1557
58
9607
10
6193
1470
3308
6134
4603
9587
5592
9047
7795
2713
9456
293
4654
7396
7282
4194
5837
2269
4452
5677
6613
928
1472
608
5158
562
8819
2713
155
3230
5811
3194
6714
2232
6288
4024
930
8886
1371
2290
3238
5855
2852
1380
98
9652
5603
5757
1822
1183
4127
7292
3518
608
1698
2653
677
9971
9529
2194
8782
2472
156
5765
3660
8440
7733
1063
1796
2096
8100
8186
6365
670
7844
6721
6345
8049
4788
7113
7723
1690
7521
6918
413
258
8034
6695
9447
7639
7134
8051
4231
109
1211
8650
6032
7218
8278
7567
5878
5043
9321
8525
3206
6996
4160
7402
870
9947
5972
1005
7152
2912
7680
6356
33
7221
5536
9016
2646
3534
5280
784
7997
6772
5290
728
3601
4751
8685
8213
5342
2647
4799
6583
3609
6861
9820
4225
3490
5758
1179
8575
2868
1168
2779
7352
7768
7036
5679
7431
6928
2095
2764
1761
8164
9640
2435
7040
347
3124
2278
7502
7850
5316
7492
6266
1030
5234
3856
1614
9518
6655
9389
5683
5508
9183
2780
3762
8168
6664
5277
7753
6090
2796
5651
4995
2586
1428
2334
3053
821
9210
7305
2204
2281
6245
1380
6072
8492
8907
8880
5035
6931
9597
1925
6993
6075
5210
2763
5801
6839
9772
4376
550
9475
8723
1916
9974
1935
5891
472
6775
280
3116
4302
4066
7329
1974
2000
3557
8130
8883
5817
7313
6727
3861
1464
6030
8394
1378
5383
5794
8491
3931
4035
9532
7227
8075
9588
3311
1164
1888
8293
6994
2605
5969
2799
5988
3933
2707
9617
979
1923
7886
7433
5457
6960
4441
6406
8077
3932
4432
9143
3365
6642
1107
1665
8549
5380
7538
2659
978
1281
7381
2779
9960
8365
5508
3311
9246
9861
741
4757
8244
4756
1434
6646
4596
5652
8089
4519
3208
9780
2803
9880
9581
4445
4204
2075
4904
2855
3867
9824
5395
9407
7110
894
237
7834
4965
662
3901
691
1111
9896
9635
8600
9940
8075
9107
7548
4282
1756
654
7482
1768
8874
3775
3750
8066
4480
6633
5313
3540
9462
4893
2021
390
5018
3330
7495
533
5508
3212
7508
5629
8202
9059
9958
3444
2433
9203
6224
5007
6844
2613
9552
357
2095
2887
2945
5247
6543
1831
5647
7137
6908
1350
3116
1669
5578
7661
367
9593
8103
8336
380
5779
3037
6782
4921
2305
9866
9765
8563
6674
3347
6973
2575
739
5073
5511
3317
6855
8407
6020
1708
8337
5269
9475
9330
1377
9960
4248
2196
7458
5871
4314
3772
6053
6790
2441
2888
5832
553
5115
1313
2780
8010
6681
6542
7739
833
3515
8479
2153
3942
8410
8149
4531
995
5862
7409
1146
6086
4205
7201
5840
9992
5773
6446
1980
4059
3745
6133
2120
8975
4652
1120
5311
5635
309
3551
333
6366
7654
9372
5594
9178
7507
8498
5476
9708
8109
2109
4419
5003
385
8277
5430
8676
958
8342
7950
7375
2627
7397
3272
8891
6297
1014
8927
9750
2671
4260
8250
5313
4763
4865
5827
2398
3104
8591
4855
1966
8710
2837
9474
5935
8820
2418
3855
7599
5151
9818
8800
8662
2050
1970
2012
5203
3467
9033
6767
6825
7005
5260
7334
5338
268
1959
7847
3936
7479
6491
9858
7759
4703
2040
5474
2807
4418
6907
2857
1423
5370
5572
2532
2206
9742
6029
5929
3695
6203
6310
6974
8468
5815
5565
1613
1407
8960
829
6480
7738
3557
6588
8133
8111
4361
3350
5448
3320
18
7574
9316
1164
8667
1545
7024
7342
7175
6907
3953
5917
3735
5462
8883
9184
2673
1837
8500
4887
7839
4123
3100
5134
5448
9860
3543
9377
6262
6215
5558
8623
5572
9879
4776
7294
1203
5289
2109
3521
8682
1147
4703
3764
2051
2875
5910
1703
241
7425
5847
1247
5611
4763
5926
7312
5891
725
7047
4106
1968
9846
8756
601
6398
7363
7497
9645
9205
3154
5485
5723
8898
2451
9329
9213
6150
3515
2007
9930
1526
6557
1975
5153
4058
8772
9399
2742
3929
1353
9620
1862
8135
2125
2765
7049
575
1487
7207
4581
7561
4
1073
6934
773
6823
1580
1643
6399
6237
6524
6917
6775
1363
3664
1201
1077
2459
8324
1547
7230
1070
9756
6036
280
2680
7812
4614
4540
4370
9177
4323
5356
1038
6515
8526
9361
3296
1385
6336
2913
346
7389
3009
8583
9918
3558
5190
574
3341
4102
3091
3560
2887
2685
1848
2380
6949
1911
6220
147
7308
472
4333
9797
2863
940
9665
1153
6683
3662
3546
1873
5851
9860
3299
9362
4579
4509
4986
4558
7989
4509
3462
5851
9710
9863
6711
3740
2647
3435
1008
9414
5021
3581
4364
1434
5100
5909
6852
8118
3113
9209
2387
6306
5597
9539
7658
2310
6010
5290
1440
8205
3872
5198
7973
6853
1327
3706
2983
5508
5318
2688
3695
3463
539
8005
7973
3081
5816
8600
4922
6359
1349
7657
7026
287
6253
8899
3400
3238
9530
8039
7655
9102
8191
5766
6110
6450
3436
825
2963
6777
5095
5471
9820
1644
6179
250
1872
6649
4440
5902
8523
6662
3814
2067
3260
5057
1238
1493
326
3081
7170
9358
9546
3214
6507
6684
1726
219
5090
552
5282
3438
6183
3275
2759
5466
2694
3226
2953
6639
8787
8770
1108
7624
6222
930
3904
7755
9379
3545
3740
7230
7194
8730
5571
6177
5872
2994
2345
2095
2926
2484
4677
7300
8722
7634
770
6889
8427
2905
782
7229
1053
9128
442
7239
1559
1685
6114
157
1215
3299
7931
7234
4190
9604
6398
7185
5978
3755
2870
418
1216
2919
8487
1073
3781
1417
4517
2930
7574
7
1617
1376
1824
1300
8517
5189
6445
5069
8438
1261
8742
147
8645
9538
7206
7017
6818
4574
1330
2047
6845
866
1971
8261
8269
6852
8224
4243
2122
7519
5987
9061
5206
7761
4469
7761
8006
2232
595
5711
1153
5955
7299
7691
9727
3566
6532
2731
9517
2695
5011
5619
1779
9538
4030
598
5727
3375
7531
5303
7944
2015
2559
523
5353
8352
5035
9128
4406
5560
6365
1195
8611
9732
9078
9988
7475
6303
9454
8282
5744
3017
3672
4822
2892
6917
4065
4972
9110
3934
2162
3636
8851
9806
8284
1
5306
2576
4376
6458
1116
1935
6754
4325
6565
3846
796
390
614
9499
7524
7251
8474
5075
5324
6510
7936
3278
3359
9259
2714
6580
5018
4670
1371
4714
3155
8315
962
8867
9481
1895
8730
8289
3604
2374
3785
8056
7659
6465
2541
2998
7593
7447
2396
6488
1829
1334
8892
9187
5393
4592
7266
7059
8460
7234
6243
8437
684
6859
9657
2757
922
6918
5071
6112
408
5953
8200
9105
6735
9999
8716
1744
3628
7732
9671
8683
2993
3682
4946
9874
4871
3720
4203
9008
6842
6743
8062
1049
1426
5683
7334
6791
713
8665
7588
2100
4926
1134
6198
3921
3315
2609
2075
5514
1112
644
7056
7590
5783
3501
6382
7066
2077
3500
6232
7729
5728
9105
5194
4568
4501
5428
6437
4081
1863
5897
1146
5388
4763
1526
3831
6892
9747
302
4250
8937
8532
991
6291
6245
1991
468
1582
390
1895
7776
2377
9790
8115
5508
2186
2988
2487
6567
3426
8484
2613
3766
2197
6091
5754
7605
6856
222
5495
2162
7046
2672
9930
5027
3601
5332
8880
5254
2604
5809
4851
4099
6811
6038
2551
7756
6325
1983
3414
4977
