4524
5598
9243
4657
5079
5874
1847
5120
6299
7930
942
3035
907
8097
6935
419
9822
9648
6540
6156
1575
151
5284
596
1903
2420
301
4640
4406
8425
5192
6403
4998
6625
4574
2782
9977
9957
8403
7079
3153
2297
2891
703
7663
4004
8466
3866
9581
8474
6
2098
9103
4700
9804
3975
731
6295
7786
2698
872
3326
9641
7581
1180
2464
1011
599
7971
1777
5593
4475
1907
7319
1310
6438
1166
4208
2129
2698
9710
8035
3042
8849
2108
3943
8544
6419
1004
9894
2133
2583
7727
3290
2964
734
902
5828
2431
6013
3718
4533
9592
4838
5746
8666
1829
1542
9085
8179
2495
1899
7395
9405
1966
9502
8822
6036
4215
1039
387
9627
2385
7046
2570
8238
5965
2935
1755
7204
688
2284
5594
8524
6144
2803
9174
2040
166
2692
4458
605
1763
3688
5722
1316
3622
8910
9805
6570
6913
5845
1404
351
179
9103
7010
9628
213
6362
4823
7305
3190
9994
753
5461
7371
9002
7371
7037
7933
9151
3519
6852
9009
8712
4172
7906
8635
5729
6250
3824
5827
6089
803
6395
9934
8798
7283
3885
7351
5810
4406
8384
838
7503
298
6013
4810
2303
6984
4973
6146
9205
2559
114
3011
6782
2026
1697
9058
6600
4420
8918
3270
6659
1986
4309
8060
9143
8803
3845
5832
3165
1362
4965
8371
8488
7113
9501
2768
1692
4507
2752
2141
4140
6258
4939
3154
8392
9821
4525
747
315
8729
415
7087
5706
3091
7916
192
1359
4549
248
8297
2375
1409
470
6292
4465
6300
6551
8074
9585
6845
1994
4752
1787
108
4722
7142
1791
2724
3458
6974
5205
6145
7563
3936
7920
9063
873
9327
7224
1300
4536
6256
9100
3769
5689
8794
7968
9443
4638
6514
2049
7220
8184
6417
7177
2133
9000
9805
9774
5370
7908
3204
9100
8558
3486
828
4410
5504
7683
4875
285
8092
641
7999
1729
3351
7880
1406
1487
5166
7236
8400
6894
9458
4926
9492
861
2215
5267
2902
7289
6389
5228
8437
5600
3117
3813
8453
9006
2083
8508
9685
5243
5730
2010
5360
5032
6053
278
9695
5161
4006
8011
5629
4911
6910
660
5388
4138
9569
9235
2693
4732
1270
4337
8158
9006
4766
3173
1915
6179
9253
1295
7793
228
1942
2273
6871
3221
3554
6198
1049
7309
1228
5105
2506
1978
5304
4368
3758
4135
5294
1598
2043
6314
6385
5297
8513
6118
8568
2327
7408
8106
9027
3159
3150
9228
2182
9984
8876
1340
2394
7266
2595
971
8322
4217
7900
1261
4028
6853
178
2010
6824
9114
9684
1155
5057
7582
5028
6857
1891
706
1062
375
5517
5149
5688
1466
1846
2040
8403
9904
9269
953
620
9515
4621
7648
3269
4670
5153
4301
6010
133
7011
8443
1813
4540
7394
4054
1952
1651
5126
155
8932
8018
7047
8608
6294
4046
5997
5043
9827
8049
2583
9113
7445
7780
8147
4057
8966
8799
6948
7673
7653
4058
7227
706
3418
4689
106
3557
6388
6241
2322
9447
6661
3379
6598
5696
5331
3896
9999
6423
7013
7618
9801
229
6154
7388
2567
4016
505
1955
3757
985
2509
9057
5501
5079
9672
5680
9952
6381
8096
762
5976
7593
452
9302
1600
4718
1692
4956
6112
586
9453
4208
5268
5979
3656
2858
6552
5607
2836
7167
2961
141
2451
428
1566
7547
3900
8976
7484
502
9888
9445
736
9056
4296
4777
9732
2438
5234
9373
7228
4684
9789
8167
6037
1151
6243
4557
2037
521
5281
1244
4429
6679
4556
2622
5823
4196
7780
5308
9977
9527
7343
2385
1139
8927
7844
6250
3592
2716
6851
5649
5917
6332
7534
1899
2490
9798
9158
8788
396
608
2710
4252
6234
1025
5417
725
865
6763
5507
6312
3732
4786
2107
3438
7449
8386
744
1198
8092
6238
7688
2132
4244
2581
8099
3690
6537
9892
3254
5487
7462
9209
4277
3693
971
8752
786
831
5643
4849
6854
2989
7756
761
2133
6621
818
3039
7250
6940
2830
1430
3579
7260
3664
1174
7093
5693
9186
9400
9134
4380
8031
3048
3177
3996
9347
8948
2484
3617
3656
3634
3957
3876
1950
5639
7971
5406
8364
5628
1766
7590
8809
2815
223
5157
5442
5675
9665
6513
8044
641
5469
7881
841
817
7371
8991
847
6342
1439
7458
6491
2455
2205
7654
5216
7648
3944
3379
9683
6724
4937
5374
7210
7082
9150
4107
8263
6668
8536
8060
8339
8887
9578
6403
5239
7101
8023
4217
4205
1462
7413
9911
3756
1677
2044
4250
2921
9698
593
3085
1149
6480
7760
1795
624
4588
5841
9093
364
1087
1846
2174
2355
7173
5948
2240
1850
2811
1726
7576
3118
5483
8172
4795
2605
8875
9143
3421
5474
9571
4827
2211
498
9476
8015
3850
5276
5159
2746
9903
6576
2377
109
4727
3716
7968
7133
6061
1573
1570
3219
2595
8693
5162
6370
9932
2666
5346
1507
7704
14
8215
8462
8221
825
2700
7166
972
4802
4687
9555
5867
8574
3036
7894
4170
9168
910
8264
2085
5434
5257
1576
8321
3115
3108
761
3058
4673
7152
3598
6871
1058
3943
4618
9670
8298
6540
124
3772
7101
2375
5642
4581
105
9917
7995
2068
6161
2904
3760
5398
2983
3374
3923
6667
2565
2000
7315
3294
9451
5629
7238
3317
8269
923
1409
944
6777
7083
1799
4023
8370
5928
902
2266
1571
1242
4069
727
9207
4271
5116
6473
7669
8212
3860
3315
4122
155
4008
6999
9820
7897
6603
6087
186
3311
3423
6508
1063
3777
5094
7886
8252
6115
1584
7666
9030
5483
3526
5005
1418
7135
9868
5161
7154
8356
1973
9449
6272
1979
833
2446
5765
6972
3292
9291
3612
4631
1241
9736
1357
9041
5435
5608
5604
2644
9094
9922
8176
6016
1227
8247
2886
8971
2409
5736
8308
1856
5479
763
321
1801
9871
9395
6584
3077
6713
7377
3817
5919
8039
164
1996
4681
1430
3864
5696
1737
5198
2637
5681
3321
6418
379
6710
1448
9594
6001
4700
4115
6239
6894
7581
7518
4858
9947
8383
8551
4091
4340
5660
9053
5260
5251
4323
9043
3207
547
7256
9002
7321
5976
7519
3048
5935
698
1245
4470
5027
3968
520
6950
5263
2392
3063
3956
2359
685
9113
9665
6658
8665
4215
8053
2218
7467
5669
9035
986
7924
1238
5376
9510
6
2440
2993
3248
627
8952
8155
3973
3565
5856
459
312
8986
3079
4985
9340
9773
4727
2066
2954
9227
8968
1956
8380
3542
4725
1719
8798
9955
2021
6324
1916
8802
501
1062
7258
3130
9004
8696
7132
1349
6960
9379
4452
790
2233
3072
7106
1965
1811
2355
6646
7905
3726
6621
8845
5900
2290
3010
9268
6671
2769
6400
900
9831
4404
5283
5309
454
5997
2846
2510
8033
872
2852
7557
2459
2792
5482
1864
8971
9878
337
4617
7506
3848
9293
5000
1799
5561
6450
3597
6583
7830
5168
5057
8454
6843
5206
9516
1740
7797
1652
6081
2354
4405
7731
7866
7912
2360
4892
2213
5801
4990
354
5969
7148
5727
8729
1801
1519
178
4962
4347
4417
2630
7986
726
9074
5689
5433
7917
2380
1463
3111
424
3144
6212
5255
2648
5887
885
8206
1716
2549
1599
6907
8310
7868
612
4107
3645
2164
9706
422
4896
7613
9862
1446
4554
7450
393
2407
8901
1416
3930
2981
4245
765
343
9962
7633
7341
2299
2533
5519
2417
4616
9325
3640
3371
9813
6109
397
4031
6498
586
3433
6947
8645
5907
8864
4626
3930
8431
3812
7814
2154
3475
1837
5496
1639
2037
2145
4678
3086
4472
9934
6792
8628
2046
3830
728
6914
3629
2746
186
1821
2624
3930
9236
7152
2687
3611
1536
9367
3598
7657
7235
9071
204
3221
3845
832
8824
3253
7708
5194
550
3940
2384
409
1509
5954
318
3123
4241
5440
1361
7067
2604
7255
6662
1472
2049
2804
7128
4054
3866
8660
2261
2921
3450
2158
407
246
6304
5660
8088
9757
2981
6705
9191
2163
6893
6666
9552
8684
2347
6326
899
4278
3925
602
3834
3282
4972
2799
1586
4025
4753
1668
6653
2399
931
3419
4224
1508
5827
7014
5532
7002
231
3914
3643
630
4044
547
4956
5859
4690
3256
2534
236
3471
8918
5658
2619
6681
1861
4693
6153
9547
3627
5762
9424
7715
6274
6209
4110
4156
2762
8297
8798
3819
9097
382
1359
5071
3087
3604
9770
1499
1925
2285
6802
2346
10
5439
3940
2394
4937
6502
5482
6244
5608
8311
9689
3336
3467
8864
3134
7160
6954
6866
9640
8244
1595
6217
4907
5639
3696
2858
7490
5340
2371
2494
3250
1778
5138
1260
633
687
1023
7048
1128
4516
7722
4807
1626
8663
8699
535
2539
5075
7965
3923
7160
2519
7158
3269
3339
7593
8428
8286
5675
4206
7070
6230
8311
8013
1253
3770
6694
2311
1847
138
5856
9411
9705
1338
6876
4194
6315
3968
9334
9889
488
7133
1184
424
2861
7313
9937
1202
3301
266
5426
4831
3735
3093
8005
8387
2838
3917
6178
7654
9810
3894
6941
5460
8002
1469
1751
1072
9336
2514
4883
1204
3237
193
5660
1437
6253
2741
2276
4822
3659
2596
513
644
8927
3094
785
1825
4835
9972
2023
8673
4843
4146
8071
3960
577
5506
6569
6231
2772
9389
8646
9943
4433
8338
7250
1759
268
1689
1188
747
3590
7536
3101
5143
105
2102
9593
111
5273
8102
7923
7355
3993
8031
8277
7678
9860
1009
9504
4023
7053
2505
9097
235
5769
2273
3885
3694
6570
8108
3647
6381
3541
2793
9052
3217
942
3349
7417
2114
7432
5463
6803
1773
1059
1430
3504
4308
95
5026
4034
3215
5372
9523
2047
8805
3209
7542
1084
9876
4302
9627
2197
4083
7061
1779
2734
6773
9477
3223
1835
3572
9895
1482
6348
3782
6439
2123
6163
8877
8564
6287
5049
5678
1142
8375
6899
4533
6655
4194
3847
2301
6007
5728
5153
323
6274
4469
5934
5946
9317
1520
4687
9929
7380
3130
7368
9895
4021
8675
1267
9901
4911
2342
8403
6493
9377
8293
7977
5117
9937
649
8701
7117
2508
8072
4541
5364
8656
1960
2797
6438
736
5550
7872
4908
2419
8000
8551
7709
5493
9057
7968
1518
3659
1004
369
3458
8649
8339
1175
1818
3887
8492
6171
9018
719
9879
2068
6293
8766
7277
1971
6684
4308
154
3396
3154
6298
2786
6031
6949
1807
1281
6938
4665
1292
1161
9411
6101
3576
1962
9949
6917
7363
3604
3103
4083
1463
6313
4248
8202
4090
4568
5065
9417
3464
7037
2351
5793
2849
8727
2865
8545
6767
4550
9337
3877
7433
6013
4485
642
4191
2813
4409
9546
2930
6950
6721
2448
4116
1322
8954
2517
4207
3416
8206
8503
5908
5460
995
8966
884
3636
3745
7231
6692
3439
8980
9497
233
6330
4692
3618
4649
3161
6709
6056
9705
9765
9927
3952
8287
6500
7011
9977
666
4623
4013
6561
2181
9898
2095
3700
1430
3947
7419
836
1669
6490
6231
7421
2535
8113
7309
7761
1197
4687
159
8597
9446
8959
242
3512
5359
5337
1113
7893
3016
5074
1246
5679
1298
884
5123
2940
7775
2468
4140
543
2177
4517
5582
4594
8508
1044
8502
1549
9704
5250
4065
6123
8639
9638
4134
108
1538
8185
7345
7127
1566
5311
286
1103
3008
9663
6431
8477
461
4162
784
2609
1118
9189
3288
4890
6541
8867
9465
5680
5010
9039
3945
2994
7394
2583
3679
4293
4769
3585
4305
4509
496
8357
618
5279
5476
3998
2227
992
3720
3145
4841
2304
7495
4875
90
4067
9664
71
5934
9608
3657
5981
3689
3012
6092
5895
3152
4977
5162
7538
531
929
2520
2702
7957
4256
8601
4023
2858
6799
855
9841
8316
3282
3174
8194
7884
6423
568
7636
480
6248
5521
9274
6387
224
9344
7528
5799
56
7370
4184
6797
9837
9168
750
7814
4406
7516
3779
4477
4369
1180
3200
7347
715
1159
8341
6663
5482
1133
1184
3101
9539
5603
9223
2112
4149
5364
8393
1234
8738
4724
314
4320
3776
6744
9282
4937
6896
3880
7786
1053
7424
1666
5859
2022
3463
1639
3498
5915
5200
3886
5743
8423
3583
5839
4805
9807
3281
6975
2336
2613
7305
5750
2571
642
8249
3776
7165
4328
6177
5596
9758
9097
4558
4869
2314
7532
1024
3066
8475
351
6985
5681
5516
3331
1516
9509
7648
8058
977
7841
2185
1993
5350
6099
1209
7649
5825
8994
9240
6893
3641
9511
7186
2909
8577
7269
2648
2492
204
5373
2536
2931
2529
1316
4849
2727
2851
2776
5093
8739
1602
8597
8548
6094
5438
7340
5346
6600
9193
7753
2599
544
9367
3627
7873
2335
4529
3705
7293
9437
5057
5661
3488
2322
9499
1103
9405
6572
718
9018
1021
5655
1198
9889
3094
8722
615
6664
679
297
5710
9829
6852
8554
7849
5212
772
5270
1846
5268
3543
4990
1976
7051
4173
4859
787
4870
5576
9726
5615
1349
3003
3357
7021
9389
9761
9500
9254
8587
9350
202
4897
5907
6858
6128
6132
9333
864
5193
9595
319
1118
8691
9572
241
320
8298
6885
5198
5801
7574
8079
7
680
7942
9755
8334
4077
3356
3468
150
7703
2623
5857
5262
3354
6750
4550
2344
8819
1758
1500
2535
4790
7837
3329
2383
6544
2603
5228
2550
8771
1846
2323
3015
3296
7265
6742
7904
5401
786
7635
2445
2179
4144
9899
3708
3565
9111
9905
3872
1356
7897
7824
3382
7905
3795
2871
5933
7416
4759
8184
139
4990
3804
652
9146
1435
2056
8782
9605
9315
3420
9308
1418
7146
9457
1927
1357
6783
8826
7265
9493
4538
3724
1202
2731
9389
717
1849
3476
493
3070
1829
1228
5270
5404
5678
7623
5268
9472
815
2230
767
3095
7607
9242
5038
1604
3305
5685
2945
7928
9726
4598
6032
8461
4651
1908
9441
9780
245
7628
4006
519
1629
1731
7364
2116
197
2198
7992
4992
6528
4651
1826
152
3044
416
2606
6188
3694
4730
6240
3172
3566
8839
5810
4170
5402
4604
3325
9138
2334
9359
8530
8820
1627
5089
9846
2887
1710
7234
2352
5837
1577
9475
2841
970
6874
3472
5594
4973
9226
5143
3790
17
4965
2691
5743
6319
4623
900
4976
4818
6413
9702
2802
4428
847
8000
2345
8291
7980
2547
9029
5040
4262
5552
9459
4899
4823
2907
8412
5031
3425
1965
2152
8342
8035
9787
9172
6852
7975
7117
8097
8013
1763
8148
3033
2441
9196
229
5119
3432
7918
6106
9111
9326
6443
646
6673
1094
9822
8714
3107
1860
6943
7582
9851
6229
1253
7268
586
8678
7687
7854
8736
5692
9435
6392
4920
3845
3534
229
1611
7957
2288
6537
7753
6945
5159
3160
2729
1874
6479
6863
9423
3306
9272
9116
2906
9521
6194
9626
7742
3333
2793
5226
4879
354
8626
5355
4731
7446
2498
1993
5808
2414
3276
700
522
3554
5270
9490
6397
4145
4068
2354
4740
9591
1220
4330
6857
7625
5551
6412
9384
9026
2512
5412
9974
5278
1894
7661
570
1504
5513
2726
7197
7268
3193
7670
6478
7060
4567
4325
1066
4749
9547
8885
561
711
2695
6945
4377
1279
4257
5732
7443
4031
6497
6814
6157
465
7106
1286
548
4737
169
729
3910
4686
1057
9538
8522
4867
5878
3156
9837
1200
3042
2210
8657
5089
4105
3989
8871
2575
7913
7081
4484
3658
4369
4531
3156
6239
4112
3038
7728
4552
4736
8796
4547
3760
8980
9764
7858
4015
6712
7410
2963
7241
9498
6558
6688
4352
6535
2260
7704
5392
9800
3417
7117
168
4162
7664
2595
6136
2210
3984
9937
1967
9128
598
5830
8213
8374
3913
5904
7122
7618
7467
5790
2516
7053
5613
5444
9871
1365
7807
3248
7266
9504
2745
5672
5284
4952
1671
6255
8935
6633
2892
8061
4201
1453
6059
4604
5299
9912
5695
9535
3527
7590
754
3004
6920
6903
8285
3802
2737
3585
5374
242
3746
6573
1487
3112
8727
9336
2498
1780
1178
858
7941
7390
2644
4892
6954
281
8189
8596
2114
7035
6993
3371
8785
2184
4740
3138
4419
8124
5700
6093
9871
2235
2228
6197
1503
9643
3413
4401
4312
8277
9154
6771
1715
3552
7064
2161
8827
8723
2265
3643
2288
7186
472
6957
627
8412
5433
5832
953
443
3531
9848
6002
8623
627
1019
210
6970
1764
2727
6671
6955
3225
4675
2891
5614
3559
3600
2489
2922
2610
163
3105
5921
2687
1130
8461
4691
5118
3119
8871
7541
6227
6595
6924
5005
4132
3901
5042
4687
5290
5331
7886
8926
2240
223
3011
319
7964
6204
2856
1913
8687
8362
6837
6918
7446
4547
3975
5529
8805
9914
9170
8355
744
2470
9711
5436
5149
3099
8620
5169
9904
756
9933
134
1483
3896
6396
1107
5625
9394
4356
7624
5919
5824
1733
4640
9004
6742
2168
4470
5436
3368
5778
6316
179
2201
6567
2144
728
7619
3339
9579
5588
1014
6369
2623
8145
7242
7584
573
343
7979
1406
2018
300
1636
4736
9581
3214
2594
8280
1845
6352
6152
9354
438
5632
3829
8237
2523
7150
1853
4952
9684
2400
2789
9176
6745
659
1865
2372
2900
8446
7006
9798
6697
6279
3832
7174
4935
589
4921
3841
5310
488
280
9829
3713
3301
1484
5925
9148
1804
5003
4998
7659
5651
2389
1897
7247
782
8648
335
1895
4678
8441
6197
7459
7611
7224
517
8253
1478
1624
376
284
8770
3810
866
467
8464
6016
9164
374
1126
2867
1911
1122
2006
6404
1682
1687
5356
3756
1497
5682
5080
3881
4743
398
6151
1934
3358
93
8878
5877
3922
5419
9399
1321
3835
7081
3722
7068
9083
409
2846
2929
7503
7844
6995
9248
1858
3934
8530
7656
1127
9798
7405
8660
3622
6055
9588
8980
5771
8900
9990
8393
6559
9604
1438
4037
5641
1317
7808
622
6288
2797
3229
6069
1915
4476
8573
9869
2626
3657
6938
1898
8492
1987
5568
3395
11
11
20
3283
2753
9914
6377
653
7161
2325
4816
7227
8567
9353
4210
3178
3975
3128
7417
4630
6856
1520
7829
9668
2031
6166
1621
354
4140
1833
7308
5724
6746
9680
583
984
358
4595
8245
6838
5479
8562
3722
1130
6417
257
2294
298
1617
639
5316
1281
6035
8242
3445
1204
6713
7286
8840
5542
5821
8631
6773
9749
2870
7744
6329
4685
108
4765
2634
6016
5095
5105
588
1316
6070
6821
9906
7928
2901
4557
5058
8040
3946
9206
4840
3980
4798
3574
9997
464
3997
795
6780
1507
1492
4234
6021
7637
4445
2951
3679
8884
2133
114
8858
4830
1323
1361
8905
7492
645
6752
2139
4459
6051
510
9356
3352
1440
7803
1092
372
6520
4701
9006
7907
2065
452
6034
4705
3012
9169
2085
6433
736
9236
9488
6181
3204
7240
9035
7950
408
5041
1400
5464
9501
8650
2489
5520
3175
1685
7438
7594
3368
4203
6965
7276
4636
1183
957
1696
8264
4963
6445
3646
3690
1761
9747
6056
1287
7027
5980
6133
7700
6084
8765
9697
4068
6484
3744
4106
3662
6473
3526
3520
8468
7998
6763
8437
3861
6427
2513
3154
1007
7985
9213
3028
3784
1171
1423
6382
8921
840
2547
7591
2259
8777
3529
4735
2017
2908
4246
2783
7292
302
6388
8026
3262
1916
1200
775
7922
6031
152
4533
5987
3194
349
4210
3536
9723
3598
9226
8681
5744
1260
8079
902
5573
973
926
4106
1564
9920
5780
8972
9566
7580
6458
4730
7778
6694
1581
5301
4136
5155
7132
6891
5698
7889
8253
924
1451
472
1605
9590
3096
4391
4654
5645
2795
7787
3317
8457
8035
12
5478
931
8840
694
2673
7688
5909
6670
4131
5206
2033
4624
2573
6756
1068
1376
1976
5330
5817
30
9872
8354
3799
1589
8259
9770
1782
7561
8180
9373
2087
1205
1646
2313
9001
9100
4738
1275
3526
2412
6484
7201
7761
4371
4569
4679
3702
4552
6853
7113
3264
5669
1451
453
3870
3593
326
795
4258
9423
8376
302
3168
3687
3112
1371
5904
8391
3817
1764
1053
152
7654
2308
7240
7908
835
1890
3154
7689
7369
3029
4520
3551
4718
7936
2618
8105
9200
6010
9592
9381
1712
9915
2006
8047
1213
3027
4422
8392
6808
2039
8979
8655
5099
507
2857
2925
4188
9426
5951
8197
713
2455
7313
3405
2275
631
509
4124
5463
3999
5651
2910
169
6744
3358
4915
3778
2700
518
2966
2981
1150
296
4807
196
8790
3603
4438
5257
241
1015
7854
5565
4933
3438
7513
5032
7924
8357
8939
7259
6740
4616
5334
5791
5253
8192
8581
521
7521
6163
5984
9083
496
4751
3754
9484
1647
5631
1444
7539
4891
7355
3071
8834
71
2247
7334
8789
7773
2752
810
7094
7315
606
9349
5279
336
4796
3382
1044
8854
9347
1241
4457
2734
6723
1098
3336
4104
4728
4352
5961
9403
9315
9074
8290
2284
2445
4598
6434
6064
3496
9918
3124
194
908
2095
7309
8408
418
2370
2424
7866
8977
2634
1024
9669
9715
7167
4727
7469
7674
5094
2713
5252
6623
3244
6393
1468
9709
2115
2264
9603
9501
9253
8412
8486
8212
5667
743
7318
8358
8379
436
614
7307
4880
8937
9908
4470
6756
6651
6937
3676
6396
679
9001
7236
8026
4623
2052
4512
6806
5482
1087
38
3978
2449
2268
2215
4158
6952
9131
6767
208
8677
6090
7318
6137
3543
3393
714
6641
541
6811
9111
6679
6063
8081
9597
8126
9901
4597
147
6144
6385
8631
6122
3634
48
8307
6247
9854
5935
8528
7723
9909
4623
8972
3968
113
3259
3513
9924
3949
2748
6908
973
3056
3951
1244
5980
4230
8021
3395
9774
1957
5309
2263
143
3017
8956
2916
4885
5240
2661
5349
655
3494
2846
8155
7701
7008
5950
8665
7411
553
1305
7479
8400
9894
7753
1579
5672
6243
6047
1345
9685
5104
2688
9810
3848
700
6692
2597
2182
3026
6072
3199
6647
9054
9909
8890
9215
2532
8241
898
5818
756
992
9488
1269
7172
5272
13
7932
608
8867
8186
4963
4463
279
7000
392
5261
9254
6781
1166
7211
7017
3293
7716
5788
4136
5259
2757
2872
8889
3496
7713
3669
1904
15
9635
7517
9819
5891
624
1633
493
6123
6221
9556
2961
2333
2212
1472
286
4938
4200
3681
9512
3138
8272
5325
1029
296
6094
8744
504
7021
2325
6872
8331
7272
2446
1561
9672
9157
9235
5411
514
3688
9101
670
2953
423
8804
3537
823
3562
2038
4334
6161
6580
965
5344
562
4416
8080
2625
8226
2441
3933
7925
37
5541
5366
7149
9480
6945
2236
1991
4818
2814
5533
897
6940
4167
500
1207
9352
8492
8812
3898
9844
1701
7261
9419
2087
43
1265
836
8036
6062
4765
1146
6425
1369
1337
5939
6436
8009
8268
1372
3041
1440
4912
284
8677
6817
8085
4884
9122
8349
8291
8060
2160
3454
563
7644
4735
9864
2896
4312
8665
9689
7570
8826
9237
2717
6168
636
6767
9526
5058
1458
5692
655
4616
802
4175
8179
7394
8536
4574
4411
551
7891
5699
4080
1452
4586
629
1200
793
4250
1373
8274
6100
8670
5535
1597
2764
8396
5850
6463
6326
481
1998
4316
8443
9435
5912
2595
466
5589
4092
9308
2066
2049
159
287
8075
8713
1538
154
5763
2465
6146
9119
7472
2800
6067
2896
7596
2582
8695
6784
8919
3458
9542
5823
2573
6469
3106
1134
397
6105
2419
1001
7767
1420
7549
2730
3634
9326
8287
8347
9804
6037
9353
6226
5822
3239
3793
5698
2471
6420
8641
7204
2251
278
3670
4342
8466
5471
5180
6058
5531
6782
5577
5527
2360
1236
4397
8866
9468
2932
5748
5184
4541
1783
7892
854
2280
2787
2031
1934
798
5236
1720
6426
6003
6247
4805
6125
2957
4640
6886
2154
7334
5855
9747
6163
5489
7682
2885
3726
4325
7346
7193
1853
9541
9821
4955
9956
6213
3847
870
174
5913
7186
6159
7829
4363
7421
6040
6343
5484
6671
5601
906
6750
7037
4280
9700
4811
1664
5114
3581
1655
8886
1773
7123
1701
5171
9968
888
8590
60
9775
9085
4484
6377
4599
1638
3558
4412
8698
1141
5392
4715
5529
7924
5994
3234
9547
5990
2713
5475
8674
465
6480
4876
2880
1595
2318
4376
4220
6015
2704
6201
4735
7957
8045
2372
9769
5465
3350
2546
7128
4368
6838
2560
8603
2645
8702
4385
4011
5776
5229
5480
5606
9500
7429
924
9879
156
528
8185
2756
294
1761
4953
8438
199
1654
128
536
3152
4910
9687
6482
8547
5908
9104
6733
2400
3724
4797
1099
9242
4829
2003
4916
8053
2735
5876
916
2414
1874
5055
6877
2274
6888
5861
7509
9957
3334
9964
4553
5097
1777
850
6455
1031
348
842
5426
1960
2634
7671
4464
1473
6795
9948
6221
4451
5382
7028
8382
7857
2483
7801
1037
1284
5075
1846
5613
2840
9435
4333
8157
9448
4526
7686
4923
3994
1243
6586
9218
6879
3170
5252
3565
3913
7728
67
4816
5119
1471
7322
2536
4034
2479
5975
4308
6839
4252
7837
5511
1051
4921
2530
2980
9481
4800
7389
1560
6296
1183
2216
1275
249
9074
9646
3679
127
7340
6629
455
7667
675
2331
7788
7673
2342
5083
8004
6037
5252
1850
680
1880
5245
5961
4603
6361
5640
6456
4111
8421
5316
8804
9860
8279
7722
6901
5523
2477
1024
6611
2482
6124
5494
6072
4293
2395
3037
6969
8858
3189
3138
4478
4293
6324
7560
7678
8091
7255
9718
4487
4467
6515
3139
8294
4179
5569
5198
3642
106
2783
4762
9513
1371
9029
9727
7912
2795
193
8806
685
2983
9389
6737
8238
8337
1783
5045
945
3789
4959
8172
2893
6665
1411
2566
587
5809
5863
7130
4198
9369
7225
5684
8735
1798
2922
5515
5994
9554
6792
466
9443
4674
2056
7623
6283
8547
5514
2556
4705
4663
3520
5807
1493
2531
1185
272
5254
7376
4027
9022
6085
6585
2862
8990
3480
8452
2441
9520
6831
1785
7316
1556
3855
3786
3348
3619
1607
4002
935
7957
3539
7122
4280
9746
8796
7056
8410
9136
9304
4132
5930
691
3644
3281
6222
75
7542
745
4229
4850
8420
6324
1477
6665
2352
6171
4135
9559
4491
2718
3101
9576
3485
2429
5351
6701
9406
798
3294
7231
4954
6912
6745
924
503
1773
3040
1823
2869
1143
262
5245
7579
1595
943
7283
795
1401
4906
2972
7850
5063
5234
3742
278
8209
3895
8270
1060
4322
5397
1547
743
9355
9385
10000
5444
7329
6014
4776
1719
6421
4432
6787
421
2940
1129
7630
4791
2862
7815
5207
2905
3925
19
605
368
9618
8785
5443
9410
5395
6816
1048
4363
6111
4091
6528
3434
6549
2081
4896
4280
5262
551
2425
7156
1661
4765
9945
6098
7340
7709
9684
3877
3957
7549
256
4688
2715
5568
7327
8612
5070
6917
792
6597
9297
6154
4903
5110
4118
1791
1974
7947
5158
385
6151
8307
6512
1803
9519
1820
5084
4600
1659
2669
1864
1676
412
6456
6664
2517
9517
4234
4564
9274
6491
4659
7470
7404
3082
698
7322
7480
6005
1171
7444
1754
7978
6219
6367
751
3650
7330
1113
386
4134
8527
6298
2300
818
8369
8426
7012
2069
7508
99
1724
3201
9569
356
1609
7340
7623
2680
763
8539
9704
9087
5661
851
7402
6494
8315
7595
5028
9767
4619
4461
6373
7883
5877
9410
2716
8965
8784
3462
287
6013
6198
9598
5582
7241
7595
1686
6669
4385
2162
2748
3627
7348
5521
3207
553
7875
7539
8364
7863
633
2812
4627
2971
8239
2046
146
4512
505
286
6062
6045
5423
704
5607
5229
3045
2232
1559
4832
3669
5855
6741
2762
6073
2584
7457
2041
5944
7363
7995
5309
9121
9862
7925
3588
2666
6265
1284
1770
945
6509
3873
9215
8065
5317
3406
3205
524
1109
8719
2981
83
9802
3803
7747
4532
9685
805
4734
6474
245
9174
3384
6779
790
785
865
7888
9422
9160
5307
913
7773
5071
7825
6343
5663
1710
1430
817
4322
2890
9542
489
7593
1199
1033
9229
2197
5950
5849
3993
3500
1405
6957
3720
6009
8188
759
4234
3529
9322
6211
1970
4585
146
5142
698
1380
5084
5381
2129
5834
3116
7027
524
8414
4489
1729
2910
6280
951
9124
2211
4107
726
4563
9616
1869
1783
5469
6401
1431
2192
6042
2395
277
6946
8685
8062
8552
2127
3100
6001
6159
6261
5531
2338
2385
847
575
5812
864
8766
9590
1464
9660
6240
58
3834
3611
3091
672
2435
174
4484
4817
2317
9243
8859
4996
8017
3534
7529
7779
3521
7403
3514
1732
4191
1137
7181
2518
4977
8088
5984
9089
7258
6926
7409
6907
9188
5946
6608
5500
5340
9413
3001
1901
5012
3117
7142
6361
21
2089
6192
3963
6800
4695
1114
6896
9736
919
6161
6135
6127
5055
5067
9894
8721
4347
8132
6675
8053
9980
714
2122
2321
8186
9241
2264
4855
8896
7225
5869
8934
9238
911
9659
2914
6145
7531
2939
3064
9055
7914
9766
938
6264
7396
9565
7256
2802
1009
1732
2591
5706
3228
1486
867
6856
8148
1235
5137
9803
3609
5347
8108
237
8731
7744
7363
3431
4918
9406
614
822
6402
9526
1491
1885
4601
7890
5640
6598
519
1994
5857
7246
913
907
3145
4146
3334
1703
741
6454
9537
6341
9192
1269
6159
3649
8471
5986
6140
9146
9557
1373
4376
854
5604
2242
6986
3556
78
8883
1264
2686
5202
571
7722
7163
1175
6208
1286
5305
934
2819
4503
5445
6540
9270
3353
3501
2093
7377
3673
2119
1923
4207
8365
4381
8137
4715
5816
2555
4094
7245
843
4541
2529
2908
3382
1981
5764
405
2382
2637
1811
8345
6865
8878
1329
1878
3135
5085
8340
8346
8600
174
274
3367
4287
64
3504
1279
8738
2104
3187
1749
8483
1126
4396
2206
2463
9946
7143
7364
3552
9775
9653
6356
2272
487
5447
4865
8628
9984
8169
2422
9847
6127
382
2079
9587
7957
7405
6620
232
9368
2980
7717
5395
4883
5263
9186
8351
3945
8525
1752
3493
3209
471
4010
22
9687
8177
4793
617
2631
7727
2937
946
4272
5782
1265
3770
5567
7448
4072
9914
2558
7502
793
9152
5450
1732
8149
8833
1300
8824
9590
3558
7905
7203
5669
3873
3130
8160
7827
9454
683
5701
7057
2176
210
8936
7809
7131
3327
4383
8126
936
7228
7073
4630
9529
6316
8839
1943
4082
2923
4984
7542
9914
9104
8529
9756
7336
7372
909
4076
4892
1053
9016
3728
2435
819
5370
3367
9483
6344
4300
1576
489
6882
6121
4950
5063
4106
9064
555
2313
7941
3153
3318
4322
2961
7595
958
5556
7145
3435
7295
3550
6227
1024
3176
5607
6115
4639
372
5393
8654
2717
2083
6210
2321
1021
743
6249
8820
7715
5897
8748
8484
2685
3811
9739
9426
6409
6300
3425
908
3294
2309
6319
6555
6298
9111
7
2059
999
3699
9137
4678
7993
1831
3545
7988
2932
7304
5994
6556
291
3602
9846
3754
2786
9994
5899
6963
4838
6234
3898
2749
2913
2274
6944
878
1171
5071
9899
7814
6689
7417
2065
5105
176
5201
323
1156
1208
3455
4753
2183
775
1216
9500
9850
9138
1366
2018
8790
156
1488
6491
9644
9255
8445
3176
7336
9367
8997
9707
7622
7868
7020
4229
5731
9298
5719
255
4475
8711
7091
4826
9342
7563
2243
7015
8699
67
9371
4319
8480
125
3199
3038
2176
6578
7959
6498
9100
1139
2868
4013
7929
7383
9909
8726
5304
7396
8184
5203
6793
8535
8319
1573
300
7071
8159
1896
8509
7569
1644
1550
6579
6231
1600
9080
2155
8334
9457
1208
7009
5498
9153
4439
4121
2332
8467
3202
9112
345
8888
191
7235
9499
3215
5911
4139
653
8392
4937
8018
358
1631
2300
8164
233
224
3778
3866
8465
8588
2398
7422
3573
7664
6596
703
4698
4235
4595
5554
6907
4023
5196
8274
6809
1933
1380
2716
9513
3872
8794
9648
6990
3689
7451
5020
9525
5015
6364
6847
6299
1782
5684
4283
6803
7743
2064
3699
2563
9615
4904
4500
9648
7827
8590
5032
1268
3722
839
4001
4510
4796
9783
5327
1659
1789
6798
5159
4097
4937
4098
6779
5928
486
4957
2502
5826
4630
7609
9646
7421
6178
5076
1132
7304
1969
3797
5841
2648
8633
5463
9728
223
4644
3228
5750
6482
5909
9398
4409
3705
7498
5542
2689
9216
2257
750
5381
9106
8548
8164
6107
5111
2908
1650
4430
8332
5541
9815
8000
5435
5912
4177
9071
8329
1785
9018
6772
3602
7448
4215
6938
5047
6309
9210
8905
4803
3873
7150
6672
952
5095
2794
6480
1671
2980
2521
2805
5657
8633
6411
6466
7616
3909
4280
6514
2067
7532
9211
8808
652
9157
2240
1302
6172
3466
1794
6081
5365
5367
5115
6168
7775
7209
7060
8275
4702
6397
1128
817
4527
6809
2348
9595
2893
4913
4686
9709
1537
2516
6342
3623
3433
1317
9172
4423
5786
2453
9358
1059
6976
658
5315
3252
9509
4390
8391
293
2360
9865
3697
384
2596
3628
5275
3817
3048
4745
4691
1831
5182
5769
5736
7401
4532
2130
9430
1179
3038
4170
4128
2109
8608
3026
5471
6093
1306
4312
1328
5424
7303
8542
9395
1134
4588
6664
3741
9443
4945
8695
672
3887
6965
8377
4953
8585
7599
4133
7086
5164
1127
8995
8444
8922
2352
7770
386
4999
3026
5054
3830
5500
4338
7590
6579
2779
1983
2378
3265
4248
5042
7650
9823
2613
2951
5184
69
6350
377
5940
5871
3829
9907
3122
173
1069
2404
7379
7395
3539
8832
1631
2286
5712
5329
7905
3088
9018
6319
6895
5744
2117
5635
9430
151
3303
3082
2549
7715
6484
1345
7046
8785
654
190
6016
8810
5503
5061
4067
5667
9124
5977
7461
4658
8836
7691
5088
3017
3005
9790
6397
711
5207
4274
5988
2835
9046
4827
8285
2598
8877
5463
5454
4346
9422
5627
5346
3635
4575
2702
4449
2636
770
3653
273
6641
950
9052
3171
2715
5497
2917
7238
3041
9212
418
566
8825
6884
2635
6429
3604
5083
2749
5400
6488
8462
2562
5700
5672
8741
4802
8646
9248
4083
4059
9690
5796
5308
7777
6045
5183
6580
2618
3780
87
7207
8239
7361
9716
7557
1072
3214
9220
1075
8780
7968
1475
2096
7318
6531
300
5297
1887
8586
5359
133
3955
104
9061
8873
7181
24
9381
2640
6507
7636
5590
1159
2457
7309
1238
3764
9321
4090
1525
6503
3494
7898
3653
8290
8256
1782
5468
4457
1229
9127
3420
6117
604
9507
9804
6841
1307
6630
4688
4734
2184
1518
8449
6042
7469
7392
4014
5499
3029
6550
4308
7841
2918
3816
821
391
2146
169
4243
3795
8821
427
9851
950
8303
3582
2458
6107
3559
162
1306
6792
7197
9935
2531
7693
3427
5159
2785
4117
9142
2518
4244
9085
4518
8130
5342
3498
7203
6530
3806
9980
918
8498
7210
7099
4737
7489
441
6703
8658
4082
7406
6957
5018
7702
4844
1203
5230
7532
1644
4616
8348
133
8631
3511
3632
6988
5736
2878
1558
4208
8897
9949
7179
6961
6873
9140
1609
1449
8437
198
5230
4029
9184
6249
2252
646
4725
5519
4673
5813
618
3595
8299
2890
1885
1786
9386
8693
4052
3296
3682
8825
9087
9524
8564
6800
1169
9422
1674
7393
3572
367
6581
2549
8880
1808
6676
4366
475
2819
3094
7750
7715
9355
1658
2113
3735
3204
2063
7526
56
5372
1331
3135
2920
4625
9391
7363
4297
9899
2536
1883
6362
7701
7241
5071
7228
3328
9484
7405
8009
5399
9182
4696
9511
4435
9510
3177
5162
5605
5499
8434
8477
1818
7059
5258
4045
1159
9095
9889
7244
5711
828
3211
3291
866
3751
3666
4131
689
1322
9515
5547
2329
4494
3631
4854
1772
7445
9330
6283
9596
8149
5372
5221
6909
3674
764
4521
8170
6748
400
8264
469
5188
1774
3002
2311
6152
7108
8844
5059
602
381
852
1281
1759
2962
1503
8507
3596
4795
7846
1806
5012
412
4849
9283
5669
3024
6335
5021
4979
6364
7113
8905
9769
9614
8105
6827
7999
1941
1977
8429
4357
207
7450
1341
2724
9213
1897
8267
2667
7939
3813
5622
6838
7178
2074
6712
1662
2448
7783
1529
4140
1140
5825
1755
3611
9788
4454
5010
323
2628
1060
6198
1542
1770
1432
7406
6523
2921
3147
2763
5478
5697
1327
1534
6265
2799
6658
1757
982
699
8573
5367
195
3562
6316
2188
8319
50
5259
5747
1886
9871
5462
1309
7551
282
6820
8349
6388
231
640
8302
8469
2697
9283
8136
1071
8852
138
3246
2091
2102
4999
459
9657
2103
6822
3518
9174
5605
4962
7605
5621
4508
1734
7997
6286
4637
9884
4644
7414
1637
3596
6309
2587
9963
9905
6452
7191
2712
7722
8607
4591
5655
6545
2491
459
1823
5254
6368
8559
2678
1678
4196
1636
2589
4891
6849
1056
1738
4712
5211
1760
6602
5647
9631
9540
6277
885
5221
2713
2788
758
6912
6565
2748
2308
9925
5528
6973
2459
9424
7187
5090
1120
4366
249
2102
7817
1112
2055
3416
9677
1646
4163
5326
456
5631
701
3197
3225
9971
4381
2992
3293
3002
1621
3160
6917
3526
2294
384
7876
2983
2707
8481
9692
5506
694
8361
7628
174
2878
8351
4758
1766
9849
2123
1805
6945
9869
7072
199
204
2146
6650
9593
1155
6684
6752
295
9028
3135
3744
7924
5433
6262
578
6224
1493
8239
7742
6490
6450
9764
8293
7161
3600
126
10000
641
432
5949
9923
4453
2092
192
1614
3625
3489
2691
8789
9994
9785
1962
6971
1640
4623
5004
3153
7841
2197
8027
7660
6291
762
1215
8063
9587
2395
6665
7580
8690
1361
2049
629
6932
3582
6981
1648
6384
2727
4385
5903
9507
1915
7831
504
1771
6968
831
8411
8887
2194
7068
6490
9778
4955
3681
8783
2670
9134
3624
4073
8356
7567
1843
6589
9887
4002
5580
6561
7199
3906
3806
1771
6261
3302
7867
441
7595
1604
8687
8229
3562
993
2105
2078
9788
8065
239
87
5591
4546
5524
8413
8376
1349
9687
4591
4701
1511
2389
1863
2808
5442
2579
2693
1107
693
9109
4385
4523
1309
9838
128
7844
435
2884
4861
4554
7043
5703
7018
669
2932
2744
4815
4190
1080
1286
608
549
6472
9638
5936
1977
6109
4951
2832
8040
2630
3060
455
2421
9226
4793
7291
4899
2655
3546
5092
3085
5152
251
3875
1155
4785
5304
9111
8726
8935
4449
2950
8475
1191
3797
618
8127
7452
9263
1859
8366
6974
5448
4436
8056
4728
9461
9254
3674
5388
4297
9014
8540
4007
3677
3173
6644
6653
6209
5212
6716
61
4785
6935
7296
8150
2257
9266
9691
6206
8209
1970
1879
2175
5337
8934
3501
9334
8307
444
295
9980
4999
7789
8616
3038
153
8667
9315
3994
6609
116
9395
6114
9778
6886
3595
1795
5144
8646
5342
5392
2200
1471
2382
3042
4719
9420
2716
2283
7408
9380
2357
2987
4147
608
928
5516
2459
2335
8055
4818
5641
6561
7426
9211
9703
1121
7404
250
1193
2561
1295
1524
2334
8124
7866
5015
5499
7478
5909
772
4597
2028
4708
9777
1970
3227
5819
6593
3057
3949
4987
9298
497
8903
5571
9163
3904
6504
233
2225
6489
3296
5179
9830
5604
6691
5643
2523
9860
3803
239
4253
4147
2062
4278
727
9410
5209
2866
5480
5914
3893
8094
4553
9229
7664
6928
1627
7041
9795
8132
439
2836
20
6650
8865
6865
6639
5423
7302
5467
7991
1559
4706
6292
687
5624
9154
875
7342
7189
8898
9664
6375
5976
4746
4401
6019
3379
7986
5465
4349
5153
7091
8362
8151
7090
2444
4
1207
843
5071
772
4734
7560
4405
8734
3597
4847
2650
1309
5778
1240
1478
2902
7282
9789
2172
2408
9697
5806
7967
9992
6597
2474
9818
8925
29
9680
6485
2321
4743
3016
7749
3999
858
8894
3311
1741
6997
1303
6052
4446
1215
9549
6934
559
8997
6450
8228
7720
1702
3142
1724
8112
9475
5735
6660
9765
5209
4408
2810
9861
1222
1903
8512
270
1982
5289
2367
3846
254
6687
747
2896
1018
6958
2175
5545
333
5662
3424
9081
1938
2964
8688
611
4907
4854
2910
1682
4988
294
96
2860
3778
2582
7105
4155
6089
5899
7109
9320
5613
6943
5567
762
8342
5289
395
7430
5014
9474
4171
4712
8959
9283
7703
4446
4313
7360
8973
4580
7024
5614
5516
2139
2819
2553
9841
258
2191
2034
8159
6713
3084
1068
6731
7465
6416
7148
5983
297
7952
8710
1674
3830
9837
9765
8170
8430
1573
8752
8227
2001
9121
8135
9161
8981
929
1696
8059
1732
3482
7891
8303
3995
4128
6960
9957
6281
3469
2402
1872
6115
7200
2225
7440
6046
5726
5263
4113
151
5378
6621
8876
9729
6477
1606
8590
4142
9634
9443
902
521
493
6755
4921
6238
3249
5932
951
2065
7338
2289
1139
6493
9833
9356
8818
7134
79
1559
5823
5323
8371
306
6255
720
7551
895
4868
7722
9851
7968
7822
2983
6388
5415
4947
5955
4449
3786
7630
6469
9752
9270
8008
1101
5036
4970
7901
9099
1969
106
8698
9760
3382
6010
3853
3841
6371
6919
9010
3649
4944
4507
9861
5172
9180
9687
288
7717
1119
4976
6300
787
5786
6918
3481
5391
3963
1524
2551
9413
6369
5411
8055
8366
7561
4007
5402
3224
645
9247
803
3722
8520
3103
9116
214
1499
4475
6357
7932
8964
8196
1855
9917
463
4667
3488
240
2033
9938
9701
3445
9999
7385
330
6027
2049
2781
7176
2075
3523
58
3213
3037
1136
973
4067
817
9362
2579
3674
638
8123
1893
764
3710
9126
9179
4666
5805
732
9031
7542
2463
8400
1601
4828
2864
5675
2510
5436
2556
157
1134
7888
4475
5125
6598
2553
1883
4080
7515
7320
4598
6072
2549
9481
6401
8037
3692
5788
7104
5323
7607
2721
7848
3182
5155
1435
4037
8864
303
1883
5423
6578
6870
6867
7199
6026
1537
5443
2808
56
5072
9748
4666
7603
6233
373
5489
9885
6538
2976
9051
6693
9328
8484
5834
4678
5303
3195
8534
1276
9894
3393
4399
6089
3111
6081
548
8696
1053
8733
8584
7868
7506
1867
5680
618
7457
7880
2106
4427
908
6675
6981
600
6127
8788
1784
9077
2730
165
839
7569
1926
8597
4357
829
8165
3278
1315
39
3020
4617
4958
5825
812
28
8871
4250
7234
8948
5943
7410
2209
2118
5133
9862
9713
2317
6342
2899
3594
2814
9955
3836
4640
863
8479
856
8290
2398
2355
420
3537
9558
3615
3320
7437
2301
7572
9666
8564
404
7814
7892
7945
5786
1070
6768
5807
4857
7672
1826
3758
6320
8970
9906
8867
2626
4219
5248
4603
791
3661
9310
3760
8793
8915
5144
9168
9764
96
5907
9540
3102
3630
1519
8819
5635
5921
5969
8974
5170
5500
4472
3357
9693
6464
4945
898
6392
441
4716
2113
3919
2212
2245
4375
1200
2518
7198
1017
8464
4115
2122
7726
3765
3674
11
1785
9374
4942
4351
5898
896
1515
8623
6312
3190
8626
2913
4465
7850
8521
2806
9822
2101
2662
5142
5620
5402
4675
7796
2516
4351
6758
8908
2545
3551
4700
2679
5123
9401
2335
8310
8890
4890
3512
1180
5494
8447
3819
2549
8288
1574
5634
7665
5102
2930
5986
3366
6689
7958
8020
7738
1240
2698
6680
6362
8932
4403
605
739
488
5382
3237
374
9085
649
3482
7748
6840
2187
9623
4473
8229
4221
6471
9560
591
5677
5907
9674
6014
2618
1385
5536
1652
3508
9587
1827
2049
6696
5038
9084
3275
7583
4146
9943
9188
1939
3716
4742
4704
5915
6908
1493
6495
8235
4110
2696
2525
6075
1205
2113
3012
6888
7425
5437
1483
3538
605
9966
4607
8380
2462
2760
1436
3879
6857
5517
3231
1285
2724
7696
1768
9917
8377
1691
29
8245
430
6695
5027
4123
5818
175
7502
8409
377
2819
8399
1966
1447
8047
9900
9881
1939
1325
104
1184
3284
9602
7556
1809
3968
5488
1579
577
1911
2998
375
9747
9737
4722
4338
5538
8344
4106
9202
9569
2772
5784
9560
3042
9918
5008
6711
956
3953
6565
2050
9705
3968
5672
7785
3127
7019
7329
7757
3180
3392
5833
4471
4727
5664
7585
1432
2123
1262
5184
2063
9304
2061
4476
7677
2830
799
2313
7050
3494
9454
1554
3033
4946
3343
2958
1034
5056
7489
3693
9842
6221
3625
3660
2782
951
4722
5344
7956
783
300
9077
3605
7249
8773
2803
1777
7805
3025
5023
10
5829
4408
2094
1928
9268
8990
3107
3175
3392
3453
3834
9601
166
3633
5485
6108
3333
7212
4284
1503
9110
2073
7043
9296
1696
7561
7782
3466
9166
1385
5188
9789
5253
8760
4017
6481
4858
7099
7347
7186
7597
2137
6529
7943
7463
1782
5499
146
9710
6483
2457
6022
3128
5573
7867
8581
9822
6593
5380
5157
1517
335
8892
9740
8296
1887
6259
1955
3226
7908
9315
123
7794
7105
6981
1477
3506
7449
2039
1702
4786
1701
2630
1568
2120
1020
4125
3383
1400
1781
4034
711
2969
447
7391
1221
4691
1365
6827
9736
7045
857
1953
1653
8851
835
7629
7703
8339
4257
4179
3518
6528
4836
7058
4376
8427
5991
2704
4219
2322
9165
470
4016
4294
6063
1033
6718
1333
2776
3129
738
9989
611
9030
6859
9297
5928
5478
4457
5493
3302
1766
5854
7938
9773
9080
6049
2047
5588
1625
8597
7555
3763
3232
8894
4363
778
6680
4218
1174
8560
2099
1912
5287
2493
3332
4504
9301
5906
4321
8315
9270
9169
254
8053
7756
7120
7273
6585
2071
9310
7944
2403
5332
1880
2354
6261
1404
84
6177
6156
9081
273
3106
1200
9144
8057
1525
4716
6887
6201
4828
5398
2104
618
1576
5082
1434
8841
2925
130
6462
6641
7441
4460
9155
6764
9339
7950
2737
4309
2066
6319
3881
4609
3669
1765
5898
7258
3494
1290
6148
6231
5487
8287
9413
7629
5988
9389
5635
5177
2062
3222
3639
2660
2739
1834
1038
5563
4360
8035
7250
9294
9104
1100
6582
9262
827
1381
207
1786
9468
8794
1428
45
1070
8654
3231
5700
3596
4207
6354
9406
647
4201
7138
7871
6272
2808
269
2291
5601
8948
5885
5973
3832
7503
9701
4743
6432
5309
2539
9069
748
4204
9242
5723
3900
2085
3724
7479
6815
6205
9502
3687
2844
6217
9298
7065
8574
8287
222
6380
2459
6811
7874
8053
1909
3721
1576
8283
7048
5590
5487
7367
4540
1800
9541
7738
4955
5623
2071
2339
540
6637
8132
2622
1945
4323
2838
7570
2472
2596
4051
8593
7125
1164
1400
516
6689
6541
1664
2825
8518
493
7316
8284
6542
3184
7398
9222
5580
6219
6010
9294
9739
6643
4881
1240
4877
4235
6796
4857
2417
1995
7493
5710
7698
1931
4459
1165
1729
3492
2747
9535
1056
5129
929
8857
1035
8565
3157
3584
982
6265
722
6681
5329
2752
6498
7090
652
9132
8755
7985
9234
3432
1290
4315
9173
6795
1092
7508
8081
4608
6486
8715
4239
7890
5702
7856
8474
1476
1886
5866
3475
2974
4
4434
9979
4087
2152
3726
6004
264
1701
5251
3643
6950
1296
628
9124
7508
6436
6030
1924
1490
4449
6835
4627
5005
796
9485
2393
3891
8052
9467
3679
4509
8395
4885
1188
2169
3380
30
634
8939
8339
8286
3036
3485
9384
522
4330
3635
7436
6853
9941
9664
6070
9177
5979
2063
5084
2686
9094
8016
1023
6492
6442
7711
1462
5823
1093
4266
3615
3557
4085
5147
1111
5275
751
7008
360
4843
37
7819
9427
7451
4558
4626
7553
768
3554
4805
1731
4582
3510
1392
5888
4361
1257
5348
2258
5688
3190
7181
5983
27
3362
7586
3371
7706
8619
9257
7517
4261
4800
862
2943
2620
7979
7850
6306
7635
4304
6399
3565
140
5229
8774
4975
9026
3866
2539
1591
4301
3098
1101
3128
9532
7803
4207
2349
4966
3330
6192
2807
6220
7669
2803
2215
5672
5730
8814
8128
4617
4939
7878
5754
1208
3817
1157
6702
7803
6359
547
4052
175
6833
7527
2008
7156
495
1448
9267
2164
6488
9345
7666
4557
4285
4020
1548
7850
5202
7637
4794
2361
2583
1185
7195
5007
3854
9758
3646
3555
2226
2780
2484
5114
4197
4698
8355
3509
6069
5113
9475
5963
9308
3611
1933
2077
8191
1142
2905
8479
627
7033
3930
2229
9459
8595
2128
1323
5549
733
9459
3276
3162
553
4884
5610
1269
7005
5135
8208
9197
8710
4389
3472
6373
4073
4551
2470
1490
1028
6341
9122
9821
2664
2050
861
1050
8209
3462
3685
1958
7008
1913
9535
234
9270
4099
4435
5013
2378
9163
5188
5447
8720
6610
8385
1188
2994
2125
5121
2618
8975
2093
3890
4049
3177
7092
4927
7960
3523
8363
8343
4031
9371
9277
2246
5511
8712
2288
8680
3033
8207
3774
9442
8771
3796
126
6191
5666
2959
9159
4186
5290
2251
7311
5354
1460
9397
2778
1368
7228
4201
8055
4256
5542
7191
8742
1639
1121
4804
1536
7948
3409
3564
855
2735
3626
2654
2113
2819
7240
1227
5049
6489
219
8190
7576
2448
585
728
8741
420
6078
5859
6582
4490
4510
4639
7571
1008
2687
4938
4157
6118
3927
9679
2142
9213
168
8134
1025
2884
4248
9099
1324
5093
7908
4881
7224
9992
8027
2502
3255
5489
7504
9807
8478
7806
6097
7116
8715
8002
1716
2261
4068
9645
3142
8135
2947
7080
8721
9893
5715
5960
1684
8508
2115
1263
8612
5227
4616
1912
9233
6867
8645
3903
4810
5116
920
196
5945
3583
8421
7631
6687
5748
2414
5820
6662
2573
4653
697
6732
4325
2181
7102
7985
2179
73
5840
9520
875
8026
6059
7049
128
3963
431
9475
9880
7122
5942
7745
1312
9845
3863
4286
117
808
9264
1957
5031
7257
7301
4416
6915
8345
2034
3852
5763
6925
5680
318
2438
3574
8662
6166
2713
5667
2966
9670
6945
8795
3909
1310
7885
1809
8523
7679
8640
5722
6437
288
2795
1202
631
5327
624
4948
1565
1883
8010
9868
6321
6146
1791
4246
8903
722
3787
2429
2232
1504
7331
3387
9855
3218
7079
3643
7705
600
9838
2479
7398
3231
174
5387
1260
7824
2148
498
5388
5855
6417
7136
505
9050
8077
7470
59
2907
2050
8823
2697
3969
2090
7312
1210
4657
7538
3618
2262
5125
1900
7274
8138
2351
504
3730
113
8491
9534
5929
5232
5885
3618
5404
6146
8479
2958
1472
4445
490
3118
5102
8552
5883
9871
7851
9849
8820
3289
1795
6978
7393
4074
8207
6448
8188
19
8394
8790
2339
8400
2636
8496
8334
8303
952
1950
5483
2388
3802
9595
9119
1626
1679
7789
5687
89
9603
1831
854
8849
8263
1007
5767
9430
9960
9083
8392
9368
3991
7105
8555
8203
5974
8394
7575
9225
9066
8734
1856
3399
4944
39
2834
8718
9754
4907
5169
1118
5370
9326
3086
6563
8166
4552
4321
7136
1775
3386
2312
641
2436
8316
7488
4032
1143
5132
2863
6298
8565
3611
3270
8272
8569
6934
3354
9262
638
9884
7223
618
1695
7962
9347
985
6189
8577
6668
9281
8780
1770
851
8928
2465
8765
9565
3868
7665
2103
5115
1231
6269
1423
4257
243
9779
6154
3380
2251
7837
4909
5662
418
3653
4666
8403
2042
494
5380
2174
384
1084
4804
4272
2650
7042
501
2937
4955
2443
9664
3388
4560
9504
5198
2335
4762
9912
8313
3108
734
9253
2996
808
4200
7635
3718
8031
9379
6722
8819
5892
849
6773
2554
8086
8974
4660
7049
488
5751
6598
9187
695
1967
7610
6128
4499
9713
709
8705
1124
2422
6579
515
7654
3084
7961
6003
2559
7912
9183
7906
937
4423
674
4489
2824
5295
8677
7450
7936
561
4853
4162
7256
8867
75
8625
3308
329
6194
5351
9607
8034
4687
7797
8903
5163
3180
6531
8509
7121
6185
1637
7290
5993
7235
4593
382
2546
5920
1558
3256
4095
1427
2815
4495
9128
7190
1021
3913
8093
1
7083
7181
2510
136
3091
3283
6646
763
1664
7216
398
5948
3718
3356
4087
3408
7942
9153
5698
6845
8443
1087
4688
270
7557
8940
1360
4227
6215
5323
544
4086
3386
6026
8930
786
5405
4618
3867
1926
4514
1183
6745
2945
8721
2434
2113
1880
7273
8405
8687
5159
6380
3563
5356
1128
8724
4252
4807
1029
5136
1961
9838
744
3543
784
2016
5020
679
6339
5997
7661
3416
6356
3375
6877
9876
1784
6813
7973
2479
499
5119
5105
6112
7610
3336
8064
7125
2450
2318
4528
8579
8751
5316
5289
4950
7477
223
7081
5159
5629
8549
1080
5118
9514
2451
6164
2773
7681
6391
1393
1390
3470
4445
7976
9429
5526
901
4590
9444
781
4418
2665
6464
2116
450
1864
5248
4217
8435
2127
6509
9267
258
4913
2079
3857
2586
7584
2571
9831
2068
2947
6390
1241
1726
3342
6635
8213
5898
2864
5634
9823
3689
1135
386
4528
9492
9410
6952
2323
3774
2128
4390
7711
311
5210
2148
6189
7895
7656
3474
8971
141
2954
1474
6837
4836
6025
567
1037
7494
6486
9200
4334
5971
4289
8768
2954
4919
7876
3729
4339
991
9615
5011
4708
1651
4098
3518
1865
3625
3541
6414
734
9930
8435
103
4543
7343
410
8909
9684
691
3231
9682
2845
7372
8019
42
4783
3299
8243
791
6700
244
6071
4751
9272
9867
8226
6988
3772
5916
4243
7423
9760
6590
1473
5514
5317
8972
3212
3967
6946
6046
4937
6016
2290
899
4361
5299
7293
3972
3355
9586
9083
2095
8551
3414
516
7965
5269
9315
4346
411
3919
6963
2338
6584
2283
6687
117
7079
2045
3872
9687
1047
755
9693
8125
5673
5255
4601
6441
8171
1365
3574
5031
1581
1086
6441
9841
8146
3170
3367
9879
8215
5961
801
1308
7488
3677
6612
1644
6848
5136
1101
1284
2494
3936
5399
9463
1894
1941
5308
2229
52
5062
4121
6515
5095
736
4403
920
758
8585
9069
9566
7329
6132
5038
5235
3184
8727
4638
9134
3610
2497
6384
7041
4863
2199
840
6315
1345
8461
4598
7235
2706
9073
2410
9915
641
7369
2989
9389
6040
7340
5464
7661
2834
3783
6632
601
2882
1972
1759
2535
254
5568
4206
7402
9606
5973
6577
8953
9625
4430
8639
4261
4604
2544
7440
2518
3157
4444
166
8193
10
1337
8972
7743
215
2200
4127
189
2342
3451
9807
521
6986
2118
6264
117
7533
9239
622
9728
8599
3087
4836
52
1816
570
3443
2507
694
630
1847
581
1362
8377
4253
876
8662
1720
2239
436
8375
4476
5802
5116
8528
9020
8012
5322
6970
2167
8631
5171
257
3303
9473
2921
1200
9857
4280
5742
3621
2602
3223
9330
4889
7120
6142
2458
9062
9175
1393
483
7255
1506
8671
4873
5160
2755
5553
3125
163
5351
8728
6662
4660
8489
481
2131
3680
225
900
7999
4705
6547
1841
9097
9220
3384
1985
3455
2847
3832
6846
7665
8998
6150
8220
6487
795
1729
2364
1075
2596
6695
7434
4494
5458
6415
6843
4288
3632
5215
5812
1364
4598
5015
7608
2853
9591
7229
6221
5015
1710
3408
3100
4763
732
210
9973
83
3000
4033
9873
3414
2888
4851
6280
8759
6892
761
9023
9079
1042
8200
9142
8411
9314
3072
6364
7785
8323
6034
8843
6604
3828
9463
4105
1046
9130
3714
7944
8866
7816
6894
3248
5077
3939
8086
3139
4397
7750
1134
7875
5540
6780
6806
2436
8890
6203
3570
1065
2058
350
2910
1370
302
528
1025
2177
954
3082
1065
1578
5811
3756
6838
2312
6514
2813
4286
2531
911
9982
2583
27
6161
563
1024
2274
2025
3733
3353
3087
7778
3814
8999
7019
8845
4321
3371
5803
9988
792
6816
8250
5522
1240
9982
3272
9219
4748
1181
5336
2952
3090
8911
9009
5756
6563
6647
4493
7677
6071
9926
8027
8869
372
4671
1518
3057
731
8687
4557
5570
8267
7695
8679
364
1012
4744
5856
9849
3512
1381
2450
1255
7472
5454
2499
7566
3828
1969
722
7775
8297
7104
9594
9639
54
1340
5029
5163
3535
2164
2657
9754
4932
4212
7402
7322
7998
7837
3083
2449
5021
7389
2681
9068
1212
2328
3854
1774
1318
3120
84
6014
5486
1433
7409
4120
5476
8846
5004
1088
3337
1534
8879
2377
713
4511
3355
7828
222
2231
3150
1081
5133
8945
9228
5862
109
6376
1496
5358
6206
9465
5678
2537
859
7523
3539
3130
5425
6715
6051
121
8369
6615
8696
6687
6576
2708
3466
9337
3145
9110
2603
4569
9645
6401
5205
96
3946
1312
5661
9781
2603
9296
9245
1727
8855
7111
1673
1437
6139
8709
3019
7703
6407
1271
7053
2895
1698
4580
351
8741
361
9845
9865
8904
5960
9874
445
3709
4746
1622
6871
8182
4466
554
3311
8580
9872
3845
139
8696
7050
409
5009
3633
9905
5713
9295
4174
3466
5293
890
4052
3145
1769
8371
5737
7196
6052
2246
2788
1850
6289
3063
1300
8212
1301
9762
3283
6738
9849
2436
8789
3319
5355
4534
5409
6838
7673
3794
6945
8756
5099
4702
4636
1834
6076
2630
3728
9299
2887
3330
6580
6037
8494
1261
2617
1757
1421
3944
7688
8320
1977
7093
1884
4532
1271
2380
8143
7180
4943
8871
1112
2964
6749
1292
4473
4275
1760
2762
2612
5433
3389
5687
3290
7212
8778
6161
8346
4644
843
8967
1980
745
7465
944
5104
4279
518
4535
1140
6998
8424
4185
5590
3930
5981
9691
2360
5961
136
9164
561
4276
3668
5462
2507
1804
5272
8153
9693
4135
2443
3218
1180
8736
8031
1385
9115
4968
5932
6312
7489
2126
3553
5500
6305
7227
2254
1962
6749
4254
9753
9566
9602
9804
8857
7953
523
7976
8400
1709
1108
9027
1736
483
3564
3494
3027
1868
4568
8434
350
4794
9392
8087
280
5691
1943
1537
8660
9149
9965
156
163
3386
3740
1082
9141
4658
9857
454
4679
1048
9719
8972
1159
3532
9724
5943
3996
6095
4708
8446
908
5746
9120
293
3102
4176
5983
8322
5418
850
9539
1855
8070
1115
1050
6649
3995
8467
602
1059
823
4478
1678
1627
4542
7774
7906
4002
3475
2598
6915
3721
7047
1155
2232
5472
54
8971
8409
4357
998
3776
3462
3541
4368
1429
612
766
1420
1962
4164
1457
1460
5810
5661
2785
7054
5326
2073
8626
5697
1407
4983
472
3079
8871
3921
4995
323
4410
8722
9103
4602
9852
9775
1117
8210
2473
6041
4770
2218
1956
9862
8695
4120
8174
6985
3756
8160
8420
3400
9161
3572
2169
8901
7972
2203
5271
1576
7706
1080
9956
9049
3634
9114
4528
6071
9071
223
71
3125
5389
7367
2006
704
25
45
2064
9444
4197
2652
1833
4403
2436
2124
4542
4187
9742
4222
432
593
7148
5276
5930
9582
2968
1789
4113
9543
8928
5656
7437
3064
4576
2112
5994
7839
5599
8579
2395
7896
7079
8656
5501
3050
3841
7189
2914
9737
7015
9970
4195
5119
7733
9706
1007
8815
9356
3709
3627
1036
6740
4316
3717
2015
8436
386
9259
1357
4392
2654
601
690
1141
183
2448
3130
5571
9076
5109
8627
4100
8394
2379
3820
2269
3770
4917
9838
7538
4056
2835
7322
6352
9711
9216
732
8936
892
3171
3053
2352
3848
2120
4785
2731
5266
9812
530
1020
1591
2129
9622
8154
4742
9982
450
411
1785
8027
8164
3402
8961
3996
5957
7777
7589
5631
3364
1667
4164
9603
9930
8776
7247
163
4862
9847
5101
6460
6076
5622
6536
4942
4172
9501
3814
6215
9531
2931
1315
111
1091
2302
4871
246
9037
5686
6424
9620
2971
4203
9617
9061
7927
2823
8997
196
1152
5452
430
1161
9765
3487
1345
8646
1744
8460
3778
2634
8212
2322
9630
743
599
1434
9493
2675
2404
3654
269
5979
4175
8428
8463
5121
6058
9455
3618
9384
5362
751
1733
7625
9925
213
1434
7762
8426
1501
3834
5962
5800
4081
5795
9399
8959
2912
9817
2842
3247
4386
8455
487
9164
7969
4877
4381
7518
7957
6024
480
4518
3089
4639
8940
1805
9561
3935
7177
6771
7696
