9561
9479
566
849
8355
7360
6698
3082
6060
6069
5813
1584
4307
3936
7231
9949
9494
5442
4449
2683
360
275
4649
3185
3801
8918
5258
5606
2362
239
3252
1367
5103
9987
6745
1819
8936
7968
7345
9066
7629
7898
3538
9810
9620
1612
7541
7152
4615
5304
4901
9249
5009
8316
3540
8829
8998
4611
5678
9204
7238
4867
2219
3247
6996
1661
9080
2682
9114
3096
9574
7063
5043
5178
6515
5880
3119
2079
5119
9342
6233
754
8204
7260
9077
1915
7448
588
6530
2731
2267
8755
1063
5224
8540
2449
2105
8806
4230
7170
319
3624
1719
6728
830
9546
254
7295
212
2557
8134
1572
1838
6915
3856
432
9901
1515
363
3443
6153
7425
1132
3373
309
4487
7660
7400
9021
7557
8625
7054
4728
2256
6609
3164
1021
4479
8748
1276
5850
3930
5149
1439
9598
2591
6061
4198
181
5580
1406
568
336
1612
959
6351
5083
9835
9342
9946
2325
4447
2508
5913
6242
8003
7095
2567
4231
5262
49
355
4088
1112
7238
2409
998
1818
2316
2174
5208
4645
3098
6418
2125
9066
9632
7290
4338
5116
5811
513
4181
5251
1813
938
8027
3662
5193
9215
6106
2896
9836
3723
191
6854
1012
3060
8407
6726
158
4515
4107
4859
2083
5888
738
2844
3730
9353
766
7550
1924
5716
3918
4633
7536
3951
1218
1218
806
8501
6410
9597
6927
247
6592
7773
7236
4980
3576
4571
7988
2690
5264
4776
9547
8044
9321
8361
2968
2317
4888
2595
4277
6792
9186
5860
8179
960
3561
9978
1466
4168
669
862
8956
9887
6481
1286
2964
2317
6708
6811
4389
5240
1121
5409
9500
7558
962
5166
7154
2573
8949
4610
7033
4042
9952
7829
5735
1448
4412
294
5952
8819
1805
5102
4825
4050
7105
9367
7054
4725
9620
3308
7457
6585
7617
8521
2250
6213
4028
6670
9773
6349
117
4646
7116
8833
6501
8161
172
9433
7295
6065
9054
8847
1005
8157
7671
1996
7443
5863
1915
8042
1379
6124
4344
2537
5661
4671
2050
9668
729
31
4855
8372
6585
7547
4851
6749
3349
2670
5030
276
799
7540
1737
7503
7844
4045
6750
7875
8641
1349
1626
3817
4647
2949
105
5575
9670
3665
5380
3824
4429
8705
3085
6491
4838
5386
9148
768
8244
3042
6464
7959
6535
3930
8408
930
6334
3912
5305
8510
7979
6289
3081
2330
4576
2322
2775
9578
1120
8187
3793
3647
3184
774
4574
1665
4421
2920
8946
9218
4420
6397
9297
3263
996
2379
1896
6785
3738
3561
7951
2332
8086
6330
4003
8236
3423
8786
9260
5027
6900
9488
7426
7511
8694
9356
7536
9791
2917
6225
6707
3675
3952
1748
9578
3541
4767
8936
1865
9607
1271
281
3508
3592
9177
8832
7616
4365
5427
2368
8336
3900
2847
6379
1506
3164
9262
951
1422
2044
2510
4204
2502
3427
2465
2401
6107
3365
3728
7679
617
1441
8509
4298
7789
1328
5230
8454
3381
7682
6104
3946
9974
3924
4738
6195
3169
8377
5976
5881
5386
9850
9890
8408
4546
4118
5248
462
1083
9953
1283
9374
6798
9151
774
3059
7980
89
1060
3507
1732
1469
6698
920
9716
6494
498
8988
2416
4815
5588
1387
5022
604
1997
9186
8221
5229
6819
8756
1400
4922
1318
1166
1083
2118
532
2153
3792
6227
8587
9042
7176
5071
9170
1630
1055
8179
6272
2104
3774
2974
4309
4278
3982
7978
8116
5625
4728
2845
7654
9869
2292
7031
6991
6583
307
5518
2021
1944
5798
6451
6255
7422
7027
4752
478
7723
8231
8355
5981
382
1959
1084
6359
5443
1865
9559
9780
8993
4639
2918
2089
8242
7010
2774
9025
5690
4127
4155
7205
4554
6593
1221
7024
2723
9105
2144
3333
5381
3925
5255
9239
2012
7722
6933
7863
4477
4546
3459
4733
2546
1909
4762
1922
4694
5734
3095
1705
6051
8602
2223
6157
6587
8849
6822
3079
2074
8369
2992
127
8705
1980
3131
3190
2560
7242
3429
4406
4194
8335
183
5798
1319
1506
6069
3758
649
5882
9144
6452
4956
8008
9159
1513
2994
9648
9260
2030
7037
8744
5914
7023
5240
2347
2131
619
6657
1384
6215
3913
4362
9705
3919
4748
3800
2152
2241
5327
8175
906
9457
6746
539
7071
4016
5147
1010
5103
5200
7825
5809
7049
7346
2212
248
4786
1294
1418
3217
5377
6158
6464
9427
1021
5580
867
6701
4374
1402
3106
6606
4733
9445
3552
3401
9226
6060
1071
7843
3635
9475
6359
8050
8960
5094
9673
256
3404
8378
83
6725
9992
7154
8622
768
5404
6097
4356
4195
7906
1626
450
5931
9665
8272
6732
2948
9044
403
2467
7881
8947
4029
9092
1109
5970
676
2334
1900
63
4054
5002
2811
6517
525
5175
5278
4032
9149
1267
4269
4599
3729
9737
5719
5165
4400
4375
9510
7992
6476
1624
5946
1279
3510
231
7052
9775
6379
5698
2505
4424
4645
4230
2695
2194
7507
9525
8213
6216
280
3023
8400
9728
5479
5690
6864
2472
7122
3651
8471
4618
6634
5561
5347
4609
9523
7549
4199
5054
8979
7471
6531
9589
1172
5980
6243
4547
9632
9675
3906
6163
7658
6962
3628
7983
3488
1470
6646
6493
4086
4989
9880
8081
4070
9118
5704
4050
6469
7836
8963
6704
6675
4009
403
4548
1144
9423
3625
6051
7332
1787
8336
3257
805
5998
4024
9192
4447
945
185
304
4935
7142
513
3299
4785
8976
9706
8751
6389
5751
2230
6123
1660
3032
8302
5682
7263
4654
2794
5037
5732
2418
8455
9812
1813
2422
8114
7219
2250
5860
2382
8629
5875
5109
1617
4058
4730
3618
1799
1982
7003
9250
8440
6153
7911
1336
2100
7038
15
840
7789
1970
1849
3955
8369
105
8775
3049
5711
4726
1218
9584
1759
8050
8790
4540
9602
629
1478
4838
748
8079
5266
7989
2865
273
8904
2084
4170
1257
5869
4640
1981
392
3377
7836
1540
2284
6187
6351
8044
6451
8499
1554
9221
289
1190
1037
7751
5047
9215
9749
9523
6142
3514
9572
7326
1961
5532
204
175
6389
7194
8611
7533
1369
7380
9813
6769
4807
2950
638
6254
9618
1149
8209
8978
3523
8459
1558
3007
5665
8796
5358
894
9299
5716
7790
2298
3348
903
1868
4371
4111
6568
8336
3342
9256
6532
3449
1848
9561
6568
430
6847
3780
4211
7656
2232
2684
5403
9047
862
8341
7206
1774
6618
6212
7097
5372
3137
5026
2378
4554
4061
1067
2321
3444
3937
5633
7468
2591
5547
3379
2267
1399
9599
9324
8309
1716
1511
1044
3005
4263
74
4222
6893
8340
1899
19
7950
3802
3138
1547
2684
2663
2570
2329
5175
8133
3090
4164
4836
8423
7665
9854
1732
8055
2946
5766
5272
5748
3219
721
79
9275
8865
4601
898
8382
5017
4703
6390
1577
2186
8148
7346
9838
4334
9718
8891
5077
8922
1626
704
8142
1415
5155
7370
6794
2201
7870
426
5620
8977
5465
3026
9973
7269
7916
8962
9350
5741
8245
5019
2551
2782
2618
256
6200
4003
9104
511
7831
1950
3239
2926
9574
6460
4675
1843
477
3675
9741
4445
6755
8805
476
3210
4179
2262
3830
6815
1347
6944
2967
6573
1737
7894
4193
8324
9676
5813
213
3662
9759
6521
7586
4762
9406
9070
6127
5898
1032
73
2055
7208
8473
7698
8870
305
286
2553
181
5860
9297
8990
1064
6642
6711
6574
4116
2365
8862
9037
7165
5438
330
2767
2397
2428
2161
6681
6799
1760
9019
6
9557
5831
6453
2816
6914
8765
2054
1318
7879
2493
1056
4919
1869
2135
2838
846
8190
5654
6533
2921
7753
9611
9997
425
3105
896
4749
6576
6083
3545
9636
6238
9967
4256
6448
993
5359
6465
2330
6243
1323
4615
6071
4799
1515
1902
3750
6521
4330
2009
3380
3086
1377
5891
4711
3256
16
9140
454
1152
2938
7894
9366
7592
2064
8393
325
1123
1118
5634
5937
6268
9481
7523
7438
1730
9105
9190
8283
808
7140
5195
5371
2679
7730
8067
7697
3020
7363
865
6807
305
62
1043
6528
9838
4676
6445
5863
8414
9697
8179
3317
719
8932
2790
7587
8651
1681
1940
4227
8442
8520
9930
2731
6229
8730
3766
5870
2246
8567
4428
4863
6560
3192
8129
4593
4296
7257
6668
7097
8750
8092
4076
6439
8638
558
6593
5275
4032
1191
2882
7500
8844
9867
7545
8802
8262
1649
6904
8692
7521
2765
7001
3899
4327
7309
6762
1361
6409
597
2070
8249
9130
2542
7645
1825
4980
3485
841
4332
5520
8513
1029
2877
41
2086
2664
8201
9387
2151
4824
5238
4909
9593
9501
386
4081
5282
6500
5304
8202
986
4612
8304
1707
1737
6165
1451
5454
1244
1869
3343
7832
6112
6084
6278
3968
9762
5953
6287
673
2498
5859
9559
7036
544
8078
2123
5955
1911
615
7727
4859
6049
7048
5939
4166
3219
5301
2461
2624
8109
3422
7211
6796
4655
7855
3304
37
8485
7495
7384
9201
4082
4263
6127
8722
2812
7585
9572
2543
174
1622
6454
2162
9483
922
8949
3540
9202
3390
1111
6755
2992
9399
8228
2564
4902
5504
7730
2640
5662
5188
5881
5555
4323
3872
3951
9944
5223
1065
3937
7661
6822
808
4133
4519
8454
2674
9162
8138
198
4975
5328
6310
8876
2018
8285
90
8332
2618
263
8129
9710
6577
7782
3971
2478
6646
8086
2686
3756
2706
2649
8663
69
220
1840
7848
5701
7574
6958
8883
5867
219
1024
4118
1185
3101
2747
9834
9647
6730
4212
4131
705
4528
1435
5322
8164
4009
7064
8145
9148
4270
2371
8897
4992
2730
6834
8634
9833
3767
2650
2502
2984
2176
9196
6343
502
940
1852
9684
3423
8064
2248
1957
9424
755
5008
5294
3376
7562
8543
2293
3017
4863
4797
6324
7744
3392
9406
4564
286
4219
5299
1830
8797
5966
5201
2845
1330
2758
6415
6829
6835
320
7780
6950
6820
5229
8538
9625
5834
4323
5415
8012
6770
7762
3092
6020
2360
5772
150
5338
7275
9108
4852
8727
2003
117
5531
3437
3954
5990
7558
8624
3237
5824
6299
6853
5840
4653
8095
200
7862
1671
1823
6718
4548
3424
783
514
2678
964
6966
2009
3807
4212
7047
8165
6318
2173
1375
5595
3662
7249
2161
6907
3583
2802
1807
7544
5041
5439
8324
270
5452
3287
2438
8285
2429
4095
4339
1381
3100
38
5004
6280
9997
9593
3320
9633
1043
1488
5300
6827
5939
364
4079
4925
3865
7612
7443
865
4653
6968
7883
6631
9775
7400
3936
8351
6124
5975
5936
7527
7088
4583
7874
4212
7409
9144
5298
1481
9060
2128
2110
456
4195
4011
8184
1721
3773
7697
238
4130
1487
7705
2992
1412
1121
2090
7031
1159
398
2394
421
7310
7584
5326
3339
391
7152
2425
5492
9880
2401
6880
4379
5338
4047
7020
5206
325
8199
2388
3509
4794
5941
7573
1187
3830
6211
4707
2433
7959
9635
6453
5348
1547
4789
7849
3159
4376
4479
3093
6163
2963
9217
8385
3077
666
232
8136
4233
1201
476
7807
2062
9207
3573
6279
3468
6554
1411
2674
1225
633
5630
9916
67
8785
2873
1602
314
3500
862
4953
4586
1673
8838
5836
7594
2404
7217
6952
7743
1856
9495
4562
804
9220
3058
8958
2078
726
5134
5487
6739
6410
3618
7599
5151
1448
5842
3522
5454
1583
2526
2648
6637
236
4163
4018
8737
1229
5146
8103
4082
9561
2542
4951
3054
2816
704
7770
6542
8364
4769
1822
6604
9344
5570
2631
5229
8537
8193
6270
7416
319
1373
111
4504
4897
175
8198
5473
7315
9660
7644
7469
6383
5250
7679
7827
2986
8049
1492
5323
9204
2184
8910
4841
7297
1514
512
2511
5956
8925
5646
5223
3798
5010
7138
8671
3464
6739
3468
2533
550
4047
6091
5092
4482
7698
4533
6911
5559
9498
3329
4420
7678
2960
7947
3244
1538
5460
5608
3055
2732
9977
5040
7102
4199
5502
2859
1690
8330
6817
3043
4062
5599
650
6149
9950
6851
4661
1206
5390
5816
6976
8826
2692
1050
9692
5344
8876
6043
9014
6017
7261
6343
9530
7511
9739
4162
2062
2013
4563
5565
6893
4651
9648
4054
86
5276
6576
2420
7422
1966
9040
4459
9525
6136
7239
2056
8813
9902
1499
5793
1605
8805
8648
9116
7682
3877
6318
588
1061
5553
7410
2940
134
451
3300
3722
9064
6903
8822
7556
7007
7634
2217
7583
5808
6443
4959
4476
8438
7997
1929
8596
5399
625
7899
8802
4341
4295
2705
1941
5347
4374
6535
6580
1939
7701
4510
4073
1846
6106
6798
7823
8208
3493
5463
6146
3890
101
7289
8994
4739
9217
518
5841
3966
6389
3604
7189
2028
2868
4119
4178
4165
9428
5139
5612
1284
5315
7610
7029
9570
5965
3715
8709
9794
9714
1147
6764
1586
2662
7765
8737
5919
3202
4859
3081
2653
2051
9493
9324
1851
8469
7486
7249
2550
5318
8153
7011
9335
554
3311
3707
4151
9861
9681
8319
6571
7744
8487
2140
6268
9836
1663
4453
3680
8542
4632
1381
3745
6464
5451
275
8155
2842
356
6252
6707
6072
920
208
7241
5085
110
5600
838
4733
7097
2253
4064
7196
2758
6208
561
7041
2362
4325
9942
7779
1848
7981
3979
4956
2800
1738
9863
3897
2063
8024
1051
4132
1151
346
9836
4887
6533
1472
3646
594
8428
78
9399
9615
1985
2873
1783
254
4754
5257
8832
4825
1745
4291
1598
336
3877
8323
815
9738
8411
9941
5952
3082
7704
1486
5225
8322
5367
7651
1794
8616
1508
3331
5930
9175
1199
2796
7721
2471
3935
1805
9906
7873
3791
9945
8860
3206
752
7167
6363
2647
87
2864
9324
6813
6688
6972
2701
8798
4723
9271
6111
6813
8719
9815
7143
9443
4124
3155
2603
3703
8950
3270
2460
914
7199
9326
4238
1535
7627
8486
4071
4733
3740
5355
6607
9249
3337
9630
6130
4585
8435
2391
5475
9114
8343
8607
5297
6451
7808
2455
9650
8005
4881
5987
9469
137
2739
8779
474
6980
2980
2445
498
2849
3663
6531
8128
5991
1534
5245
9270
2350
6977
2207
3023
5431
8328
5383
1920
5743
527
7325
5579
3336
6271
3568
4918
5865
7997
1920
9638
8488
1885
9107
2679
8463
2133
8618
8647
5592
6796
7548
6357
3352
7700
9035
5359
8595
3615
4480
6801
3183
7890
7960
2058
4008
8818
5159
360
8086
1827
4682
9035
7651
7446
169
2483
1150
9807
2142
1607
7131
7812
7168
5321
8896
6001
374
8359
68
9939
5805
6274
2378
8620
3617
5752
588
6737
8423
6152
8079
5696
5557
8324
1847
3925
8039
7398
9107
7291
6714
6370
2262
7742
8179
2320
3747
4322
7344
751
1242
9235
7686
4085
1675
40
1525
8890
842
8502
1797
8026
2270
7046
7705
5184
2411
4959
2448
9706
4601
5729
3212
4351
9000
8877
8295
9477
9904
149
2894
912
8374
1451
7927
1929
2010
3244
8932
2494
1896
7823
2588
5798
4773
7068
4943
2274
1295
8407
2262
2539
5781
9479
3621
3233
3425
4564
9151
5781
5500
3147
3401
4521
8053
9024
8149
2173
9338
3030
3265
4724
1013
5162
9469
1181
9678
4090
2512
5413
960
3340
7623
2989
7393
2826
7525
7194
5767
4612
2255
1040
5117
3448
8439
1136
871
3346
5480
7380
6321
2561
788
6655
1162
7853
6245
9028
4382
4598
6397
1061
8511
5942
6900
686
2813
1502
3259
3831
9299
4689
5632
4211
4118
693
6782
4864
2051
7540
201
8838
5406
8362
5001
1327
4809
2168
5499
96
6876
7948
5610
3500
6757
3935
9668
9045
4339
8048
2450
9288
6684
6
6427
3799
6476
1162
3444
9392
5707
5079
6747
1164
1374
4041
3553
4695
5494
823
2878
8148
7480
6310
497
6612
930
2082
2534
9889
3501
3118
989
4184
7886
3432
4220
1151
1586
1100
8325
8493
4698
5731
3913
6889
2254
3491
7251
3454
9947
4660
1
4854
8675
1780
4416
5572
8807
147
7192
816
7076
9386
6354
231
2764
4723
8977
4335
2477
7468
7340
9833
6190
7680
8807
1941
375
8202
6240
8698
8436
1219
2725
8504
5549
7865
9068
150
2508
736
2270
3885
9158
2177
4912
4260
9530
6768
4129
886
2668
1238
9923
2956
1781
314
1549
5960
4993
5826
7205
1915
5977
5879
9778
4149
2179
2261
7093
8053
2978
8247
9316
3814
949
9245
2536
9909
3958
4997
4499
736
3567
883
4862
1138
6083
5383
9209
8192
6158
7944
3980
8120
6208
8300
8739
6705
9021
136
9332
4870
5043
2333
3190
5563
3605
77
3414
1603
9926
915
7204
7630
9992
7342
7279
6187
8958
8430
5060
9655
5756
4102
2921
6229
5542
3112
4729
4179
8713
1226
724
5047
5464
313
4455
1291
1930
7738
189
2072
4879
8216
7831
5151
5105
8097
5398
7841
4394
1244
9207
2132
5710
6752
4945
3639
604
4392
788
5395
4446
708
3599
4453
2723
9517
2975
757
358
644
4321
279
4499
9240
2589
7033
5358
1743
4359
179
4376
1035
1169
4581
3728
1860
1552
2829
9623
9644
3089
255
4834
8868
2415
9902
4204
2702
771
2839
5333
2893
3840
7221
4976
817
899
8604
1727
3933
6885
9760
5202
7483
6159
8001
4729
2172
5416
6243
1535
5907
4580
3804
4872
3662
3650
9856
3207
4745
43
2925
8098
5040
6836
9141
6914
9496
8641
2062
6277
224
6376
9027
7263
8855
5718
7756
2340
2819
879
1317
7766
1038
7725
2658
8444
9680
418
5763
6644
4620
235
4991
7038
5221
1592
5427
257
1762
3352
4812
3708
2586
9357
1013
1609
7468
3190
8610
8464
5041
6343
3803
7485
9720
6256
3691
9171
56
7546
9521
2279
6372
1076
3958
9433
870
1884
1557
1555
2244
9567
6091
5122
8055
6583
9749
3397
5313
9060
3099
9212
3792
4536
3989
1188
3519
7065
8492
5624
587
5859
6512
6198
2588
611
5272
2536
8252
8575
660
7629
4513
4297
4582
8637
930
9420
9187
4334
9752
8013
6836
5343
7156
5764
7902
2366
4234
2669
11
7061
6070
2397
8130
7276
7645
5857
3045
6580
2566
5338
8135
5095
8631
8243
4619
3917
2768
4661
857
8307
2448
756
1377
3488
3317
6185
3375
2175
4758
5079
5136
3816
5464
9832
3582
7032
4314
7125
3962
8014
9908
7099
7454
512
6855
6929
1582
7704
8215
9180
4126
1813
2023
129
5028
9796
3704
5234
1312
7687
3552
2857
8143
6957
5747
7150
1353
7094
5732
6228
3247
4508
931
4577
4752
5644
4923
6117
5486
9963
1594
6477
7443
7850
1728
2577
7050
6263
3233
8168
4432
2603
4682
2138
7457
9668
7228
5765
966
9467
8718
8298
7265
784
3170
4861
6016
2111
8836
4924
7245
8848
2556
1942
5806
1207
284
352
7819
8413
3847
4683
5713
3085
3376
3866
2609
6985
5553
1120
983
7458
4828
8585
7190
5855
2552
6107
4685
7483
2553
9871
9486
9812
3850
1942
4472
7659
6531
132
2245
9613
5341
691
5716
7769
9090
1158
7106
1098
6393
5419
214
1747
4189
7073
9876
2772
2768
6892
4550
5963
8513
7520
4298
3635
6914
6013
6647
4864
7305
2343
8106
4025
4213
496
8294
5656
6348
3293
615
5345
5115
1928
8163
330
8560
9132
1017
9502
9391
3533
4342
8156
607
8159
121
6267
462
4529
7085
5374
3621
2642
935
2853
2133
2355
1152
1941
4070
1010
7241
2935
7768
5621
7186
7353
3576
6807
383
8499
7201
9240
3479
1621
7322
1803
8769
3308
8613
744
2891
8066
759
7278
3933
5638
1773
2426
8773
7231
1140
824
1077
1968
2828
5259
3112
9420
791
4988
6273
7906
4768
6297
1524
2850
8572
236
5420
9177
9222
1911
9965
4671
1297
8126
5325
9846
1247
8427
3133
387
1592
7749
9133
7288
6584
4263
3053
3779
726
1402
2447
9133
9108
2798
9509
1448
6600
1121
5751
9844
7361
6832
6603
8320
4947
8914
7236
7138
2367
7894
9524
614
4451
6920
8081
8093
3172
4704
7455
9719
1187
158
8568
359
844
3649
99
9198
270
742
4993
3935
7501
8643
206
9415
679
3701
2434
1710
791
8022
3240
3434
8914
3905
1496
1379
3598
611
6627
3679
6796
4399
593
9921
7489
5849
1388
6472
5323
7103
597
6666
9499
8052
6604
1952
6292
6827
2457
9043
2853
643
4725
9072
7020
2601
3991
8914
9375
4494
4871
2756
6743
8902
3379
8227
4988
6919
7293
6346
1740
9661
474
2089
1112
6741
4585
9773
1704
875
115
3081
8126
3588
5190
2928
2835
7304
11
5564
9420
3142
4895
6446
2900
1929
8493
26
2318
4776
643
428
8711
8038
5263
9545
8236
7352
3667
7307
3450
3479
1895
8
7962
7761
8419
4161
7012
5993
2706
4490
1101
8214
7082
427
7044
7072
571
9843
9906
4880
3704
39
7655
7268
2133
677
4034
7959
3213
5942
6865
1820
5794
1466
8016
4772
8981
4334
4011
4412
4414
7831
3002
154
6488
1514
1523
3416
4732
2328
9120
3068
9148
2792
141
8389
4003
339
6191
7844
4018
6842
9930
2746
6206
9880
2922
8345
941
6752
5334
7476
5201
7082
1049
8652
5292
6892
7609
5034
8643
7199
2547
901
7254
9007
3358
3209
6763
9507
6153
785
4991
4843
2011
6424
5665
4192
6092
1175
9098
3498
3367
8841
5808
9892
7867
7450
9641
6952
623
5570
4812
5334
9793
9816
7196
8257
37
4489
4662
2378
9215
280
8396
9904
3380
268
4329
1024
9517
5222
1886
7146
5157
5537
2130
9658
8766
8867
8258
9387
2331
7753
4014
2050
7134
5095
2517
5231
4034
5813
7633
7657
2820
3588
2271
9524
9813
2297
3673
5180
1131
6411
6531
2120
2920
6746
9432
1242
7222
8680
7407
9915
2541
1902
9678
4573
6854
5317
5793
229
668
872
8646
751
3721
1318
6359
6679
8009
7410
7677
1911
4478
9684
4341
8252
5467
3138
9220
588
6429
7619
8295
598
6142
3125
6629
478
4696
4894
2714
2807
7364
5722
3864
4543
6240
5992
6807
9344
9767
1370
4812
5718
1258
2648
1774
3972
3349
799
7017
7523
2269
1604
3218
7290
1172
7049
9474
2611
2295
5887
8435
1965
592
4234
4019
1260
8031
641
6588
2658
1113
3812
3960
3545
6332
4673
3132
1977
5983
8476
8442
2476
6771
3456
6423
650
7649
4193
7486
8846
1288
8395
9553
2281
6555
8676
424
6616
3083
4791
1751
3997
8936
2757
4099
1350
3698
2023
3568
4146
5275
6213
6194
174
4885
9932
8642
6466
6886
3291
321
2366
9351
3942
4802
2980
215
5495
803
8072
5733
1167
2191
517
1622
2916
3834
3990
531
9413
4046
9937
1848
6732
8622
3960
7460
2650
7057
1723
8477
9254
2845
2581
7130
3286
5994
3997
9293
6213
8710
5240
5743
8049
8518
7476
4347
6343
7351
2023
1201
6152
2585
7316
143
6863
445
187
1698
3463
1263
5984
8646
6143
1997
8938
9747
4058
9642
6087
35
326
1615
9759
1923
8918
7324
9313
6444
2438
7833
312
3413
3471
7798
4205
1405
1294
1880
3975
5260
13
9709
6000
2631
6098
9977
1460
727
2556
5792
9123
5415
1051
6939
9453
6672
1988
5862
6159
6451
3195
5513
4346
7386
1448
7104
9275
4231
2597
2535
3234
6201
5208
1758
4632
2307
2206
3635
6942
4452
2379
269
1946
5997
6357
2289
3107
6717
1010
6101
5168
2840
5630
1326
4736
3632
1835
4180
9068
8386
5126
8058
7141
4844
2224
2894
4032
1091
5848
4968
6718
322
9095
6588
5515
3004
7167
2079
9364
1885
4946
2943
9725
2354
5925
800
9102
9318
6965
923
2790
1356
4105
8622
695
938
3709
4967
2148
4521
8058
4659
3984
7231
6951
4448
8548
7534
7250
5639
1836
7370
7478
6135
5943
5451
6975
2570
4663
9144
9128
6794
93
4508
598
8946
6535
7444
5984
1256
5338
8125
2031
7564
1277
2704
4552
553
3718
5194
5264
8977
7887
2496
8999
5688
8034
987
4120
3438
5056
8954
655
2962
1170
7546
5002
5202
5779
1959
5741
6097
8218
2211
4894
4831
773
7892
2031
7280
2529
7623
9494
760
2566
7382
2547
2458
3945
6974
8502
6377
1826
4783
502
6499
7359
1947
299
6683
7910
9297
213
8900
7482
2026
487
8443
454
4370
3531
5681
1449
5481
7326
3910
678
6034
3221
9289
3001
1765
5006
3818
726
6005
2952
9259
1367
1131
5156
7469
9394
6983
9137
4947
7589
4108
4975
7702
379
7077
4893
7551
4727
295
6849
197
6084
8856
5347
3930
7315
2068
9024
266
9033
382
8893
4252
5394
3043
7362
9672
1525
5374
1462
7761
608
3298
2173
7368
2059
8872
8055
1152
9691
8751
7373
7264
2995
2384
3138
9920
8031
1714
2377
6597
4865
2577
1317
2576
3196
2629
3051
6153
7779
5781
3277
1676
722
9943
2057
6286
3499
955
6726
5838
401
6538
9172
3681
4492
9575
7227
8606
4683
7918
3249
1701
2927
2506
2653
9436
800
7561
2903
3988
9964
5875
6431
8237
636
3410
1028
8609
6783
8484
5634
679
4819
8478
9438
8562
440
9098
4926
6440
923
9826
7279
5607
8307
3760
3454
2903
1359
7511
5753
6560
7908
4367
4742
5117
2548
8979
7567
2764
2355
8562
2599
4373
2252
4859
1413
3126
946
6303
6225
2726
8874
9648
9466
2697
7590
7246
1222
4016
8928
6164
537
850
4984
9126
7995
9637
2877
2181
7827
4463
9214
6787
3119
9574
378
9563
9240
6066
1345
2047
522
5067
637
8255
5110
8826
3309
4700
5216
216
1054
6215
1937
8556
7798
2437
5411
7076
1600
6854
392
56
6039
4171
6295
1403
8864
3930
7918
8793
2757
1967
3983
5288
9788
4394
1703
8030
8761
9245
8846
3055
3856
2503
7974
8716
3652
6027
330
430
5960
2779
3704
1302
9745
8036
8585
3395
1258
1377
9168
4808
2154
9128
8865
1958
8029
1773
1078
2047
6672
4562
3782
7586
1982
7724
7277
2985
301
2939
3194
547
215
7244
9
9880
195
3279
5714
8839
2011
2343
9848
6851
1183
7561
1258
4379
6889
2900
8566
379
1387
6555
9866
6452
6456
6663
3809
3723
6777
897
9817
4939
3298
2073
7023
7996
3330
3590
4779
1550
9202
476
7074
8327
7673
641
2116
22
7958
6547
9643
1070
8192
3464
6620
9682
2648
7103
1092
318
4005
1394
7502
5611
2361
1115
4640
8374
6698
8584
4541
8342
3105
9935
3789
8755
8051
5989
3658
2371
4234
8679
6583
6598
3807
3131
7258
1440
1009
5489
9240
1
1476
5789
3676
7846
5506
5667
424
3234
2739
4739
2258
139
8454
4578
4022
2345
726
2412
7853
8826
7802
8844
9268
5397
3549
1338
8392
3967
6329
2173
3921
242
4092
1109
4764
9753
6744
3382
967
977
6612
84
9972
2684
6309
2129
7210
7234
8996
7713
5217
8095
3781
930
709
1207
3923
4552
9035
7920
9264
1777
505
5558
4264
6320
8648
7205
6655
338
7538
504
8664
3136
3130
3906
9498
3041
7598
9976
983
5181
681
1241
2667
9927
7946
24
9180
5354
81
6120
3654
5915
9875
1308
3114
5230
7305
1910
8649
3765
151
9872
3565
1473
5939
7632
3391
2835
6097
7007
5472
6748
7718
1660
9413
7727
5178
745
3129
6109
5874
2079
7610
441
9167
2446
9100
5846
1663
2027
2675
512
3947
5094
905
3452
6593
8018
7705
549
3750
3309
2851
9706
5748
6432
2583
3546
8734
6738
8212
5743
540
9539
1496
2181
3976
6259
5972
5004
7030
750
2002
3105
7504
5064
2257
7133
3349
8020
1645
222
7812
1378
8549
6003
4443
625
7874
200
6186
3439
6322
837
5184
4234
451
123
2196
5513
319
1061
1465
5856
9429
1871
4898
1304
2068
1737
6513
5352
9154
6695
662
9553
3793
8255
9718
4779
7880
7777
602
6268
7908
8366
251
5331
4315
9310
800
3312
4381
5421
2514
1943
7152
9350
3325
5878
3924
1998
9729
6620
9985
9235
4938
6958
6219
9737
488
5172
8674
4065
419
3891
5958
9549
1773
2295
2893
1831
4119
8540
4876
2884
9426
4650
1778
7738
1521
6568
532
5578
7560
2698
3578
7263
7401
7747
4329
9398
5179
4087
1245
7419
4498
7722
9414
3134
3920
7199
8904
9241
3726
2462
6380
8150
8627
2565
4142
5482
2477
694
5253
2566
5641
3112
5118
9193
1044
2985
236
6342
8521
8472
9772
1963
1252
6425
7355
8723
6712
1805
4189
5512
7495
8492
9264
9255
6540
6509
4212
7045
3707
8956
2955
5245
3386
5201
6685
2544
4575
5536
6822
5961
7236
1064
4408
4992
8512
6390
2106
2543
1315
1995
2652
6762
4083
8818
5071
7993
6580
9078
3608
3251
8572
6439
4334
8268
2210
2048
5806
8020
4050
32
5843
8969
6022
182
3321
9961
2949
6892
1580
6408
5006
487
9955
2104
4905
2638
6865
2153
1024
8593
9857
2072
8947
655
9588
1168
1706
7269
5538
4559
7765
9636
8074
2097
8361
9637
7531
6278
9970
4249
9318
7765
7561
4578
3251
8294
3374
1217
2168
7314
459
812
6906
4529
758
1108
4539
8242
833
9229
22
9570
3031
4217
4986
4024
2843
4678
4976
5667
3852
1828
6021
324
1131
3369
5262
796
9499
7158
4816
5687
3366
235
9009
5078
9011
3817
2059
6623
9821
1618
5618
459
5823
4455
3657
9098
4789
4216
7870
9273
1644
1440
9784
7015
7679
9776
9503
5922
1988
6947
3902
6457
4617
4670
5513
7308
4170
7452
158
849
6376
2901
8916
4344
7228
2623
6907
6580
5015
7953
2015
4874
2622
6947
9802
7993
5095
119
2191
1373
2305
9560
7959
5373
960
2273
6170
7774
7312
5967
9167
4882
776
3056
2401
8843
8320
6610
2841
8278
1829
8795
3716
2764
4169
8227
7178
8752
231
9808
3953
9602
7442
5025
4679
8788
8801
3887
9476
9937
6596
1586
3662
4775
59
5872
3050
9104
3021
473
9934
8284
6396
4648
4614
5253
2904
9056
1493
5886
365
9176
2659
2007
7814
1025
3548
516
3134
1029
8363
2119
3737
8509
712
6907
266
8785
1642
8403
3338
7065
7226
3996
2004
4937
5897
599
667
7873
511
1949
1970
7598
127
6770
897
1762
4347
6154
5072
2424
7010
4898
9938
2085
4701
7483
8785
3112
8064
2559
2034
6741
9878
8352
445
4260
7654
7736
8145
65
861
5140
2478
6312
6914
4353
175
3900
5643
4992
1573
6751
5333
6254
5512
2517
8512
4484
657
2626
8200
4264
7326
2114
4642
3939
5007
7089
8505
4619
254
8978
9195
7564
4103
9909
8765
9289
4054
6099
1842
2151
4564
3070
1237
70
8710
941
3396
969
3939
7259
2681
5052
475
8929
9708
5661
2306
4526
4496
303
923
971
7105
8603
3928
3494
912
4960
6735
2635
8998
9553
2553
8955
6595
4111
4272
3311
199
6033
3315
6646
5403
4942
6251
28
1251
5550
6652
1557
5259
2860
9598
6512
8287
7931
8033
9205
1791
710
4575
2994
2912
1215
9129
1685
6130
750
5
9518
3248
6589
1259
2539
8869
1892
4734
4583
5264
5826
2788
90
1906
9355
7809
1107
7781
6987
3202
5959
2756
8637
128
1319
4953
5226
5466
7202
4595
3021
9486
994
4019
4842
8389
688
9832
4766
225
2917
4889
8077
3476
6560
2164
4763
4851
885
735
275
1174
4243
9755
6806
5579
6356
8079
9081
276
7410
1185
8034
2381
6432
7637
8546
7662
8848
6849
7134
3414
2386
4129
1997
1031
5650
2142
7819
1269
803
6547
9224
747
8068
5035
6610
8292
977
457
9273
1382
6632
3935
1759
905
4023
4398
1091
5353
7301
86
3066
7336
8545
6815
4512
4705
3884
1441
2943
9608
6130
9250
6363
2483
5228
2624
274
5784
8134
8687
1090
878
5147
4241
7825
793
7535
9126
7769
3257
6293
4103
2033
2059
3153
2811
6058
5380
4620
6749
24
6340
967
9734
6002
5078
1396
6824
9887
3340
6682
4336
915
3930
2971
9638
3089
2386
3810
7657
3572
9323
3498
8573
9850
1402
6007
5329
7911
5057
396
7561
6545
7168
923
9760
1788
2826
4700
4996
3352
8469
3906
7902
8516
2880
1029
9974
6592
4755
2512
7790
5313
1446
9375
8751
808
3790
6602
8139
8936
4020
716
8173
5682
469
4163
7816
6381
6569
9649
7738
8445
4624
7223
6649
9553
8820
8313
2213
2722
4451
6999
7216
4927
1194
9681
6590
9621
3476
6935
3109
8515
894
1600
99
8557
9427
5534
9989
9028
3950
5822
3216
7595
8542
4494
4923
5676
5408
4453
5324
3857
4099
1704
9456
4051
6617
3687
2020
9292
6574
8346
5683
2153
899
8568
1621
8246
4926
3411
4008
8560
9347
3298
6552
3454
6071
3141
8875
459
4808
3678
7457
1062
937
4230
6971
929
5621
3670
7398
9689
1193
9047
5371
7145
2325
2304
8745
7345
9236
5768
8755
9156
6473
3561
5966
5282
4999
1963
3842
8795
2405
8870
7134
1597
5477
4615
5882
9194
1502
9724
9948
8902
9632
3107
2522
4894
4415
9732
7047
6586
8940
9416
4244
3534
4307
2428
7061
297
1131
9444
6574
6198
9483
2353
2441
3967
3434
3821
6237
4441
232
6885
6134
3042
5881
4446
145
2328
9697
3305
979
9613
8138
2152
289
1942
6935
9630
3297
443
2247
8971
1284
1569
9845
4065
1430
6526
9693
1398
9375
7632
7266
254
4145
7555
8396
2619
858
8134
2484
7090
8129
6506
438
2395
1923
4239
8764
3004
139
9917
6247
2724
7349
3623
8670
8339
7119
2482
8338
7150
5014
3810
8780
5824
3806
6992
2086
7626
4659
5107
7311
6044
7857
6213
7671
3306
5336
1
3360
9498
840
2991
78
7441
6675
5035
4843
9419
6712
3274
8708
8090
4676
3623
6258
5647
3789
3792
1619
3101
6467
8666
1404
8890
1279
7161
5564
6063
1836
1366
7446
794
2291
1391
3857
1766
1824
6665
3054
2907
8810
5395
9517
1570
6171
3366
108
1436
85
5902
551
9765
1176
5750
3668
9179
823
5192
658
3038
3494
9136
7862
7807
9263
7801
4429
1270
9520
259
8000
136
2144
3681
470
5617
3207
2659
9297
8691
7869
3262
5138
6904
9145
5637
1087
8090
1391
2002
5749
1601
6251
3891
9237
3242
1539
9378
8904
3572
4350
3845
5704
3222
3320
6135
7744
4699
1153
5204
7618
1374
6701
9212
1968
3230
2931
5377
1381
8406
3459
7550
5953
8056
9500
2805
4195
9084
7480
6316
3880
3909
63
4231
9783
7708
9032
7540
9907
9678
9426
603
3187
4608
3733
9128
362
1285
1168
7796
9496
696
6228
1416
9260
9148
6686
9409
7866
6991
4651
1130
1895
7680
685
5632
2538
9127
5554
8666
207
529
307
9591
9104
8812
5547
616
9840
877
4266
9492
3659
302
9171
2687
6252
3595
3499
7878
7123
5733
9087
4857
4646
5599
8071
5263
4830
6208
2055
9335
2046
2408
7102
5281
6801
1692
5419
9289
2436
6953
7288
6860
8456
4691
6813
5851
7048
8526
3185
5193
7593
2664
5170
8139
5379
8247
5455
7157
6299
8973
6065
2791
2187
5701
885
1514
9520
5573
8611
8277
7704
4419
4316
3706
1918
744
2009
8818
4246
465
4698
9507
2772
5955
7609
390
8602
6641
769
3585
7251
8592
5769
986
160
4064
7636
3718
7193
7117
7568
657
6536
4054
8873
3668
9244
4517
3540
2725
1066
8048
7929
5945
2910
7251
6716
9744
745
4283
6489
3642
775
3850
8290
5990
8984
8880
4181
4001
1194
43
1732
9420
8830
643
1076
2166
7408
4933
2203
1601
2137
5526
6726
1162
9836
5135
6224
2205
2572
445
236
4736
1044
5382
9159
6382
9904
5894
5054
1159
1104
8728
7028
7851
5160
5439
6472
929
5459
400
5567
6058
7769
9747
5066
9965
9208
3201
3783
2408
338
4446
5158
6891
9355
8823
5929
4583
9150
3874
1189
2426
2221
2757
2720
2433
5551
4254
4554
2418
8938
8215
5659
3864
4402
4088
9506
7062
6640
6529
6259
456
5350
7474
5454
4176
6861
2280
6326
4240
5749
8344
6473
9196
6271
2637
4131
350
3951
4555
3711
9610
4621
2883
7873
8235
3775
7876
6938
6660
1540
2551
1615
6857
6356
4420
5637
7042
717
2053
28
2790
2984
3725
9603
4716
7262
2896
5410
7033
1241
2985
2903
1147
6009
5723
6812
1312
2399
5700
480
2543
2182
970
1028
7851
2724
7069
8086
1419
9515
8735
6280
3653
3300
4326
8189
9460
1138
644
6008
7573
4323
4877
1986
6427
3245
9211
2081
25
9177
5480
3025
4903
6313
2758
9754
9918
2112
1349
7493
5750
1653
5035
6244
1313
2613
4618
1294
3704
8459
741
8944
390
8925
6965
4825
523
2657
6313
6004
9594
2486
4907
8099
5071
2057
107
3035
7626
1456
2951
5727
1083
7760
2181
8797
570
2244
4675
6011
2761
255
3671
8752
9827
4261
88
3375
306
25
5304
6707
9783
9829
1374
9677
9945
8208
9768
6946
9122
3491
6649
595
41
7637
4341
1294
6214
222
9234
9964
8042
3759
1362
1407
6209
8041
1270
9835
2959
7203
1032
8394
2258
9263
9741
1311
2125
4719
8148
4222
2154
250
8846
8995
7943
4388
4374
3320
2254
5337
5984
4515
7300
4050
1333
5814
6148
5592
4444
5308
6310
5999
1497
9587
7781
974
3321
7481
1318
9187
6344
8148
1972
984
5990
7720
437
8740
8166
2249
2273
9021
2755
2970
9631
60
7965
2454
2042
3806
9520
8366
8108
6359
6829
365
1560
7268
3377
7231
1686
6229
1251
4659
5204
8127
5073
7563
3520
8038
3560
3654
4038
9935
119
6095
9868
8375
352
4003
2116
5277
2764
7916
4049
8709
1886
3810
7592
8052
7743
3502
2384
4328
1763
9623
1551
5580
2951
100
3499
6920
6751
8735
6416
541
3886
5184
5544
5680
3051
3084
3073
2014
2004
451
9796
8214
41
2450
2534
6682
3050
4502
8888
5239
1278
7205
6179
5439
9914
1580
1559
3785
4632
3307
6027
5278
7388
1516
5179
9472
3225
282
1251
3502
9246
6987
7887
589
7189
5516
9211
1664
1152
407
2984
5311
3688
9681
1613
1362
99
7588
4598
3488
5161
779
6423
6777
9834
9188
1089
8964
3668
3699
859
5674
9290
1270
5762
6636
6824
564
2534
6444
4170
3470
4258
3901
7425
3774
5948
2191
5183
2233
5559
7864
7785
1735
621
3320
6801
2059
9857
4378
9693
7201
3510
3643
352
2452
3336
7059
3488
6424
78
5141
8783
6094
5646
5072
299
1915
5026
6923
7286
1193
5545
7429
8935
5069
443
3681
5368
8381
1561
2918
9049
7386
127
8576
5157
9641
3304
4252
2779
8604
1761
5989
6656
620
9228
7354
2719
8577
1428
7341
8559
3816
8036
2199
9155
9856
4201
9681
2414
8494
5167
7933
6333
1181
7722
2704
3067
4943
1614
2669
7595
4515
9918
5973
9764
4230
1776
1679
655
7786
8913
3223
8262
1580
2839
4074
1384
2753
2953
751
2901
4049
1093
4572
1707
5590
6
506
1346
7135
8191
618
9492
696
722
9608
5365
6119
5466
6568
5859
8963
3425
3410
9508
9757
3843
3375
624
658
6068
1186
1201
3271
527
3317
5399
4341
2804
9943
3394
8184
6650
2691
1522
4467
3368
4801
6527
3248
6604
4626
6195
5544
8607
6194
2955
7359
3712
3244
4081
111
3255
2831
8955
2863
6335
973
2207
8467
2204
503
9522
6183
8265
9446
6849
6738
7049
1425
4736
8450
1320
2795
4783
5952
9491
2473
4146
388
6532
1092
5292
8560
1278
6104
5784
4357
7824
5942
4517
9451
7415
4020
1036
517
5891
8596
6404
7352
8279
3523
8006
3165
5164
6491
6837
9031
6910
8578
5769
9969
426
2832
8886
8618
4057
2133
1166
9980
3071
2488
3487
5275
9886
9949
5929
5859
6905
3327
4800
4103
9434
4449
451
4354
2014
9991
8614
5443
8751
3709
1840
3597
8670
5682
9933
8902
1771
7872
7787
6512
4541
1819
7927
4016
7005
2022
3395
4635
9729
119
5076
4351
2022
3337
8404
4299
6640
3067
9605
989
6428
7444
9261
3570
3610
1064
344
6053
8384
7554
9058
9104
3300
3615
4651
8210
5405
152
7909
6883
6265
8389
309
4408
3696
7095
7104
9077
6731
2117
1160
6476
4791
7399
439
5819
8722
8242
8781
6352
6575
694
538
5092
5851
9229
2601
5062
7374
5148
5311
9932
9691
731
9989
5377
4870
2831
7259
9061
3953
982
3228
4633
7787
6209
6815
9101
2454
7036
8231
1407
2469
416
7533
6825
312
9716
2888
3409
8842
8471
2334
836
2735
2608
4350
1209
3410
3114
1613
9530
6861
8965
5131
2879
3290
2077
7519
8424
2360
1391
5097
8235
563
8693
7841
5084
9370
8313
6016
3731
7487
7049
245
3048
3477
3156
6477
9042
9716
4032
2473
555
2929
5819
5360
8795
6306
4250
111
4324
2696
8340
7418
3584
5948
247
7450
8883
9073
9096
1748
8443
5852
202
2466
7462
3871
2657
3367
4162
7835
4435
8925
7301
4738
9957
2746
7623
4587
3400
741
3602
9805
1426
4052
5549
3932
893
3173
5360
6800
6293
541
6140
2153
9528
5464
643
4824
4330
3442
5238
8693
6315
6548
2676
5640
7356
2375
8768
8057
3494
2461
962
6011
8689
6168
1800
1402
4594
5338
8648
1857
4726
7851
1590
1426
7389
910
4228
6764
2437
7490
9635
5323
1456
6496
5828
7678
6640
7251
6844
5329
7579
368
7811
9998
5328
7497
4662
4995
2617
2394
7010
9022
5154
7265
2093
1331
8295
2929
1441
412
7391
8773
707
4541
4688
9032
1301
8664
8712
1641
9690
2562
5661
7915
7827
6173
7915
985
9143
4740
6239
5946
6347
6418
9266
9901
3124
1452
9144
5335
6688
2729
1073
2550
992
9299
7616
8777
4968
7296
6380
6353
1210
1147
3968
788
2621
6998
1105
6870
7105
5734
278
7751
1213
4575
7365
403
7677
2883
530
827
9578
5350
3661
7425
7837
5057
8649
8354
9050
5937
1715
983
6897
7139
8510
9048
3004
1460
2977
1869
6827
8767
9751
129
3531
7391
2272
1619
660
3094
4346
96
3769
8246
26
3607
626
5060
5412
7701
8833
178
1009
7511
5976
4390
6673
3098
7516
4697
6599
2299
7470
5143
2451
7867
8187
919
9727
3154
1395
4437
3586
8516
615
8397
6490
3712
4704
4745
866
1512
9556
5367
5060
1959
4352
1727
9863
9729
2732
2162
3832
9616
3354
3768
7019
6493
324
2817
5146
2885
4239
473
6
891
1346
5577
2144
489
9032
5969
303
8038
3813
1751
3652
8692
9717
7523
4991
2344
9968
4697
2378
1834
2064
4734
8370
4770
634
3991
8856
2315
60
6099
7717
4296
3073
2959
648
6978
6268
3829
6859
8154
3606
3640
3955
2787
8721
4656
1105
6979
6385
6635
7246
8078
1934
685
7148
7596
1157
4465
3738
4178
4163
5207
6116
6159
5415
5879
1689
8490
9709
3498
1724
1376
780
6783
1041
8698
418
8986
6123
8349
3136
8534
5209
9328
9758
4061
5043
9801
9152
8724
2235
1793
5972
4975
920
8798
523
3564
6532
3361
461
3119
6386
1734
5085
3953
9295
7085
2566
622
5740
6811
2432
2775
4366
4455
3634
9261
3488
2650
679
9662
9639
7066
7048
7599
9815
7261
1956
208
8593
8031
5396
5798
671
5418
6898
5302
9862
6169
3116
4407
7312
1013
3901
8976
5748
1428
5378
5448
1185
3217
9248
9289
2068
92
4604
1532
5460
3178
8427
7378
2219
3606
2295
1058
8897
1179
1201
6239
5661
1547
3428
5505
9296
755
507
4868
9572
6838
7597
4984
9364
3270
1745
306
8711
9501
8305
9334
9974
4042
4880
2032
721
3063
3515
4565
2002
4322
550
1371
161
2759
2918
4788
7271
1635
1706
9155
2549
8732
7180
3011
6786
9693
778
2820
7581
9322
6518
5494
465
4303
6916
7615
3175
540
8074
339
8760
3013
9028
6395
8220
7071
5275
4262
4033
3941
2465
8812
4154
3141
3646
6681
2392
4954
8897
5460
7953
9822
568
4917
3663
508
1461
7412
2647
3740
2509
1279
3923
824
4302
8504
6209
5430
9519
3436
5835
7843
5737
2631
9094
8355
8019
2212
6964
3151
6217
6307
5659
6818
4087
1745
9265
6845
6725
9049
8508
4927
1359
3745
4446
7440
5014
7225
4812
8320
5211
6483
342
7788
454
2387
8342
8889
1911
5849
6065
2697
7910
3525
9585
1569
8472
7463
1504
826
1513
2829
8522
6190
8859
2552
98
520
1474
3163
8771
1891
1477
856
3394
2795
4776
2629
4614
5097
868
2096
6028
8315
3355
4856
5639
7831
5724
6854
5543
2483
2201
8860
7394
5611
1883
8627
2098
4435
7995
3208
8677
180
572
1182
3529
4156
5278
4699
8416
91
5433
3724
4933
8297
7737
9953
9914
4040
9369
4108
431
210
4188
9164
3495
7568
6411
4094
1440
1249
8990
6212
2528
2866
3842
213
5282
4957
1182
3538
2540
7125
4721
8053
1761
3301
9765
9812
3540
2642
9133
8758
3230
9482
9995
2105
2330
8292
5365
7698
7099
4735
8761
342
1693
9680
850
2521
771
4578
2310
7985
640
6896
9617
2996
4005
9916
8073
8048
9088
5907
4853
540
3518
3900
8483
5034
9852
6730
9763
5341
7446
7649
5537
6066
1213
9664
4745
728
4148
7656
9060
2421
5347
4426
4292
1537
2075
5238
3693
6234
6612
4714
3959
6074
4959
2715
1821
1002
6753
7277
4718
4713
3279
9691
1576
4482
5882
6296
9251
5473
7597
2084
8590
377
2597
7403
2140
6808
8067
8496
7002
2518
9767
23
6057
5227
1543
5483
5496
6101
6894
1325
7566
7218
2921
2275
6691
5997
3981
6106
723
4308
8964
1223
8742
1368
4359
8554
304
6103
904
7971
7646
7945
5478
5992
4909
1494
2107
7867
1934
3338
5781
9878
3985
3834
3461
5154
5026
2735
1974
579
9079
8206
4508
306
4115
8945
1649
3463
332
1702
530
3127
7295
7054
5368
537
4720
2712
5527
2329
2291
5211
9228
4963
5812
6684
4475
7335
6428
381
9790
6344
4455
7081
3374
5126
4276
421
2956
6334
1826
583
1808
3382
4983
2276
9048
9601
1737
4711
9103
2445
646
2825
6820
2771
5687
1991
1906
7415
5899
6735
7652
2739
5979
4671
5575
4164
5955
5120
6824
6204
8305
9339
749
1681
7342
6301
1371
7340
6633
6159
3507
3725
7398
8866
4779
2041
1633
4366
4303
5115
2081
8090
1853
9173
1225
2126
1719
6782
535
4114
63
1789
4218
2948
9277
6355
256
2612
2755
1690
5454
7039
2884
4560
588
5647
6769
6994
6375
4433
9152
1866
1106
2613
4033
7010
58
3089
1892
4106
7935
7875
694
1144
4411
3337
3231
6960
9644
9534
7162
6494
5800
5311
8077
9457
2202
3245
1995
2867
1649
1152
8147
9159
2558
7045
3649
1006
1177
6138
8270
5982
2220
1177
6027
293
9357
7982
2136
5951
4745
7567
2144
3207
7163
4167
6034
5842
5872
1649
9898
7155
5424
2504
2856
1102
1719
8137
1641
2716
7158
1189
4650
9705
6327
3058
1963
8030
9149
6797
7440
688
3749
810
1283
6933
1971
7505
3473
6038
3756
8240
4513
7790
8019
3513
875
5572
1008
1507
8544
8154
7672
1329
7503
1204
9263
4438
1381
2843
4864
8345
7814
2135
6018
7922
2360
2408
3561
9568
3268
5286
359
6932
904
4522
3843
6396
7253
7839
5463
6791
6955
9995
6563
6338
9133
7684
667
4372
9187
7683
1235
3180
6322
2260
657
4767
8153
2442
5990
5517
5789
1027
1233
1563
5103
4383
8399
8241
7656
1202
447
390
3070
7322
4502
483
9233
1605
3449
6172
326
2976
3081
6931
5514
380
8881
561
3214
2332
4107
7940
5966
5709
8864
7659
2580
388
3826
4869
3156
5154
9968
9889
4114
4051
4210
4972
5157
1356
9362
1513
4735
4288
743
4510
7464
2186
1290
7184
8191
2942
7549
4228
2459
615
9734
4414
3079
6174
5737
401
7451
5692
4717
3503
2236
2411
9593
1690
6147
317
4848
511
2967
5818
6651
837
8514
7827
5983
1497
1408
2727
2260
8202
3553
3353
3302
8
6112
770
3786
9984
5137
7722
4650
5039
6155
8969
3268
2894
1300
7050
6058
5412
818
5853
3956
5071
1662
1742
4291
7962
3969
2045
5407
9771
2533
7516
5446
4251
5942
919
7118
6144
550
3612
3706
7581
6300
3835
9957
2321
6056
60
8962
4776
344
8721
8252
2900
4917
113
4374
3273
959
5976
228
6868
5631
9834
8690
7355
3306
2511
3391
1436
6073
1726
3495
6594
7852
7570
3937
4770
8673
7335
8252
3329
7738
8606
7600
2096
9093
5173
4652
8040
6128
3500
6631
1956
6254
7803
3396
2614
7472
9675
1459
2066
8408
1321
3052
6997
5150
3649
7515
4282
4738
9859
9377
9305
4263
5722
3217
4101
4064
6868
3406
7974
451
7875
1918
1081
9253
3668
9165
5004
2969
9354
1783
3280
4263
5108
7066
2722
5776
2817
6219
1719
4043
1522
4636
3353
205
7678
3826
8241
1573
928
4622
7916
6324
7201
4119
8654
8665
5667
5200
9548
3373
4643
4112
72
9551
7096
969
6243
4497
6805
2704
7475
7773
5345
2859
6759
1249
8303
1409
8776
3911
6705
5267
7122
7120
9274
3617
1403
4892
9876
7369
4088
5205
262
76
9264
4603
2230
6767
939
200
4513
8610
4683
6927
219
4921
8978
2238
9000
3354
9505
5657
4766
8343
9393
9111
3668
8837
8886
5537
7527
2915
154
940
2918
2390
2934
5154
5715
1743
8398
3878
5736
6482
2948
9333
4264
7500
8816
9960
8335
9706
705
2278
3219
1963
1345
1496
6309
7177
3420
6672
2211
9306
2561
8873
3910
2205
3863
1461
6911
2132
5769
2096
1563
8652
7915
4240
4910
8620
772
8969
2236
4139
1606
8861
4951
7594
3144
3665
8523
3301
8179
2047
8504
5653
5594
1169
7537
7858
9385
2721
2263
536
4531
516
2439
7726
3271
2744
6685
8151
2150
4672
2287
5773
3327
142
7475
5358
959
4488
2859
7648
5487
7075
4590
9682
9985
8106
2507
2089
393
7578
4105
2457
3157
3408
9230
5288
8276
7080
3888
7533
7735
6562
3030
9003
9086
9297
1960
7149
5007
8471
6402
1773
9484
3663
8887
5802
5900
4164
1367
9889
4753
8528
3925
9019
6020
8552
3989
8537
1627
4113
667
2004
9155
5365
6838
5430
7383
6119
946
2220
9666
5510
5541
1391
2206
5413
4258
7971
3302
9105
6295
605
2449
5479
3505
3816
6399
5923
4476
8924
4802
1804
3898
4971
7718
1911
8913
2247
3235
9187
3136
2085
4929
5938
6997
5058
1417
2679
2187
8506
2804
5654
8842
2509
7159
8186
796
1553
9034
1276
9433
7033
1675
5198
7869
1631
6463
6640
832
1952
2059
7352
1626
7360
2616
8117
776
426
2453
1624
9602
7966
8392
5128
4241
2423
1084
10000
8112
5600
8189
4688
3779
3412
8540
9408
7080
7071
5350
6641
9479
7507
9101
4861
2841
121
9728
8721
1308
1995
9454
4220
7914
1469
5784
8239
7627
2446
9847
2561
3229
5992
9453
7690
3205
72
6064
693
4490
364
1745
8060
8820
1327
6905
8446
9867
302
5223
2492
1100
6349
871
8754
894
9474
1009
5591
2636
5931
6282
142
8774
6422
5521
7461
8647
9536
7809
3459
5764
8506
5589
663
1058
9984
4737
6522
1747
1622
4863
7592
322
2193
4964
3751
685
186
5815
8733
1533
5297
4619
7736
8598
8935
1140
4904
7727
5164
1032
6134
8012
6867
5156
3480
1424
8169
402
4683
5866
7725
4120
5174
2095
2857
4563
1735
213
782
1477
7151
3042
882
1309
5188
5420
9359
8484
3556
4747
5068
4004
9555
8003
1964
2655
5787
7071
2580
4241
6130
3083
2696
5424
7636
9969
2867
5150
735
3997
4548
4949
464
6272
384
6098
2352
7479
2884
6386
5242
4366
9600
9467
4904
4062
190
4319
8948
5843
2481
5667
2895
5153
3361
5057
8427
1440
4566
2643
4529
1381
826
7689
7439
5722
2997
7221
4440
9504
2091
3359
6180
1739
3833
4454
4182
5764
3971
2836
4545
6613
5717
4593
6611
3301
6953
1136
3353
1345
1679
125
7153
7933
9016
260
6058
3518
7774
3227
7229
223
4082
9867
6622
9730
3792
3581
5657
752
5279
1236
1551
7485
9014
9462
5258
9568
9588
9687
1172
1724
4925
8303
6723
4074
6368
9836
5179
6106
4148
5412
821
9825
4369
7318
1990
272
2774
1167
758
122
6864
6211
2813
1635
4905
5166
8887
6780
7064
4965
3475
815
1149
5140
236
3557
3958
8739
2630
3790
7381
320
3429
4059
2265
1107
2843
5093
3288
8096
4740
8259
1959
755
5043
776
4244
4716
3390
5838
2911
1241
8017
5104
9570
4937
8561
7776
7543
6535
9627
5883
5953
4300
9190
594
6697
1041
2670
3297
9389
3566
6447
3185
1437
7985
6672
6029
238
8546
4472
5932
5529
5689
9822
9083
4642
5898
5005
1218
1992
6784
7555
6748
3934
5477
6651
5131
1399
4158
7267
6826
5336
420
3853
197
5563
9109
6921
8761
9080
9515
2995
9018
688
8974
7274
8162
1602
6555
9518
8948
2664
3803
4555
5813
478
4420
1643
619
1008
286
1723
5732
7474
3535
6928
1068
6293
2261
5697
7769
4280
5877
7178
2426
4503
3576
8811
7645
2699
8829
6521
4246
2670
3891
3473
4379
8916
4425
7468
766
1194
3192
3267
8857
7734
1353
3424
1546
369
163
9042
5116
7065
870
4243
5502
4553
1584
3424
6879
5578
2840
6470
560
1150
8623
4043
5698
2625
2980
1457
3260
8538
8232
5254
3573
1261
5636
9178
4991
3726
995
2449
6773
9169
1552
2787
8428
929
6539
9235
9295
2819
4232
4652
1408
1988
9352
6077
6117
8507
6035
4946
7487
1260
7968
5568
188
8206
9304
7062
3674
6696
9257
145
1575
2422
335
825
519
9888
5688
9857
490
2696
2596
3701
8082
124
4574
64
2649
9113
5075
1918
307
2656
7421
4037
2857
320
160
256
6378
3394
1386
7127
6405
2625
3877
6014
1210
9159
3099
1382
4849
5381
5146
2319
8380
8876
4608
2844
7205
4471
1161
1862
2164
8862
5005
367
2313
4430
3702
435
8930
9879
6440
7379
3932
7619
8728
3757
9710
2191
2476
6551
1349
717
5250
7799
6864
5349
9195
3756
9799
6770
3093
9671
444
3709
8145
7440
4654
1481
9934
1056
3259
6199
5051
5160
3935
9903
9691
8864
343
9277
8195
957
8667
8743
2752
5615
4965
8079
8363
7808
117
7644
4737
8359
2641
6768
5155
1850
8172
6214
27
1586
6137
2198
5495
849
80
7917
8500
3509
1336
5695
3080
9428
8011
5912
6900
3065
1791
8878
9803
9772
2868
8032
7546
2497
6323
417
1207
2136
5838
7840
2120
5583
1063
3566
3337
3162
2937
5288
916
3383
4018
2064
7784
2832
3152
4647
5526
1979
9236
6313
9802
86
3781
828
1237
8815
4042
1377
816
8247
7013
4167
1313
3972
8518
3250
2008
2340
5210
868
780
7459
3871
3488
8348
8541
4103
4861
5401
3743
4831
3884
2773
1359
5040
4696
1007
1899
7471
9092
4213
8925
9246
7473
7184
4847
8165
3522
8986
7677
4133
6226
2759
1222
1434
9089
5322
9444
9737
6749
5705
7873
1124
1627
7230
4765
1029
8911
7500
9735
8483
5974
3023
6447
559
2715
7313
4279
4177
8414
8025
1413
638
9071
7046
8718
8398
1134
3636
8944
6011
5756
6629
8329
9759
7739
807
6028
1213
6751
2075
2917
8621
8046
2768
2074
2036
3948
3753
4919
408
7445
8246
5261
7492
8266
4494
200
7383
9927
3614
7124
2898
2082
4756
4407
3773
2739
5658
7977
2230
4582
3250
1257
4787
9825
6005
9186
7951
7125
7936
1750
5624
7198
7983
3888
3356
8073
2755
9691
412
4881
8884
577
4314
490
5465
8991
5973
6326
6992
9668
992
95
6557
2138
7762
5262
9604
1753
6237
174
2737
7193
3074
940
7747
1801
5002
2288
5429
7181
2751
3727
2923
6646
2016
2998
2311
9410
3697
4851
582
9987
2118
9558
2946
9685
3998
2298
9433
6397
9804
8728
4943
2974
1594
1071
7783
3311
4867
6045
1146
4959
8323
6437
7207
1474
923
3070
4946
2755
4523
3051
1698
1629
662
4569
6582
8133
3729
1519
7456
2563
5878
8444
1867
9815
1015
7296
6088
7531
8843
9975
2812
3642
4420
6603
5522
7176
6288
3550
5680
8953
7933
1536
4595
3463
2268
3269
812
5975
4524
5564
3470
1271
5489
5843
664
347
9389
8774
1563
5060
6871
7272
4118
5165
9645
1382
3784
3726
3690
9106
6772
9453
9450
2575
8181
5455
6371
6261
6273
6358
9012
8272
9575
9869
7217
1725
192
190
9322
108
4395
861
2583
2902
8270
7055
6372
8390
8918
4034
616
2479
5704
322
5257
1887
326
2594
5000
755
7941
8830
7489
6172
95
6646
4629
5060
8061
3501
6164
5903
9290
5926
5750
4470
4550
2552
2272
6045
183
9573
2128
5037
8115
4439
669
2149
790
4443
8406
597
2525
7496
1057
1985
9186
4443
5855
8048
1877
241
9923
4868
3103
4689
2018
6222
8274
6117
4367
6985
8425
5670
3874
3784
188
2551
5883
2084
5052
6499
8658
2553
2455
1873
8619
5695
1351
9050
4097
9729
6415
9962
7468
9384
2570
1768
6852
2018
9299
7546
1885
3318
4847
8665
7816
2930
1740
8011
3060
7715
982
3583
7789
5865
9506
5969
187
8234
6365
7752
7952
921
7859
6415
8299
1417
9729
5708
4201
6750
3882
898
8202
5493
3873
4542
2746
4954
3346
8653
5233
1730
9847
529
7777
3157
125
9272
5942
7048
3995
8216
8273
5574
2562
8679
6604
2166
1142
9539
8017
8714
1756
3426
4326
1074
4594
5409
9589
8623
9279
9936
3441
4254
8190
8024
2859
789
340
2514
4703
2097
9215
4234
663
3223
6139
5572
4591
715
2737
9765
8026
2452
5491
9660
6408
297
8232
5052
3338
2782
2307
7713
5499
1377
655
6928
2042
2471
5560
6245
9057
2915
8848
9164
70
3300
7338
101
6580
7996
6088
431
6797
5648
1872
3832
2050
4368
9848
8127
4230
5762
6795
7975
3003
2584
9324
2220
4959
1546
4447
31
9692
1242
3501
32
9450
9436
9358
6365
3749
5095
1060
2552
5278
9432
9786
8331
3445
7158
8046
7680
7896
5399
3955
71
761
5251
3232
4681
774
5737
5888
7209
7132
1977
6653
757
1806
910
6106
6104
8894
850
4968
5630
5135
1963
9305
5598
3692
5761
8029
391
1758
750
5941
6851
2467
2624
3424
588
7398
2104
9235
400
4562
8515
3246
8768
6002
4084
6009
8493
6830
497
1622
6309
4032
719
9223
7619
3143
7414
9485
4276
6255
2187
2315
5221
9051
8491
9254
6220
8463
8062
6547
8654
9291
9903
8118
7137
8168
4723
5909
6709
2017
4074
7629
4586
5712
9444
266
3215
5817
1870
2909
2954
3148
2961
577
2019
2138
1367
38
7581
3389
2629
4356
4405
2482
8185
1617
2390
9122
1844
1854
8273
3182
9808
904
8252
5135
4107
3552
183
1196
4589
3529
1739
6645
152
1062
3308
1161
5150
5407
7363
2816
9487
2332
8575
2851
9342
8767
879
5410
4444
4028
1491
5781
712
5910
7545
3198
3550
7260
3612
7548
6446
6724
145
5208
4524
9820
4508
7805
1720
3551
4863
6633
6715
5267
1695
199
6456
8660
8108
2232
3462
2538
8537
7193
6055
4439
2552
2106
3628
6888
7655
7490
8188
240
5582
4026
8883
1507
3354
9107
7662
255
8815
2884
5604
810
7137
8804
4969
5396
7039
9088
5079
3897
3110
6269
8099
9031
7475
4425
7404
8435
2281
2723
2202
501
1189
229
7254
5144
9140
8922
7796
7904
125
8445
2587
4075
7687
7529
2777
5655
8298
411
2798
929
784
5387
3472
3783
4807
9700
7356
9571
9246
5961
3014
2265
8318
963
705
87
1573
633
2501
5951
2761
1142
6631
472
3438
6335
1266
4
1369
1272
9573
3448
279
654
9029
5651
4716
8087
8870
956
3223
8301
1834
948
3106
3011
6928
2001
3014
3761
3785
5615
1258
9830
1332
8225
231
2988
4506
6369
6243
4781
283
6152
3851
6626
8464
4542
784
8807
9252
419
2576
9323
6267
8098
8899
9818
492
2701
3132
9612
8525
361
8850
8022
3089
6126
7323
1852
2192
6252
7680
2525
9055
