7934
8220
4851
2617
5
6629
4703
7598
3732
7702
2727
8020
7299
4141
5384
6821
1930
5537
8052
2656
8034
6857
8443
3356
932
8003
8048
4453
938
1972
6350
2912
9514
5886
2009
6555
3604
9328
9096
5147
6446
6980
8056
9764
285
3614
6018
3044
5892
897
8801
5253
1169
6628
3123
1963
4838
1382
2099
8656
6983
126
7781
171
3330
9045
6203
3062
3775
3892
1269
9999
539
4229
7464
3978
9810
2454
9793
8923
6703
8896
4472
8313
7961
5167
4710
7057
4091
860
7466
2659
4877
7841
1722
219
1235
5895
3611
2564
4516
9276
2548
4106
8793
6122
2680
4748
4786
1422
3775
3057
8048
3234
6593
9708
9231
3761
6031
3202
3983
4880
7935
9367
2908
62
4494
572
302
7736
1122
7186
3621
9385
8535
623
1927
9474
6135
4222
7823
8136
4917
4689
1002
3620
1450
6256
6066
1443
6281
974
1055
6456
4628
8996
6292
7014
1271
8327
836
6182
9114
9078
8933
4520
6939
7914
1371
9435
9088
4409
7785
4471
2765
7125
637
8002
9781
2861
9397
837
8581
2799
9663
4307
9222
320
857
8164
6386
5356
328
1733
3705
521
9931
7652
9498
7007
3435
776
7316
1141
5472
4641
4946
752
740
5203
305
5255
1504
2818
1511
5685
3884
2231
2216
5641
9106
4192
1632
3165
2404
5724
7865
5690
1882
3253
3811
4410
3976
9976
5511
6621
7164
6452
8053
3723
6666
9726
1642
6255
3847
611
399
7590
1146
7111
1002
3677
322
5428
7865
2256
5654
9223
2935
4711
7242
8643
1687
6614
1201
1123
9833
501
9199
7502
6760
7295
6510
2871
4434
2022
8593
7789
7876
2140
5923
2550
7906
7448
9952
7082
6839
7771
937
5954
328
3672
1172
9485
281
9214
9479
4357
8325
518
1394
99
681
26
8284
876
5908
2733
1324
4193
1819
9772
3840
5939
5636
6269
4805
2702
1368
8881
1926
4485
8084
5761
9481
8096
5136
1200
5927
4737
8618
5308
6943
8117
4705
8419
8994
1544
9192
8698
8550
3378
2519
1329
3710
8551
3629
54
3050
826
6226
7683
9267
893
3805
1259
9105
8370
5199
9541
5203
7765
4881
3643
9945
8418
5917
8673
6495
7978
668
1316
1095
6032
7197
1552
5052
1136
6876
7791
867
9801
6649
1249
3511
1583
7280
9168
1752
1841
6289
8596
7390
4578
1106
6142
4556
8038
5720
7340
9711
6260
9117
2740
16
8825
299
9937
4558
613
2747
7214
3841
6239
1020
8357
3732
8328
1474
6673
4691
4045
194
5318
8381
1039
4458
125
9942
9696
6785
4802
704
1211
7051
7946
9891
8618
4380
2553
5419
3460
5449
8841
4530
9813
7184
458
7469
6616
6221
33
8789
4954
5368
1703
355
140
2099
3042
1541
583
7275
7025
8821
2177
7285
5945
902
8751
3573
1850
1833
9244
2208
3844
5470
3592
6560
877
4300
5846
6190
6090
2693
6382
9723
4825
6440
8370
2524
2657
9703
3008
4261
3710
9932
5451
8962
1625
2777
6498
3183
6633
5078
782
1118
4387
5337
1766
2632
12
2660
3093
3884
5933
8528
7174
7408
2830
4956
7269
8938
2405
151
509
5154
8723
1534
7838
6411
8639
9011
1074
7938
1354
1188
3987
4888
698
2757
1755
1350
989
238
2176
3273
4199
6945
6120
4879
3229
6147
1929
1774
1130
6693
1393
2229
3516
5640
6476
5924
5962
1927
9127
7371
4069
3966
5771
1195
6442
9030
3640
4990
2532
9096
3767
3607
7128
3725
9050
4113
5891
3050
5895
4723
1041
8890
1605
5758
6772
4687
3277
4537
9996
119
8851
6073
4811
6379
6398
8303
9766
5152
3513
3625
9107
4801
707
5867
1150
3468
6508
6126
5365
8296
6085
9703
8115
2643
7816
3610
9453
6192
4182
1751
8480
3527
157
8032
66
447
304
6447
5621
4835
9350
4705
2058
9965
1103
497
2228
9766
4177
3569
3697
3704
7557
6380
2794
1904
8162
5616
5018
2008
9766
5286
9183
6739
6389
244
9142
8546
765
817
6752
6678
1931
9910
989
5690
4820
3302
6689
4409
7672
7708
94
3263
5425
2964
6002
292
1052
5120
2151
2077
4131
5944
6542
5986
4982
4334
8693
8635
8985
9432
6718
1995
7018
2828
3007
4007
328
4384
1964
2329
4312
7556
6522
3150
7231
4062
3582
4087
2861
1536
9681
5960
6560
6099
5014
6295
75
654
5347
4647
122
2111
3052
9677
8367
401
3888
3501
1373
2901
9896
9173
2702
7807
1300
6322
863
6418
5982
9940
5785
9118
2424
6246
2087
691
9828
271
3533
3164
2015
8565
7541
3827
5635
8298
591
6555
8526
6057
5239
2484
1685
1767
3575
2857
7798
1601
1262
7981
4527
1145
8157
398
3731
4055
5182
2386
9273
5809
3271
6384
3810
5605
5969
2469
8710
934
9334
4239
5085
1071
5117
3322
6124
6864
1006
728
8959
2055
6781
7305
7818
56
6384
8421
349
73
8845
6941
7061
7688
6110
2009
1596
150
6594
6643
9916
2453
1454
3785
9408
2370
8807
6375
7682
1155
8045
4002
7417
482
2959
5661
2726
5385
1064
2570
6342
3288
9777
3658
3051
4013
6379
3154
9790
2001
5860
8718
2694
2331
5113
8493
8491
8565
7129
780
9195
1573
148
5058
176
434
1930
9829
2751
8518
9422
2224
1047
2163
6391
6905
3240
7800
713
244
3631
6592
8462
9471
9077
9700
6120
4343
522
5690
9159
7875
4693
6415
7707
9943
7183
5904
9592
9690
4
9644
2926
13
2974
1287
32
8037
3729
1134
7227
2010
3465
4070
3225
7342
1920
8121
4584
4297
3303
9183
2418
4155
2614
1224
217
6813
8139
3174
4400
8166
541
2741
7357
2477
2493
5298
2730
1569
525
9837
8108
2414
1166
5204
5378
9359
3841
1312
8467
1481
2445
2197
8704
9646
3811
6311
7040
4535
8086
3152
7345
1649
1420
1558
1781
9629
2459
6542
134
8691
7456
6670
9883
324
7615
1202
9430
86
3136
5507
4719
7990
678
8889
172
9537
7864
170
555
1186
915
1666
2158
5232
4935
2497
9857
5939
5112
8305
6172
8737
8299
3585
8755
6220
217
3323
6855
6984
7011
7728
7265
9069
2567
9064
8892
8110
2291
6024
8597
8485
2139
411
5489
818
5226
1197
1245
8778
6209
626
5361
2925
4509
7548
8952
260
110
9182
1386
8307
6340
5823
6334
4064
8433
9593
2802
2410
4256
3717
5519
9392
3237
9318
2753
3714
7497
6784
9043
6155
2966
8063
2511
208
3304
9679
136
8590
6987
6634
6127
2008
4799
9980
8347
4237
4464
4239
3641
3709
2089
9209
268
1482
6091
8483
6850
1407
4931
9848
8693
2318
9815
9964
1532
8541
1977
445
4061
9784
7224
1819
8497
3033
7877
5430
6559
4975
6407
6011
9234
4957
8466
5135
890
6130
8747
4263
4245
6257
2580
2234
5009
1056
4633
4444
4711
4516
5582
7777
8792
4326
6773
2845
2031
4808
2847
3096
6578
5507
1703
5877
9935
2484
7209
3339
7131
9231
9804
8483
2816
8479
1192
8148
6687
9735
3888
8916
4812
847
9278
1586
6437
6867
6704
6533
9475
6825
537
5655
9468
8036
4418
5376
7522
7879
447
2809
3926
142
6494
6134
2762
5938
9737
4634
1927
4556
6762
1711
6530
6206
88
4996
252
5641
2328
1177
4199
6471
434
7825
3921
5629
5544
4900
1050
584
2810
9959
6214
862
5955
5159
2318
6878
9187
9768
5389
8799
9060
3002
4991
1928
7763
9094
7124
3428
7725
3944
1828
4306
2494
9509
187
8355
4245
203
8400
3693
1333
6585
4759
4491
3367
1697
8867
1061
737
4684
6919
3571
9429
8624
5659
8814
9439
1900
2531
9425
3383
9459
7602
6535
6645
7026
8441
6244
1160
607
1337
7600
1546
114
3025
2660
8217
7724
17
3781
6133
3036
9558
8294
707
3016
9325
9820
1437
2150
7281
4124
2083
6778
6739
247
4529
5464
3057
2572
8959
683
631
4500
592
1578
3876
5116
8932
2269
2089
5655
4325
989
874
6738
6800
2103
1800
1109
3785
8855
7258
8255
7507
4494
127
1138
497
9346
4135
8131
3126
1448
6196
1668
8690
5084
3732
3411
6796
3204
2949
8541
6017
964
7846
4380
2288
2411
7823
2015
6427
1724
3900
5872
2145
286
4240
6296
591
4468
3204
7006
696
1108
395
8019
6459
7681
6472
9684
2970
30
6539
1940
1707
910
6771
8479
1637
3355
9254
7413
9980
2473
6500
36
4053
4569
2350
3468
287
8632
1214
4387
2002
5063
3591
8371
6877
8938
5706
276
8110
2424
8094
6798
2361
9576
6964
4899
2661
1962
702
261
2570
2246
8985
3125
9731
4931
1562
636
9965
1380
5690
6586
3372
1585
5409
4785
4565
1620
1449
4153
2429
7114
5598
3983
5110
7056
8307
9455
5061
4446
3263
5115
2983
9890
6281
4941
7203
7603
2911
6987
7579
3388
5662
6788
474
7293
3690
3551
7826
2060
39
5295
2454
9248
2720
8264
3872
8236
7887
7942
7333
9179
9127
6339
9037
2272
944
8194
5401
6351
112
1898
7761
1611
8541
9320
7531
1212
6817
9163
431
4090
789
9111
1564
8455
7804
7959
9562
8385
913
7795
3346
9693
3369
2716
5112
4105
6387
4428
4272
5671
9837
4430
8036
7074
3324
1709
5538
4716
3073
5010
4104
4373
4961
9168
6709
8970
7357
4719
2550
6922
6632
409
1083
9547
2801
13
8663
9686
6728
7928
3089
3613
5609
930
3076
6235
3790
6465
9619
9945
9700
3462
5581
3690
1584
133
3671
7569
3260
4452
1259
2512
8904
8115
9631
5235
2081
5803
2351
3002
3252
7135
7298
2658
8418
8463
1566
700
5243
1856
9999
1893
6562
864
6174
3074
2491
4717
2553
6867
8721
2734
3777
4915
8883
969
2218
1722
9046
3094
8039
8654
8886
4425
3516
3045
4711
8573
2821
9465
8436
1564
2471
6644
1830
393
3581
4360
3109
5961
6892
9223
6599
7853
554
6662
4803
2385
179
9569
1489
1321
2632
1834
5925
4845
2412
4842
8185
5016
9544
7579
2583
5172
2204
1427
1084
7625
2141
9348
827
6908
2970
1437
6004
7019
3329
3235
1530
6460
4218
9459
7630
6358
8348
9543
4855
5415
1206
4936
3278
181
9751
246
1897
2631
8703
2635
9565
6276
4071
3710
5039
7374
7116
1341
4657
555
869
6518
1902
2796
9471
864
3252
3333
5726
7496
3149
2797
8438
5901
5971
9655
2373
4361
5827
3049
214
2880
3447
6724
9289
3908
3805
5230
8771
7430
948
7642
4842
1189
2315
486
2923
3205
6623
1920
6119
5874
9307
6023
3437
5418
6170
291
4137
6515
134
1317
962
8115
574
2783
9360
9036
5777
4917
2186
6041
443
8909
6568
6116
9589
5948
7392
2722
6173
6513
8269
9731
2440
728
6789
7619
26
3225
6815
9457
2277
2593
2524
2762
6032
8376
4226
3287
3768
4013
1139
1965
3063
7884
2606
9965
888
332
1876
7823
1143
2250
8511
2223
6875
3080
8752
4074
8259
5460
1343
3651
4562
5523
9865
217
792
5331
2249
2492
4148
1448
8216
8133
9774
7951
7472
1062
6643
3480
4107
7513
3866
6307
2437
71
1032
2000
3697
1531
5960
4629
6874
2445
3572
3965
9405
3963
1699
7560
6043
1307
8582
2109
6411
693
4677
1904
3315
2593
219
5745
8247
9661
3822
433
6684
7571
9147
8408
5930
1827
2147
6709
887
1730
1176
9443
5215
3201
6705
4410
4033
7431
5911
5952
9306
2334
2599
3923
2811
3408
6575
3736
9030
2578
1353
9959
5384
8732
5999
9648
1369
746
5401
4406
5025
8846
6428
1127
1392
6211
4026
5423
2056
9625
4249
3999
3963
222
9337
3552
7603
5781
4810
9219
3514
4299
1182
5842
7953
7555
6484
4115
3652
8030
9817
2835
2683
1053
4473
5815
5787
3755
1125
4426
9389
9128
7980
7824
9343
7470
4391
4627
9196
8936
203
4177
3820
8940
419
2490
8288
3566
6870
6102
2453
4990
1528
2350
9345
9110
7403
7512
8654
5512
9931
6861
7509
8800
7814
928
517
1686
7069
6716
1102
2110
9556
6957
2249
8708
1007
7095
5429
3258
2338
2649
7179
5292
24
2909
7019
616
4273
6101
3325
4664
9145
3589
5656
7205
4479
1001
161
3715
4366
4137
8385
1903
311
2141
309
5530
1064
406
2054
6786
7784
9539
3720
6580
8819
7651
8229
9093
7236
7942
8649
4241
5589
7718
314
2233
6655
3653
961
7144
6660
3854
9672
8785
1830
8232
9454
2797
7177
2616
967
4567
8530
8152
2118
9327
856
4057
7153
9836
4788
1768
5323
9763
9778
6220
1656
4551
912
2817
3832
1222
5716
6580
6208
8644
8660
5416
3347
9327
7140
4279
6323
1827
3574
228
5974
7273
1986
5968
229
9022
6746
9330
7447
8658
5861
8917
1320
8853
5222
4729
5630
5353
3940
2687
3779
1826
3634
8654
5523
2394
5498
2698
2425
6319
5793
7472
5376
5974
4323
7802
4748
3271
5601
9120
5294
1103
9513
1102
2472
5398
5185
9654
9435
4116
9975
4341
7981
673
8530
8562
4411
6576
6310
9111
9126
1437
2157
8527
6445
1186
5427
1587
4304
6431
8706
9907
9647
3159
2969
56
9381
7207
8323
2262
6387
6089
5943
2497
4936
1951
7118
4306
7964
6480
6894
700
9914
2897
9775
5285
8492
7910
9323
8597
7702
2723
8329
6390
85
3476
1475
5694
5351
8215
8263
5567
3739
3689
4643
588
3965
1223
6191
7389
9490
7688
4607
815
6174
8820
4430
2269
5678
3100
8307
3984
8045
1856
6960
702
9091
1599
4166
8945
7928
2680
6439
8563
420
6991
4059
9977
4786
5034
5760
4492
8089
1956
9391
4213
1892
8977
1533
627
7070
6913
6881
4402
4791
4321
9120
5488
9163
8237
5763
3620
1395
4959
1364
336
8515
7014
9714
1046
7536
6585
5570
3691
6198
1117
5781
7621
9136
6942
7574
6923
742
7313
4880
1385
8551
8294
6795
4959
1864
5201
701
1687
385
4130
5753
5059
4671
117
2382
754
8374
248
7040
4129
9004
5540
1457
435
9536
7857
3249
9306
1220
3006
8193
8723
3477
9316
7935
9572
1400
5735
479
2289
2432
8471
2924
1441
6770
255
2511
4465
5404
4453
9829
6574
443
2098
3898
2934
8692
5010
9375
6518
4915
5271
4280
2816
9201
861
8044
5809
8242
3140
997
2480
591
6558
3229
3321
2838
9791
7683
6683
4835
391
581
5140
8747
9854
8169
9709
3624
4095
1735
302
6930
4644
7247
3136
5394
5208
4995
4401
8442
7860
6479
7834
2454
4396
6334
5005
8710
1472
1067
4115
773
1724
4933
3400
8688
4933
9725
8432
4820
2279
2901
199
502
8303
4400
5063
5387
6135
6025
209
1663
3969
3152
7503
3614
8905
7940
8393
6470
8361
2101
9308
1702
1766
638
7037
2153
2662
3063
2786
5343
838
7677
894
6515
3960
15
271
8781
6739
6421
7974
6246
8621
3691
7620
5814
1603
808
5469
5981
7139
7626
8155
2077
3758
6971
3056
1389
6696
2980
7052
6769
4097
5840
3050
5409
178
141
8905
1514
9916
9376
3788
2802
1613
8238
9908
4463
6673
3280
4074
6544
3118
3469
4537
1885
6071
8060
8268
6591
9380
9693
871
5743
1081
3732
5446
2938
5281
4954
9560
5477
1999
5237
8672
3742
9089
2838
8331
6876
8267
3355
4424
2437
9315
9350
2432
7576
9127
8076
8726
7578
942
6564
3902
9101
3133
3670
5586
5837
4875
7809
390
6536
1250
3025
4263
499
738
8744
8271
9278
4408
4058
7574
2130
9280
4847
932
7499
2187
4656
7425
5036
6156
7230
2291
7658
2406
4740
7410
3682
6803
128
7596
3713
8369
1331
5699
9869
9177
4041
9190
137
9829
3127
6375
2545
5932
7847
1941
3442
9836
3035
485
9960
6662
6161
9408
2752
4352
1937
534
8454
862
9179
3343
6566
392
2325
6337
4005
2210
1924
1875
3757
9848
3492
9471
7506
2822
3581
6431
9173
9200
9107
8749
4570
5740
4717
7691
5059
3753
4275
419
4365
99
2968
748
5204
3136
9478
9614
2744
1846
2735
6828
5680
4790
7031
4471
6152
5043
8737
9314
1924
9511
2818
4643
3217
7330
4547
8285
7065
251
2179
3571
5269
7021
6321
3276
7623
6842
7886
5484
451
8946
510
3013
4863
86
233
256
8756
7594
8469
3789
1766
1068
9406
8907
8494
6440
355
6707
4261
8498
391
6133
5381
1687
3452
1
1504
9559
638
9031
3232
8921
7323
1821
4842
720
7482
3102
2373
7865
1124
2255
3119
867
6347
4775
1248
4129
8030
7263
3065
5082
4429
9178
335
6974
1972
5884
6242
2038
1175
6985
3150
1051
8558
6442
5482
677
8663
8011
5422
2030
8403
3979
5651
2161
9792
9465
1203
1740
2126
3821
6877
2147
3935
7557
9276
6124
4986
5811
6961
5394
4327
9543
81
4497
3087
8865
7042
7587
5278
4210
2453
7563
7749
7740
4124
274
3899
994
6938
4711
9659
3625
2149
4640
9208
7276
6015
8800
1375
7807
6427
7966
8797
1198
3258
8844
8104
1748
4093
8852
3154
4786
5400
1948
2337
9291
1338
5202
8897
8768
9088
4795
2569
6654
9109
9596
998
6478
9143
2715
4893
9692
4660
9810
7758
3353
7509
8928
1337
4026
6096
2939
273
9001
2508
6788
2890
9141
5130
2018
8048
2704
7686
127
1507
2728
9252
8455
5407
2251
279
1245
5672
8154
6582
7643
1395
6872
5545
8741
1201
236
9634
4524
3847
175
1673
6172
6276
2340
3715
45
1927
9150
9855
9594
5770
7624
384
4704
9694
9328
5122
3387
8896
8644
2760
6826
1692
2131
4463
1321
2044
5823
5369
9634
8582
1490
9569
876
6852
9341
7610
9951
4764
5460
9484
8729
6890
2224
5497
6364
913
6818
2283
4688
5457
5769
8920
6862
5883
9157
1279
2775
2217
3840
4709
9401
1436
1965
9090
766
2877
2659
2812
4811
5203
7991
4553
1903
9865
8796
6748
3315
123
2423
7888
1889
9374
678
3517
8441
2769
2897
8843
1836
8972
8365
3684
6843
9540
8
6958
8032
6006
7958
621
3402
7718
6610
9706
7962
1095
4371
2358
5616
5660
1111
4287
5363
148
8610
2710
5083
6280
1982
8339
5158
1397
2139
1329
1295
8031
4658
4563
6011
6160
4298
9869
5517
8239
6591
6536
4177
2893
1748
5298
5601
8043
1174
6717
9764
3277
6874
2882
5499
4329
8284
5675
5650
5687
6242
4895
7494
6490
809
4510
1292
9298
2135
456
1454
9354
7402
9742
159
6540
5218
3072
9500
3661
1586
8273
6674
8356
4974
8934
9932
6424
1764
8385
623
7768
127
5371
5215
8204
1050
7069
67
1190
6421
3815
5025
2968
6973
7745
5819
7686
9908
7659
4841
495
6661
9121
2843
8249
6512
3528
1195
4747
6557
2453
554
5192
5409
5827
3165
154
1675
3360
4118
1432
6576
10
1642
738
8301
3944
8517
3059
4717
2532
2593
239
8092
9929
8394
7871
4184
6140
7471
9536
5722
7204
1436
9907
6564
7416
71
5256
4026
902
2495
5243
3489
1578
677
7441
8928
5320
3563
8444
6094
3814
533
872
796
2002
2125
8499
618
6727
5316
8839
5368
6962
6382
856
981
1427
1908
4015
6755
3960
7049
7521
9471
4531
2940
5825
3149
1623
2218
3005
2472
8357
4735
749
1578
21
7283
1848
5099
624
2204
433
9224
1230
9978
8495
7167
244
9398
7077
8304
7870
7423
2173
5648
2474
3794
1176
5488
9096
6118
5465
7469
9848
7457
8864
9976
9669
2362
6780
670
5669
5159
5239
2678
8525
2977
3131
5441
2863
6225
273
7105
4920
3334
8207
7493
6329
8622
3757
4381
3746
3562
2283
859
5714
8231
9733
7156
8722
6856
7333
1510
3547
7178
4256
5385
9161
5478
1555
3106
9076
1340
4210
2193
396
7087
338
9438
7517
2633
9112
3794
8696
5463
6760
7420
4680
9879
9937
8768
4580
9513
9201
358
8044
2790
7572
3537
3514
5631
151
6042
4890
7555
1612
7436
7338
9642
1586
2818
9683
3743
2796
5637
1840
9823
5043
1952
6134
8954
8129
7562
2459
8388
2970
7210
8577
7833
4242
9988
7248
9342
3651
8924
878
5016
22
9979
2213
8265
4943
3732
8424
4508
9298
5781
6910
4579
9171
2869
9924
3336
4242
7991
1268
3438
2755
127
7553
718
7359
9166
6314
7395
3095
3158
8411
8944
9587
8451
7231
6963
9903
7128
3118
6494
8161
4197
8343
1840
9171
7960
9819
7764
7144
8588
4902
8987
2925
2012
9773
8792
1157
3858
1779
3673
5628
6743
4652
3727
8982
4457
7030
5800
4973
1429
906
7967
6941
308
5636
5805
2988
3162
6793
5397
2706
983
1191
9706
5318
6376
1857
4311
3599
2491
961
6278
9698
34
8224
7577
8052
8135
9720
8779
1096
9027
8414
6423
9575
2125
5252
2004
939
5795
9890
7432
1794
7387
2140
9825
6007
7361
1334
8385
9490
4913
3034
3494
6953
7854
5918
4979
4557
1748
990
842
9367
7341
3831
8600
8611
8835
6450
9973
9846
7651
1047
249
3918
4401
1418
8543
5686
3915
203
4459
7785
1498
93
8838
9430
3815
5580
6384
4807
2087
7507
9742
4543
4453
22
2866
405
4726
3090
9168
1852
9516
1746
159
4954
6976
8755
2635
7506
6623
8888
546
6475
7775
5629
2946
79
399
9698
11
2485
5363
3381
6727
6043
4044
6988
9307
4178
4347
3193
6663
2401
632
8354
8634
7608
227
1357
5336
2918
5297
8686
8476
6155
6984
1430
5843
3870
5953
5589
7826
3684
5462
2167
7039
6600
6280
3433
9147
3700
4894
7579
3239
1965
8677
8465
5070
4998
3574
1290
5580
9954
4714
1229
3321
731
4141
9302
2702
7535
8915
6968
6060
2093
9659
6631
1458
5295
9956
2815
7444
4744
6820
6219
9840
3128
5824
1692
1001
5922
4787
219
7824
6605
5321
4852
6359
6708
7775
3192
4944
9132
6615
8212
2027
6693
7261
6012
2982
8755
3887
3804
2121
8718
1872
195
2335
246
4604
3572
3021
7529
95
8975
1660
9412
5396
2086
3449
5221
885
1982
7412
7038
5448
3443
623
8965
8900
6946
6403
5980
7638
166
991
9216
8926
7185
5736
9926
3431
9070
9430
1454
2991
3367
2997
9409
2411
8151
3957
4592
5004
7004
7852
9404
7689
5454
9212
7579
7123
7064
6625
6633
5830
1561
7013
4509
133
3807
5283
7711
9491
5382
1942
2205
3313
8098
3888
6498
649
20
8540
9508
9203
3180
8120
7441
1822
1806
2343
7764
863
8589
7665
6681
7756
6429
811
671
2719
3042
2711
1239
7687
5292
4753
5871
1484
2873
3099
5414
4825
1040
2254
8054
5563
9572
5415
1493
6903
8368
479
1295
9331
8848
8229
9387
9189
2395
4172
6000
5747
1316
7364
5611
7737
5660
7062
6785
3350
1374
4369
3094
1235
8135
1657
9528
1717
1921
5712
4106
8409
2763
2991
4709
1076
1056
3838
448
7581
9746
5496
1747
7417
885
7933
2379
8920
944
8213
352
5643
3423
843
5062
9497
37
7300
5228
1465
4260
757
9593
1250
230
733
1733
5145
3870
1319
9150
7761
8016
1724
2631
6410
4848
5845
2858
6748
3224
8559
7064
1037
9786
3844
741
6505
91
5757
855
9958
8598
2247
5103
159
1799
3874
159
3104
9628
6799
6087
940
605
7095
258
6725
4034
7862
7296
421
2578
6555
4407
634
3284
7248
6666
409
3578
622
7845
3985
2138
4811
5089
3394
9392
8072
7297
7095
4439
8529
7771
877
1057
5918
7742
876
2450
4532
5447
968
9669
6575
3729
3358
9822
6927
7534
822
8966
6660
8611
1417
4076
1494
3671
4663
1475
5749
2974
5199
376
2543
3778
4643
8692
7188
839
9830
624
6141
2411
3065
7505
8527
8648
6389
3012
9055
66
8968
5099
5889
3732
4227
6444
1817
917
8680
663
8904
6332
2793
3726
4419
3101
250
1460
929
9109
8506
2
8250
562
7977
6486
389
9114
1551
7132
4637
3523
6971
4219
5505
8450
3117
4539
2014
4581
1745
576
3943
3886
4706
2469
1854
7781
3086
16
4053
770
8114
2919
459
7234
5812
6438
7011
9296
1779
6056
7185
7435
2175
362
5990
2902
4896
4306
3532
6964
8459
6259
7371
2367
8660
2036
1594
1859
4810
9415
4091
476
471
8091
7691
3257
1809
4140
5183
8533
3138
8577
4962
9568
5936
1609
8190
3255
5124
3040
7509
200
7545
6789
8507
3466
6120
3921
951
429
4630
4735
6138
2567
9105
4535
9607
7218
9922
5672
465
7200
5247
7459
5544
6260
1269
5889
1350
1023
2953
4014
6015
5854
7588
1593
1870
7617
9470
3232
877
6060
6685
1105
2985
5537
1272
4136
2430
7039
952
4252
7565
6655
8610
9950
8900
52
234
3707
8754
7798
4544
7201
6086
5332
9022
1996
9575
1006
4793
1528
5721
762
5384
9069
6112
3887
161
916
2190
1895
3776
3590
4234
3477
3229
9262
6692
6811
5617
6740
5200
8518
8075
7758
1000
8364
1622
5824
1639
4683
463
9726
9715
5660
3732
4289
7502
5151
4234
1436
4677
894
4415
8687
7965
1674
190
5754
3431
1904
8512
4972
3596
3851
5242
355
347
1999
4008
8387
9023
2357
8790
5867
5938
7807
9780
9366
8155
4230
8161
2003
1490
3535
1795
1505
4780
2117
1188
5082
4882
9993
5879
6810
5629
2125
348
9398
8560
2925
2187
8919
192
4973
8364
3460
6692
4217
3906
7908
6491
6464
4929
6080
4914
9855
6564
7484
5089
2986
2966
1810
5065
547
6894
3300
6469
4166
8785
8993
6027
6738
2854
1745
6073
8716
8788
897
504
705
7635
6004
6319
8691
375
8256
3573
2455
1396
1929
1748
1482
6438
6864
5727
4142
5768
2864
1394
298
8742
7385
8881
5687
4417
8930
3266
4203
881
6311
151
2360
4607
8263
6491
6549
2418
8732
4207
7701
9840
9853
2746
106
5827
5472
9661
701
3857
117
1009
972
4194
8352
5046
9120
6905
9211
5512
1918
8421
1571
7062
6542
3445
6816
4669
4446
8288
8050
86
6865
3416
9949
4043
3984
450
2006
4398
6725
9933
5542
3748
2496
3714
364
2990
1551
5584
4622
4821
3483
1749
2225
923
5597
9361
9511
2547
7990
4197
2653
1756
885
5019
8597
4982
2751
6358
8661
3965
6936
7544
9938
7800
2518
6450
6967
6067
6156
5820
8562
4344
5541
9939
9080
5517
2587
7313
2341
498
9476
6058
890
9567
998
9768
4496
6660
7009
9511
73
3565
4144
6184
4332
728
6057
3768
4054
6028
9076
4034
5525
2473
7104
1347
5226
4715
3929
7671
265
1040
5176
694
2091
8057
2741
5906
2727
2863
7373
7412
3541
6011
8827
2667
8642
9292
2377
7146
4865
185
6571
9483
5595
4575
115
2039
4760
4777
3685
8550
2200
8783
8185
7462
8637
8470
1527
4983
7505
281
223
965
6570
21
6939
2861
5520
7295
6030
5360
9832
8880
9504
6884
9699
1189
3393
1270
9525
9583
7789
4073
7278
5144
4070
6108
5779
6576
6999
9301
4463
5856
4181
6034
9569
5365
4829
3258
3543
8144
7354
1848
591
3988
2652
8403
6309
6753
9195
262
1757
9192
8690
5056
6468
4304
9797
5234
5523
7293
9943
5144
5696
2264
1409
6441
4055
824
4764
1636
1225
6130
6862
3651
8791
5620
2633
8112
5559
8199
3022
9494
3841
4854
2124
7834
3092
1759
6698
2734
9298
7436
3907
6698
4196
7983
1375
1706
184
614
8711
5471
4989
4718
584
4107
5441
7227
8642
8213
3387
9247
6232
6291
7920
2786
5749
5074
1381
3112
2216
2998
162
4840
899
8025
2094
3237
81
3535
7317
9927
4014
6828
6528
612
3363
1885
5285
6038
5974
55
5301
6017
2196
6717
3386
5478
201
459
4159
7199
7034
3927
1377
1404
6721
8636
4851
6141
9819
2776
2163
4426
2100
8789
8055
143
3082
5608
955
8409
575
7578
3558
7444
5189
9432
450
6059
5110
7726
375
7087
3276
7049
6610
7131
7575
7349
7129
9506
5201
4761
4203
7613
6264
734
7390
3882
1702
7149
2347
9800
7686
3710
2627
851
5712
9965
2585
4234
6412
7853
2326
3496
875
5312
5372
9508
9952
5428
5827
4879
5436
2220
9203
7528
6897
7737
9392
9032
3416
4401
6682
5369
2364
4787
9826
6832
4207
5230
3586
9664
3802
5455
6163
9528
3216
6787
758
544
2850
6169
5932
5478
3523
1928
808
2917
9347
5018
3060
6916
3256
3969
8155
5317
6141
7437
8226
4060
8778
8213
9886
8353
8983
4664
2545
9311
1873
8220
4944
6341
2711
2086
2228
6942
1867
7854
1125
6153
9289
3118
3083
9773
1054
1413
7860
245
4807
8293
7478
6117
9988
423
7109
3954
4999
7111
8270
3748
1846
3463
3688
8883
2357
1575
721
4945
7983
1097
8328
5292
7587
4524
2939
8297
6555
6794
134
6107
5122
6317
3452
3979
5426
2163
2044
5405
984
1837
9521
4614
8719
6814
9003
6336
6755
9208
7169
6230
6419
2892
5238
4938
7552
2931
855
5127
9476
2294
6619
9366
4522
9719
8588
4612
1050
6789
4838
1986
5120
5334
7067
3028
250
9379
3964
8889
9742
8800
7299
2465
925
1696
1209
6765
6568
8270
6018
3356
7580
3932
8562
8893
2707
3381
7280
9664
6725
1863
8684
2393
5941
6353
4423
5495
574
2292
7747
7865
7291
1982
631
4527
4937
2872
9767
4641
3107
4301
581
9555
7667
9338
4348
4458
4008
5588
2044
9921
1779
8210
4410
3167
4612
5935
6518
2987
1642
3885
722
147
8141
7866
3485
9499
33
6435
6986
7013
8897
1107
5040
2143
7162
982
5113
1773
9584
7954
9152
1832
9118
8644
1233
4468
4215
6913
7639
3541
7736
8197
222
7029
7574
8103
9187
5927
3959
3767
8379
6113
8192
6878
31
8888
1465
8195
7324
6490
5513
3950
3528
6374
48
4538
7486
3757
4781
5359
5343
633
8627
9823
1802
8647
8573
9070
345
9253
9569
1625
437
9923
8748
1536
3414
8256
3110
3881
5826
1286
7105
3375
9137
6977
3813
2144
3279
5447
9896
3094
978
5990
4280
5418
4023
5830
9593
357
6385
9397
5316
8868
551
9315
6890
4504
9437
4587
1399
370
2439
9678
7789
2177
732
8018
7525
5550
9363
3041
9348
8019
5483
1995
5952
4722
2743
8640
5523
7168
5566
655
7957
1136
1643
370
2685
8965
948
2510
7413
5175
981
2709
8100
7579
71
8217
9431
4833
3400
9663
3882
3206
8702
9580
6545
9344
9195
523
8928
1518
5308
4495
1264
5258
1312
9356
1503
7785
846
6163
9616
4758
9471
2218
1745
9657
7249
2957
1776
2418
3897
2107
9676
2458
3475
9267
7732
362
2155
1123
5769
10
5140
5823
1926
3122
4580
7649
1116
7939
3829
2575
7698
9267
2154
9690
5613
7629
8733
9382
6962
8806
9503
4164
7721
6819
1636
7429
4224
5917
4792
8970
3785
2910
6799
8910
6142
2843
8712
1273
1705
2215
553
8699
7718
6280
5571
7866
5198
3003
6326
2837
4688
7662
5427
1519
1719
8017
5324
2207
5432
6966
5944
1507
2872
1747
1246
2632
3477
5459
8686
7062
4276
3164
8507
123
3590
7660
4540
1157
4162
6695
6924
7009
6220
3382
2111
476
3560
3003
5752
5172
1048
9526
15
4081
6165
3638
6751
4400
4249
5886
364
2887
8283
4785
157
7138
1698
5690
153
3584
7543
3930
4761
201
346
3272
6016
4829
7067
4823
8201
5336
5872
7684
571
5107
9571
268
8158
7422
5347
2554
9373
1197
9460
5519
2979
7637
8848
6610
5706
4051
5228
627
9040
3257
6169
7247
277
1851
7883
2232
4479
4079
9062
4425
286
3171
4248
9210
9867
7496
8928
4058
3952
2399
789
5253
3160
9747
7236
4020
4203
1761
6520
5639
5008
2789
9269
5332
8247
804
1443
7710
5837
2526
4904
6072
5360
710
7224
9749
8144
9765
6634
9079
6969
725
2439
7091
395
2366
2314
3172
8272
9304
8474
656
872
9584
6015
4628
9489
3280
6814
4452
3199
3571
1379
4762
2871
4384
344
6263
7041
9113
2283
4901
7550
772
3653
3668
2208
6014
9083
4092
7141
1752
4854
4670
6784
4463
6269
9328
6511
8716
1226
8282
3998
1805
5559
9272
6468
2524
5813
401
7250
7753
6621
4915
9895
441
7309
1872
6296
81
3210
2298
8954
3657
2026
8615
4797
3324
1787
1408
9685
396
8617
2070
9564
7590
3953
1804
1821
5060
5388
1892
7575
366
2740
7142
2570
4793
5735
2810
1079
2147
7989
4511
4279
4031
4976
2021
3921
2955
7586
6235
547
7231
2644
9237
2105
6934
4443
465
8283
1821
8631
7862
3724
7372
8310
7615
2338
616
3440
8039
8710
5332
8038
8415
4067
5383
8827
6392
9528
7691
2542
4945
3444
6102
9150
5957
6068
8508
7040
8198
8148
823
4765
8696
3317
3971
7097
114
7723
816
357
283
4223
8253
7236
6645
6450
7308
2936
4563
6664
9616
373
2494
3652
7516
6369
5824
2714
3914
2313
8047
7480
7563
5875
1755
7635
6145
3638
7117
249
3235
1494
4458
9114
9460
394
2723
5015
8658
9559
5095
1373
8672
6853
4348
2286
6178
1651
2849
4101
60
8137
4362
3644
8076
3005
4807
42
8443
7933
8855
7081
6184
1657
1589
8375
148
3035
4611
258
1860
1175
9986
3553
142
2084
1131
6191
5435
1012
3321
4701
5498
9482
7292
4306
6705
5071
5102
2836
8035
791
1552
3865
623
3445
8046
4569
2026
9172
5009
6842
4840
3521
1062
2402
7911
9545
6248
1402
6814
433
8884
6227
1023
6916
8855
4822
92
1380
2764
6243
694
784
4570
4406
6779
4838
3138
8397
8186
3651
9279
2149
7018
4924
2803
5760
246
7220
7228
9881
4631
550
4876
1650
4961
1336
6958
4270
705
2385
8121
8778
6306
6016
5226
5773
643
1237
6345
7404
5565
9897
7433
9453
5930
1007
6034
9332
5508
7968
973
5831
8022
8915
179
8517
9749
3342
9316
7185
377
1373
9488
2096
7034
1199
4001
5140
1102
4455
7614
1990
4298
5690
2042
7
723
9186
5425
8668
5359
181
4137
3524
4840
3014
2409
3739
927
2747
4887
8699
1327
8089
7477
5174
9452
8742
7244
8260
2504
1916
722
6057
389
182
7961
6185
1949
8402
6159
5587
5453
8746
1110
6385
3002
739
7693
8603
4084
76
1234
7810
6124
6929
8682
4875
2769
6980
2435
9331
6402
3177
9754
6508
1489
3733
5322
1040
9451
5953
1303
2937
4305
3133
8155
7503
1589
1575
1922
1007
874
8441
1101
8184
8986
2729
5155
465
9612
7285
6132
7538
1425
9308
6948
7900
1015
6502
9453
4992
9552
2891
1245
4409
3269
5651
6200
159
686
4440
8007
7167
3300
6745
496
9355
9624
4473
8135
6022
6290
2056
2266
7769
7344
8672
9461
7198
6445
9778
2587
7929
259
256
3648
6754
5596
878
4661
1418
9175
3625
8720
9908
5133
3690
5355
6336
1932
3802
1069
5966
1179
1342
716
4932
6629
1642
3676
6593
4395
4024
5215
4699
3249
4453
6904
3319
8781
490
2974
5335
6014
332
7349
4662
4213
7566
4936
4160
3676
4906
1117
9374
7317
5939
7448
5499
4892
7812
3347
4343
8054
6001
7882
3520
1872
3513
629
1217
7559
4969
2816
9208
7891
5499
6802
5705
9071
188
8621
9711
9886
7933
5814
9261
4524
4578
8166
9226
4447
3010
1499
6273
4796
5554
1330
4205
9643
3494
3837
409
8506
9709
9485
5207
4569
4280
8661
1220
3465
5960
1680
7526
7960
4218
7777
7064
7564
2675
914
5654
2574
275
6928
9511
4390
1613
9928
1073
6318
2920
7170
3819
7354
8185
2842
3244
9875
4425
8010
3113
7453
7765
2013
5665
7052
5646
1630
1859
6270
9086
3167
8028
6238
2346
488
2879
1491
7256
7936
8961
4438
3837
219
7925
7135
3234
3251
206
9135
2103
6834
6060
4804
1022
5762
7521
1799
2842
7279
9570
1030
2977
5197
6438
4674
4897
4858
9055
4699
7948
7941
6253
1309
7472
9527
8457
9442
8345
4671
6820
2016
8023
4903
6575
7953
5786
1429
3857
3381
6870
4647
1643
9969
7522
6820
75
328
5485
6481
7619
5748
8659
8957
6351
2148
3573
1388
781
4769
5744
7148
2002
1424
1225
6966
1998
7568
7647
4621
4737
6847
4566
9317
3237
8901
2057
8471
4174
3426
1970
8726
7322
2998
679
4551
3335
2847
5772
5887
5780
2462
658
433
3860
1814
4673
3883
2982
9635
7551
8031
3385
1612
8847
7213
6006
4955
2172
2501
3262
1516
1208
6179
9680
512
7711
1804
5402
8364
3783
6955
153
5492
2302
8158
4874
4217
3456
3620
4283
7525
904
5983
4687
966
2063
7218
9108
6994
2087
1226
8573
300
6738
3144
2964
6224
5992
8603
5523
9490
2917
4304
9466
8445
5478
9519
4674
1403
4251
3333
8878
5854
8360
9436
7890
1922
8999
1105
8596
7528
8990
9411
6859
8234
7794
2150
7871
6195
8772
4501
4197
2434
8462
5894
9658
1044
723
682
4144
7497
1648
1098
6512
280
4538
6453
817
9261
1125
2958
783
4139
8032
9107
8920
1306
7682
7362
3088
9891
5417
1369
9879
8526
4720
3917
2815
6446
8340
5787
641
4136
9027
5992
4047
665
9751
3186
7312
1638
2944
7342
7486
8164
8781
6234
6952
9421
4352
5872
9364
3459
3503
742
1768
57
2359
2318
3208
210
1444
7519
4050
5729
379
9499
8528
840
8036
7705
2114
1059
3032
4540
1127
2573
1805
9233
2979
1708
6578
3633
5435
8982
3266
1143
9420
2559
7226
1481
6399
6698
4824
9830
7101
1698
8553
4498
4152
8267
621
2175
4705
9264
6011
3022
8335
4792
1713
988
4827
3092
4500
6369
5462
7057
9605
1368
9798
18
4391
2240
8892
6978
1290
7608
7340
8239
7125
3639
7250
5548
8797
4034
477
1795
3249
4651
2384
4815
7855
8909
4132
5499
5047
873
2474
3793
8219
4680
5993
9081
7305
9036
4969
2581
8881
1683
6625
6255
9492
9329
1875
8
6536
7535
9506
8954
8631
3223
5094
7962
2061
8425
8100
6142
8252
9271
7937
9665
2892
1693
3196
956
1422
6767
313
6812
3740
9307
6152
3577
9181
1459
2769
9807
5603
9966
423
1810
456
8682
5444
8703
8296
7454
3442
9585
1682
4670
5332
3840
4300
3312
5188
46
3789
8159
779
6904
3987
8309
6475
1221
2328
8345
4454
6065
7380
4519
8463
4581
8994
3794
5084
4944
2856
9641
4742
3218
3894
3739
3075
2015
8109
3011
4063
2697
8170
4004
2999
7037
815
8140
5467
2599
387
6126
49
9818
5702
8828
817
7555
6131
8538
747
6205
8289
9660
6399
8259
570
861
6641
9112
5599
959
6353
7485
1522
5911
6303
9853
3735
9268
1067
9931
9920
1651
5939
5706
8476
8588
1346
8326
9510
2200
1361
8568
6958
2757
3300
5056
106
3396
6051
342
1059
4835
9858
6576
1943
9609
2352
1245
9849
9912
8018
2614
3978
4437
5492
7435
3797
2143
6650
3798
2032
6399
9051
3030
3105
3608
4161
9242
5154
2665
2455
526
3834
4432
8348
1959
4622
4156
4780
1086
3317
4011
1835
2706
9498
6360
3723
626
36
6228
6423
8454
800
4369
9380
9117
9579
2237
1296
1318
2466
2380
7862
3882
1625
8947
2598
2453
7755
8386
9669
5099
3236
6636
4860
4648
1155
6609
4943
7102
4005
7127
6657
4938
7760
2329
2732
9205
9041
7943
9200
5996
9420
3451
6720
5761
4953
5318
7453
4682
9008
2782
4605
8354
8401
1485
2210
1042
8317
5842
3221
5261
2902
3913
430
4703
4842
8205
4422
659
8249
2431
1471
8617
59
3711
8869
1043
3947
8311
1356
9169
401
8902
5463
2661
1633
7883
1595
7686
7832
6378
7342
4965
8647
3390
126
3045
742
6774
7970
9747
2426
4720
1320
6559
8143
5459
992
5275
4162
2277
6163
9037
5927
7901
1735
3951
3481
8774
193
8330
4503
2197
5610
2640
3345
8094
3304
2248
7352
4317
2424
3259
4767
5641
6473
671
2611
3275
5687
3228
9317
314
5093
180
5098
8331
1971
8540
5306
4621
4066
1599
3225
7448
3496
2354
5075
5868
5485
2484
2047
1813
681
7880
4964
2507
6406
7938
9255
726
1924
8382
8656
5363
537
4202
3446
3457
4399
8835
5853
3522
918
635
3467
211
8734
5079
8185
8264
1035
4861
4436
5193
9681
4043
1532
2625
5001
8030
2556
5627
5905
7948
7415
3487
7102
2793
1549
2216
938
2815
2496
7088
3221
8960
694
5823
9354
3573
1267
1632
8427
1014
9660
7798
2529
2472
277
4120
5242
3062
98
6720
307
1610
1285
2903
5911
9752
8777
7567
1558
6768
8871
5053
1348
1218
3542
5562
6150
4951
901
6275
4662
9680
9739
3554
1922
2083
482
2602
5118
7481
9261
2569
4892
3018
2228
1604
448
7253
421
122
3181
8097
7886
2856
6334
221
2668
4901
7968
2711
6179
9871
9416
6250
7464
9359
3659
9311
6674
2336
3234
3697
2368
9939
7347
7466
5856
1254
3621
8790
427
1482
1422
9091
6011
1003
7925
5817
7317
4919
9123
5749
8075
3903
9876
1672
9260
8479
6034
1063
4782
8987
545
4110
41
9805
4793
6838
2442
2818
6772
5450
2664
5307
4175
4199
5887
2118
132
5963
3261
1058
6955
1292
837
494
7306
1333
3448
395
5600
6414
263
2526
3010
3256
151
8057
3682
4914
2018
6773
2036
2148
1492
2049
8210
6784
7479
6597
9680
3642
6691
1276
3903
5529
6185
9211
2583
4530
7870
9863
2288
5820
3960
6617
6855
1256
866
4359
266
2019
4542
3197
8787
7977
8100
8320
3593
4449
3108
4277
4106
369
213
8695
666
6663
6202
1840
8429
2085
5539
1609
8572
7705
9108
2367
8588
2789
4948
9928
1262
3847
4466
1381
1682
6745
5789
5118
9821
1519
5661
4708
190
649
4628
684
5119
7101
1070
1704
477
396
4886
6798
29
1825
8366
4718
9593
482
2312
6902
5989
6269
7891
33
4709
2447
9313
1689
2060
2354
3865
3055
632
1049
6451
4364
9650
2879
4073
4900
4735
3454
880
9443
4413
5042
9707
3146
2521
1150
4752
1440
7545
9279
2941
2691
1143
9445
9602
4227
5822
3900
8829
7848
5737
5523
5212
4444
5520
8180
8066
4258
6560
8876
5781
4405
4419
5313
2895
6390
9375
7890
9274
6369
8652
8539
1694
5266
382
9267
477
7154
9050
7563
1686
5437
4115
5181
8235
7618
5523
3907
7051
7241
1197
5234
1737
4918
8380
403
40
5532
7079
8597
2738
706
5336
8228
2062
1663
2972
1499
7740
3821
5267
3670
2080
4347
2555
2803
7356
2853
746
3702
3029
7582
5242
352
1432
3647
3949
4961
4098
6300
8005
8076
3926
6341
4940
2256
7796
4777
2628
5504
6058
8243
2124
6981
276
7292
1659
5484
7304
3856
119
9863
1612
4833
7107
3207
1683
4572
4133
1108
4084
2265
2745
9440
7502
595
3671
5972
6555
8963
8046
5890
1937
244
3783
3427
8647
8669
5790
6717
1924
3781
9421
508
2001
5636
7962
9729
3490
4419
9772
8310
906
5833
463
9428
3049
7955
3890
4857
5095
82
6796
541
4716
1958
9130
3429
7270
8091
5567
7022
2157
1700
713
3288
5417
5716
4385
4903
9583
1179
4215
6477
8120
8696
4495
7092
3383
4339
9528
3164
9830
7083
3495
6848
7222
4082
6122
7872
3097
6084
8245
8839
5131
7035
4436
4138
2925
7297
1273
5447
5007
8607
6939
8518
6798
8598
8774
5799
2364
4409
7968
8088
5215
2659
9987
5810
1565
3884
796
6880
4240
7796
1162
5547
4078
396
9806
8674
1879
1246
5122
3013
8517
898
2323
9899
2474
530
4342
2472
2063
464
5060
4638
8424
2271
2414
7200
3983
7137
750
8888
2794
7133
2593
6623
2070
5910
6054
2367
5436
4899
572
7748
5119
5910
7002
7605
6419
6695
2232
8175
568
2773
9919
7558
5983
886
1173
7581
5909
4084
5863
85
7844
5942
1416
4159
6377
7608
7955
1842
9270
2872
6162
659
86
934
4350
5666
6480
4268
793
8006
1660
5311
2845
7414
3049
2048
8625
217
4483
3679
4370
2867
8777
1268
9362
1571
3197
3671
6109
9388
3438
7428
4945
5609
8718
7305
8679
4742
1268
2695
3857
6149
9809
1675
2232
8863
9688
1984
8554
96
3999
2150
2238
1175
6248
6412
1149
4959
8757
7772
3353
4833
7560
1626
4708
1
6772
6141
7678
4181
3677
6197
87
8554
4155
1748
5749
1502
1180
458
7203
3552
9003
3624
3084
1064
9747
4693
5697
5456
1251
1660
3764
6448
8746
2568
7262
1579
6652
1948
8214
2516
9559
6190
522
714
1908
9514
129
791
2599
2690
3590
4268
4616
191
2560
42
8905
2644
9378
1005
3030
2937
4792
2708
9121
6055
1256
2226
9471
167
8244
4700
1700
765
7449
1567
8892
5744
5380
1765
70
2665
935
631
3194
5039
8379
1413
5219
7217
6990
678
5518
7177
5608
518
2084
1575
5081
7114
8034
4237
3333
4038
7110
3032
5660
1441
6346
9681
7571
109
8516
7400
1841
9754
4243
9259
3739
1405
7604
2221
9422
4076
9176
3865
8171
2786
687
3315
9657
8806
9746
6991
6945
7267
3576
453
8902
8635
1663
262
6500
5378
4578
4113
2042
2807
8733
906
349
1608
5318
4607
4481
2529
372
7306
7647
1204
3968
4910
7572
4695
3227
4310
6412
3682
7035
4967
2372
2569
7457
1250
478
9416
1373
6039
7347
3566
4256
9404
5758
4995
3341
5410
5287
1023
3406
661
9816
7278
931
4089
7222
2316
1812
4510
62
3433
1065
3979
8455
1360
2685
53
2667
6525
2384
2358
2419
704
8698
2372
4455
4133
7204
321
3641
5534
7358
4442
2921
753
5369
1473
6095
1765
3068
9716
2543
7902
5821
30
2173
404
4939
1423
2698
6097
7586
2204
4748
2959
4191
4859
4556
6654
7055
7205
1167
9351
4704
1440
2639
6960
714
7054
4073
502
9959
5594
4326
3448
349
1709
9469
5343
6857
3797
4930
7962
5315
87
2870
8115
3810
2416
8584
3228
3926
2803
4883
6596
4065
7198
5336
1075
3679
747
1160
8889
323
4560
6811
4662
7366
9590
5405
2953
3968
1223
550
546
4763
1040
2577
3663
9370
8142
9253
2160
1047
5211
1993
5654
4998
4620
5593
7626
4091
4037
6089
1002
1097
6153
4963
7289
520
9663
6551
3460
8589
795
7659
2025
5847
5729
4534
6490
5638
184
1764
9879
5213
6865
786
4610
4299
5944
903
6745
6423
9852
2747
93
5805
7662
1923
6621
8055
1100
1143
5201
3679
7207
1001
3797
9499
3783
6125
7462
7998
1927
7798
980
9362
1706
9901
9886
9955
3547
7040
6645
8918
8344
5957
881
2551
7721
9378
2769
1302
401
5507
6611
5261
9556
6974
8485
8461
2836
5111
4004
4949
5039
8045
8586
8164
3181
4899
9010
2164
5681
4200
3495
9242
3337
2480
3429
1334
9265
1711
6822
3102
5018
1480
3273
6934
3198
6840
3053
4839
2887
7428
9761
6407
143
8223
3713
8435
6575
8725
5775
8704
6411
1416
1543
9528
4283
3774
1398
3257
1721
785
3905
7581
5062
9360
4964
3552
1752
6259
5514
757
1504
9476
1416
3522
7082
2766
2964
8282
9059
2034
5876
2732
181
6482
2404
49
5107
4504
4634
1109
9525
8585
529
659
149
9592
9876
4360
3502
1038
6113
8201
7280
7635
5539
3159
7438
2332
814
4170
1740
4866
1123
9142
9144
6440
577
9746
3309
2625
347
541
1379
8910
3724
1214
3721
2531
982
7892
2950
1898
210
6251
2839
4838
7208
3126
4170
7748
3399
8748
1643
158
5372
1572
6594
6883
6853
7049
6041
593
1443
9410
2112
6973
5713
4473
1984
126
7886
7438
7758
4602
6789
8334
9371
8556
4464
304
3812
9395
2565
1407
5092
4699
2778
9814
1666
9891
1130
5104
3464
1619
8339
2716
3954
6575
2987
8964
4601
1056
1084
3748
4442
3164
1154
7980
1551
9923
6048
705
2966
5280
8575
1376
1329
8466
7067
2132
2626
698
5741
7648
3116
6131
7562
2352
6013
4188
9519
6023
302
357
2630
7397
183
2936
8592
990
7078
6024
7468
5895
5544
8783
2215
7282
7797
2452
4847
1445
9648
8827
4431
9857
4638
6738
8497
9046
635
699
1279
9344
6178
1959
7910
813
8728
8319
3977
489
6455
2590
9134
5100
519
3967
5170
7139
9102
2849
484
2240
8008
330
3130
8313
5903
2082
5583
8983
2654
989
3681
1174
5619
2163
5513
5293
2113
7527
2493
6326
5162
5763
6869
7869
7084
2126
1263
8085
1744
2587
549
6887
9974
5801
5355
2027
4386
635
6903
974
9305
3284
6205
2579
4523
4879
4117
9137
5685
5733
8206
885
7767
2508
1079
623
6589
9641
3036
1609
6657
5991
4598
1639
9390
84
1323
5983
7796
2315
7655
6680
5373
8217
1443
977
7905
2953
3594
5811
9150
4992
4362
4790
6966
7672
111
6777
3789
8602
2353
3248
3505
8484
6742
1207
8619
411
2418
2546
8505
8152
9674
5523
2670
4585
6956
5031
614
6517
8310
8113
1907
6559
4645
9605
3716
1291
7960
7445
5650
9755
6813
9276
8303
4597
7040
6917
2069
3632
7423
7393
3183
1309
4954
6176
5607
5967
2599
5215
8516
7471
4284
2800
2206
4762
5083
2594
119
6216
1673
4685
1929
4291
8500
8859
3239
3268
849
7928
4784
39
2051
1820
8628
1434
7638
1630
3508
8617
7452
9343
7884
2963
5201
3456
7352
2273
4577
7665
4714
5732
5021
3729
6839
4157
7968
264
3331
6356
2284
7159
387
516
244
5454
1582
1965
7035
4597
7611
8912
9913
3113
1315
2987
908
1251
8904
8315
8180
6728
7476
1422
4830
5628
6387
8850
1935
2761
6263
5101
8034
729
4331
4719
9144
3762
5230
9085
9376
1170
9361
3097
6054
796
2247
786
7392
9772
4849
1472
9363
7454
3038
8726
5134
5848
5979
9855
251
3997
5135
7299
6568
4947
4013
1592
5471
2066
2611
3490
6754
8641
330
3831
6247
3543
6268
4615
9463
3135
2937
315
2309
9432
3740
4463
9080
2691
8145
2089
1080
90
8348
4465
4973
3552
9814
8963
7256
6114
1761
3065
7282
6921
6294
3451
9897
4441
4939
5213
4842
9793
8957
7750
6961
8779
7486
7069
3956
3209
5200
2120
9993
7157
2954
5990
9025
8472
3968
1470
8990
8695
8189
7991
6864
4767
4643
7501
1359
5129
4025
8565
373
8898
9485
7899
4307
9338
6708
371
8210
6524
7932
1564
5039
9651
206
347
4527
3817
2054
9786
6273
2041
3923
2314
4455
3097
2016
6922
4039
3891
1758
2932
232
506
1963
6483
2487
562
3607
1268
4404
7074
1843
9058
9401
6386
8123
429
4681
4717
7591
4938
3281
9827
2215
6015
4118
8420
7252
6846
4344
4375
2580
4284
1153
2520
5892
5166
998
4653
9903
9974
4471
399
9114
5194
2388
6702
8834
5879
8330
1763
1137
1631
7372
2308
1247
5571
3711
8301
5836
3112
4208
8565
6608
5238
8726
2106
4923
9819
1925
8845
4896
97
7460
4614
4489
5808
7423
9629
1852
7782
9008
1707
3349
8284
7835
460
6764
1641
468
6810
7624
9248
4599
4468
51
880
3724
4301
7112
4607
5022
3630
4573
7539
4408
4087
4849
9829
1853
6618
2753
8623
5226
4676
1274
4452
4203
1672
985
3745
8529
114
5041
1197
2150
8281
9965
1570
2321
2071
3478
689
635
1760
4141
9709
1384
9982
779
2486
1054
6848
348
4850
983
8270
1184
1815
8112
7525
7673
8687
5382
6743
4094
7661
4724
7022
7768
3071
544
3745
4897
3046
620
8017
1579
7363
4865
1550
4312
2028
3513
7944
7771
7789
2916
184
5365
5360
4929
5371
5905
9331
8090
6395
8796
3341
9091
533
5941
5072
839
1850
1060
3255
3375
6887
5230
2817
3114
1922
2733
9619
129
5923
9570
9298
7529
9528
172
8681
5756
8682
5268
7058
7666
8892
8059
5964
2240
3044
8966
1048
7112
3646
5201
1622
3604
70
4635
3769
6396
8435
1136
965
5711
3223
4368
7806
9676
8965
4229
6262
9940
1477
3518
8735
1624
7909
8586
6719
5639
1841
8607
2485
6493
8471
9341
2172
1498
958
1
2311
6133
6026
4122
5578
4711
613
8027
5971
4518
4114
7976
7285
1780
8893
2982
6096
6310
6379
1745
4928
1652
7088
8935
9039
1459
9774
4389
278
2873
9237
8804
3073
8953
6298
9172
7101
3707
412
4383
1034
7827
9453
9013
8422
208
9963
7088
8811
696
1495
8732
807
5162
8116
2928
7461
890
1518
5242
9502
5016
744
8432
6230
7934
5045
9511
7201
4319
9125
3845
2315
4845
8219
8358
978
1003
7398
2952
6954
5671
8034
6525
1081
3791
5507
6317
4894
5582
8119
2316
5610
1482
5840
9100
5791
978
7957
7939
5328
8862
3273
9924
1714
708
9956
7522
5841
7196
9992
7940
383
8486
276
260
5486
7266
6933
1496
5605
1122
8199
3481
5164
4079
9321
534
8871
5304
1154
4272
4739
3564
5413
4719
3141
8745
3960
6454
7419
8702
4009
7770
1791
6928
6498
7767
9020
9543
1240
5487
4720
1378
7370
5515
6743
2720
1696
4591
6463
8692
8676
7920
1932
4998
9579
4657
1970
2118
2348
971
6679
6447
9724
1763
2689
716
576
9378
7769
4524
6424
601
5698
7290
4350
9653
6040
138
7539
3311
9728
7518
1250
6786
2048
8282
3520
5555
84
8657
4075
9077
6165
6084
289
3698
5796
4006
8379
8275
2621
6732
4905
6479
9362
8545
4400
5258
4755
8377
1736
1717
9282
1929
6236
4422
1581
6502
755
5044
878
2077
7133
5550
228
5477
3188
304
8274
8132
7044
1301
6855
450
7818
3486
8186
7668
6675
6706
218
5033
7656
9002
4376
9134
2240
5439
8214
2887
6049
860
2908
345
903
66
9234
6826
7572
1870
9785
6270
1584
5529
2617
7309
2906
893
2662
3403
9
6547
1799
1725
1214
6871
57
6288
7066
3531
6547
4667
2136
3089
9715
7897
3383
1208
3303
6174
871
3372
7303
9625
6367
5461
5368
251
6621
1336
4244
6743
9370
7885
506
5721
3388
6117
7159
3104
9240
5770
7049
5955
1135
1968
7777
5617
2430
2799
625
2996
3950
689
305
7536
7811
7225
1156
1908
5909
3028
8525
3757
2813
1066
9694
2040
2912
343
4295
7629
9149
2165
7812
6635
5848
3682
6069
138
4012
4231
8309
7286
8743
5394
2376
2985
1672
6204
1768
7146
1027
5064
5791
1593
9887
7273
3614
5025
2435
4130
8214
2729
1971
2375
7667
9840
2445
2913
4205
412
422
3628
1124
2848
2424
943
8068
9967
9138
4468
2782
6721
5280
2079
2541
9474
4701
3501
6012
5037
6832
8687
9180
347
7982
8988
9229
739
6048
4242
8475
6740
6883
4501
2893
8607
6203
235
1697
8816
9984
2414
3988
1473
3125
4718
1037
9569
5653
2630
2847
9373
9969
3473
4739
4223
8559
8954
3414
9740
3856
6752
7603
7434
5294
2861
4355
9143
910
1880
6681
7664
9580
1487
1317
7088
5037
4441
7563
5167
9061
1542
8368
4069
5667
3708
5052
8619
5653
5803
2696
3772
2383
2492
4420
755
9128
9771
9181
7683
4536
4847
6852
5677
7789
7858
635
2407
4590
9405
5876
4197
3562
203
7094
9070
7153
708
7394
2102
981
4487
6587
8974
2415
1488
5297
7804
5106
1979
4427
2752
9612
6524
9005
9003
9229
5975
5650
4191
9507
3533
9189
6984
5983
5335
8852
1869
7211
3494
4180
910
9246
302
9973
6639
7410
4248
1637
3539
1150
6808
4682
9727
8922
8724
1342
4135
5260
2080
7048
5742
5209
1711
1740
54
6481
7083
6679
7887
6155
7411
4612
8184
9564
1240
1459
9446
8437
6440
3689
5363
2627
8305
3155
5894
5207
1859
9375
9200
1886
5946
6822
7518
9436
7215
3417
115
8858
3855
1558
5650
194
6969
8339
5930
7421
1589
5697
1448
7259
447
4715
9071
3093
841
6190
2452
2742
6742
1322
1947
642
5174
9701
1165
108
2754
365
3939
6828
8693
5262
4200
6596
8709
7502
8386
6648
3886
7856
9409
2003
2006
25
3456
7704
8066
8140
2852
7516
1872
7079
3977
5735
2619
2945
9374
1036
2041
4967
9064
3350
3507
9608
8834
2735
983
6454
4569
3232
2340
3156
269
3993
608
535
8725
3317
8998
4710
1363
6331
5031
6385
1560
4020
5218
688
9368
9912
7101
5265
1112
4280
2782
3081
2565
8995
379
5191
3861
7063
7308
3032
3645
9078
3676
6477
9171
904
6806
3618
9884
5809
9032
3952
7198
7781
8663
2573
5730
7000
7911
1854
4406
9005
379
7067
9495
4399
8843
8242
2641
6208
887
3687
5127
2610
1031
7253
3686
2105
2444
805
5331
9044
3574
613
143
5946
3464
7152
5508
8705
8061
1760
7322
337
7903
7594
6689
2563
4324
3774
5583
7093
5649
5145
1750
8134
7850
8966
1030
2121
1019
4499
9053
8119
9257
4536
1616
2347
6211
1391
8048
1698
1543
3617
1001
2311
6257
9349
5963
2352
2628
8774
5741
3183
3121
5550
4092
6906
4152
358
5924
5774
5815
8354
4482
7253
8964
1310
5041
4546
3184
6756
9026
6211
3359
7877
3275
3768
8243
6576
9938
4951
6069
5872
9467
1840
6450
663
5721
3796
3327
3001
4174
6744
4991
1103
4670
6838
5277
8745
4756
3615
8662
4200
4330
2684
3776
8380
8239
6573
3244
4245
5939
4437
664
9122
9092
4922
6823
3839
5869
4694
1099
8360
1183
9852
4294
2357
7779
6662
6219
3306
9835
1538
612
5802
1875
8652
6941
3366
3011
5499
8598
6669
5758
5699
7822
1851
8670
4260
4062
3080
4957
5867
8834
4160
8504
8467
422
6653
4319
7561
8508
1579
7772
5245
4566
2161
7428
4504
8355
6771
2293
5711
8750
1869
3387
4408
7960
8812
1292
8385
1499
4161
8182
5351
4438
9504
9795
4759
7943
6150
4050
1651
4366
1115
138
3192
1298
2857
4922
2461
7818
2979
548
4706
6717
310
2984
3753
9839
3680
3354
4823
7888
2875
1819
8526
8974
8338
8395
1634
1176
4083
2198
7779
5721
8967
2888
9987
3236
5653
3151
273
9555
5038
2433
393
4758
8722
7619
1603
5071
5633
1790
3883
7865
2037
9884
1458
6968
172
4568
958
8816
3734
3595
9510
2766
9469
4693
8902
1139
9681
4058
3767
8752
9103
2736
9196
7241
2765
2555
8739
5458
5995
9697
2946
7884
1340
7326
6826
9689
716
7041
2380
3587
3239
8847
1194
7600
8134
1673
7756
8949
3504
8649
5566
6745
2381
8301
1699
6170
8713
9619
4555
3920
1795
5533
2497
9898
3730
3786
9317
1933
7771
9510
3825
4649
3580
5140
1508
1996
8571
5630
467
798
315
425
549
7110
5441
3978
3687
6358
4589
9874
2491
6777
4759
5483
8146
1034
633
3893
6185
7255
2617
4843
8358
1988
996
8278
4895
3573
3309
6238
1601
2950
8341
6680
8574
752
1694
8111
6184
7153
360
1610
5908
7108
2058
2160
8075
7922
4459
7469
1566
9411
9238
5939
1368
494
3056
9073
3158
3337
2646
4691
3981
1830
4518
7015
9009
6562
9172
9169
249
8321
7988
4032
6536
8149
9332
8814
1052
3162
5382
8728
1888
9956
8400
1839
2095
9865
8478
2680
4025
4198
749
727
9293
3667
9855
2914
1363
4188
3947
2460
1326
5267
6316
9478
65
5452
2619
7677
9215
4168
9826
4350
1311
4619
5349
2212
627
393
8125
271
4633
7667
2612
56
5370
8601
7785
175
2623
6644
8583
2281
7932
3838
5014
8754
6186
8138
4487
2107
3122
8489
7038
9152
693
627
6647
3918
4765
8915
8487
3150
3179
526
7335
2895
1583
1146
8623
3799
8267
827
2855
9912
6265
8818
9124
7312
6579
1798
3015
680
1946
7132
5670
4938
9283
6921
8731
9338
3708
4473
6329
4010
4289
4011
5234
7925
9357
2773
6733
8722
9616
7957
2262
3824
7641
7671
7364
4711
7939
9224
6515
2069
2695
4566
6355
3566
295
1096
3785
8239
5112
1223
6789
946
4484
6970
6628
234
8676
7157
7483
3407
1369
1177
7125
4022
9269
7357
7901
6362
9337
5050
9044
7727
3819
4270
3998
9689
5658
3839
1384
8045
701
7991
3647
366
8034
8123
5513
8540
8058
4205
7252
8050
9166
1997
9885
6896
2948
7741
9984
3562
5129
4537
6884
3723
1319
9951
6920
3487
5500
417
9550
889
3293
9525
8825
1619
2450
9965
2395
