2361
1032
3961
1550
666
4016
9180
8005
7652
2220
5367
2767
1727
1062
2145
9275
8290
8067
8005
1935
3099
6270
7319
8547
8801
868
6059
6718
5060
1778
4736
894
9346
8655
5477
3003
9089
5724
8824
8481
5084
4140
5990
4311
1614
3052
8126
433
464
6264
2805
5347
4713
3429
9973
1956
4128
2027
6327
2764
3559
7470
3207
5586
9044
1010
617
2289
7652
6155
2375
3311
1776
4591
429
6973
8960
9548
7349
9599
182
2890
9661
7753
4105
9434
6206
8180
2935
1915
4442
1365
3817
9619
3314
94
448
1696
7838
3628
2904
972
9818
4240
2080
594
553
1687
6769
1497
409
4907
2491
9977
1223
5293
7738
4094
9877
4778
2419
4107
369
4213
2486
8894
8311
4986
317
2544
2424
2081
2315
8698
1418
513
9281
5654
9906
4030
9010
6540
7909
7448
4943
930
2110
8739
8998
9246
3366
6570
7996
6425
8149
5281
6548
6860
2683
9228
9563
744
9711
9618
6684
446
8990
1277
9686
6672
605
1673
6352
5693
7465
9275
2186
33
9224
132
8765
1159
8099
7830
8779
5507
8788
2017
6715
3307
8918
7736
4716
5265
264
342
5945
4889
8648
6082
1388
3626
7676
5230
106
8377
8276
852
5434
3812
7874
3112
2338
4867
9663
952
1145
6210
8854
5125
4340
8579
7766
670
8814
1959
3024
8365
4225
7984
1674
8743
1764
1494
4943
3386
5419
9041
7106
56
3119
5450
4866
7156
4843
757
2455
8476
3568
7667
9859
6268
6768
6096
3133
9128
4671
9115
3057
8676
7869
6130
4421
1407
7711
3622
6621
1333
826
1440
8091
1777
9020
3720
5760
3505
6209
935
4026
9362
1797
6543
3267
3006
232
201
9494
8298
8012
8073
9534
1585
5842
4953
5739
9380
7603
9685
1169
6516
6754
7453
6179
8313
3029
9279
4062
5991
8969
7036
3097
2304
3267
6268
9965
8991
4003
4007
8175
2838
4116
132
1839
5402
6933
6148
3644
9511
6233
1561
678
9738
9879
9200
6039
3123
914
2580
2222
9283
8926
7780
1488
2384
2993
9480
1634
7905
6807
5472
9593
2624
5244
1576
968
318
3166
1218
613
9926
2891
8903
7020
7314
6552
9527
8785
7195
5600
6938
7238
5524
5026
1543
8444
4842
679
1681
8748
2561
3914
6822
8616
3285
3869
4231
281
8767
190
9601
1526
1567
8486
8234
2321
5536
4768
7186
1851
8255
9965
7065
9213
9372
3795
8476
8338
5873
1072
6193
9118
3052
6469
8972
6002
373
6320
2557
8580
6620
3074
8957
6251
3392
8342
8917
8932
8833
6584
6988
6047
5271
9875
3531
816
7136
4981
5457
5979
2499
2009
714
7816
9085
6968
1168
9786
8267
5094
10
8439
6234
6223
183
7331
343
4781
1449
3599
8902
7484
8160
2982
3885
6049
341
4123
9749
7541
8628
2988
6908
7889
7046
4375
1749
180
8871
9319
2760
7558
4072
6276
8420
3213
6202
2560
5112
301
2636
2872
9146
1325
7583
868
9864
1660
922
2117
9331
6688
8906
4993
1141
3405
4557
9904
1665
2442
8433
1141
9714
2967
5673
6607
9071
758
8468
1793
7183
273
7667
1811
2062
349
3245
3282
9830
6069
3643
9902
1719
2150
9561
9515
6842
9787
575
9036
7044
6681
8432
1043
1996
1378
4788
5462
5407
3622
7438
8385
7586
379
1530
2193
2383
5739
1946
6247
3441
3637
7081
9444
1907
3483
9816
2127
270
1912
8255
7313
9385
4974
414
3063
7193
3929
1396
3757
4638
3560
4465
1363
298
7838
7323
4185
1150
2956
5583
8947
4817
9738
5270
1812
6151
6001
5993
7247
229
4370
8004
1383
427
1830
2856
4352
3144
6345
1701
3456
6758
5444
9588
9362
2581
3351
5377
5441
3659
8627
1970
4712
1195
8831
5957
9878
1433
7112
5969
515
8201
8742
806
9418
7850
6046
5439
2632
573
4755
8660
2092
4725
2825
6910
9597
8881
2879
4170
27
5294
8536
8448
721
4334
801
4245
9129
2836
8458
9553
8184
2020
9183
9229
9986
106
37
2915
5177
4241
925
6406
6678
6304
5107
5493
6898
645
4363
1355
1041
7621
3244
3394
2771
5873
1182
6412
705
9553
1571
7677
5453
4250
3043
3593
7589
5248
5364
2476
6249
1706
4825
6515
5443
5806
5702
1939
9577
6839
7257
9551
4517
3328
3041
3163
3002
3161
2091
4840
2921
3685
6637
3152
8634
7976
3286
8345
1765
959
9949
330
57
8672
27
6552
5559
2229
2456
9672
3935
2418
4415
7322
2907
891
7908
962
555
48
9935
4342
7373
5578
9749
3432
3495
6822
6
3637
7594
5729
4900
9369
4328
7309
3925
865
3876
2108
273
2860
1262
4566
7378
7580
8835
3178
6696
8892
3959
9137
1030
9209
8812
9800
8308
7109
4351
7175
8786
5759
6218
9244
2847
3353
356
8779
6295
6728
2381
1846
4788
8771
3547
4220
4179
8445
1240
8657
118
6992
7636
4696
7419
2805
1411
3599
2652
7170
5642
6608
9758
7733
7916
9700
9288
7417
3479
5084
7557
7867
8999
7424
6689
2544
6216
1870
6470
1761
177
9554
8699
3049
450
8187
7714
1549
8171
8385
5744
2739
565
635
4411
7215
6383
2248
7982
632
6141
1741
55
1936
7958
2198
141
4826
3491
5740
5773
7079
9155
3384
6350
1186
2513
962
8622
3377
7106
8773
3847
2069
2481
4895
3874
701
8505
6394
8721
8454
7255
8241
7039
4281
8188
9179
1076
1444
1699
4558
8644
5267
8553
3665
5656
2471
6402
2702
75
3983
5637
8812
2864
9268
8117
1576
7787
9355
9621
6920
3904
5438
6508
6131
1891
8847
5408
713
3063
807
4609
940
5298
2787
8272
7688
1877
8115
5821
2699
9112
64
3990
5988
1627
4915
8843
3436
7087
1904
9756
9641
1650
7646
3338
319
2110
7289
4652
5296
1279
1717
3652
5137
8205
4493
3280
9137
6904
7560
8056
4847
2602
1120
6575
7486
9023
9194
5037
4889
9649
858
3748
5455
6017
6111
1584
5083
1760
3840
1791
3198
6270
3989
1680
4688
6700
3013
2720
4362
6957
364
6730
550
8899
1912
8244
340
4934
2569
7761
7711
1268
516
7304
4191
3728
3485
3669
5766
3883
1289
4715
9885
7667
7184
9277
4447
3623
7929
1028
7666
1482
6234
5139
7719
629
6716
8271
389
6837
2800
7444
9787
28
4068
4994
9813
9242
288
1365
4077
8041
7897
5558
9214
8203
8779
6344
2593
7345
7164
9279
1711
222
3412
2559
3871
598
6106
4274
2651
1016
5742
994
8605
2770
8980
1239
3896
7784
5216
4478
8810
1641
8512
5148
2856
3500
2785
6326
4408
5181
6493
8596
6984
2958
6657
6923
9082
3862
5322
7566
3346
3262
6210
3736
8474
3472
2203
6099
5984
9904
9425
4215
4487
6518
5048
5877
4014
8600
8922
7905
7492
8879
2558
9418
2018
1013
4950
1581
2560
6059
1486
3978
3666
9433
786
5099
4681
1621
3466
3634
3582
5570
5565
4662
4404
6093
4848
1255
6562
4090
8529
1322
5459
2997
6326
8180
6496
5718
9315
2262
9957
4389
6334
1299
302
1592
5433
2403
7947
1549
6629
9002
6930
9228
8238
8578
399
5105
2992
4387
7286
7311
2042
1710
700
7397
8227
921
1367
1378
9903
714
5758
8764
1706
6830
3393
6413
4684
1492
8973
5003
9821
5953
9595
6547
577
46
9922
6661
7915
8382
3610
7053
6474
602
5389
9299
5564
7869
671
4154
5059
5552
8461
4904
5664
5184
6743
5798
3955
2857
8638
3545
7130
2715
9875
2163
4200
3688
8776
7318
2624
2436
7433
4466
1801
1164
7211
6611
8063
770
4804
1447
5702
2297
2301
5610
1642
7943
1667
2668
7551
2638
2986
7835
5630
8103
8688
9632
865
3929
4543
2866
8674
3943
9278
704
4443
6283
7864
4829
8994
2971
3557
1926
1893
4862
7313
1926
4882
4331
9827
4928
8091
2345
8949
237
1517
6346
5304
5271
6225
3479
6621
3968
5852
7142
3096
7612
8249
9889
626
4262
1641
1681
4726
7780
1254
7951
8439
9675
7568
2096
7176
5742
2733
7913
3316
8402
8805
3968
1351
8159
1572
1203
8767
2370
2607
3920
7230
1948
3162
669
2567
7465
6390
5998
8983
308
2814
6349
3595
9768
2235
9599
7326
6770
9416
4337
3372
4363
7354
8213
6310
7920
6658
7777
1282
8300
5336
3275
1294
6065
2198
3616
5462
2091
2320
762
3487
8275
2443
2671
1348
6068
7411
1874
8208
104
1170
941
7868
828
7308
2089
2984
998
8111
3708
9300
6939
5629
4609
5627
5801
9695
2201
1785
9985
6880
6317
4691
132
2233
8023
2713
6048
4884
1725
562
657
7130
2381
5111
5774
7603
1598
4270
7556
6648
4748
6402
7868
8768
5299
1012
1297
6658
6800
4454
6971
2177
3940
3806
7494
9658
2751
995
3694
8661
9949
575
3363
4763
8944
5688
4281
9737
7337
8977
8100
9829
6837
7807
5041
6785
9377
9480
9005
6758
4924
4174
3915
9523
6663
7988
6668
1008
4481
3500
9685
6878
3660
5125
8927
5281
7065
3622
4265
7665
1991
6758
8412
9952
5288
6140
9940
7935
8692
5258
1324
8271
945
7128
2916
8082
6415
5110
4796
2987
9992
5564
9597
1196
248
1753
3196
9855
1282
5215
8563
3044
2912
2125
543
5821
5619
2161
5612
5019
6948
2439
2273
8764
6870
7577
3436
5831
3794
6802
9561
4877
4558
7012
4961
3675
223
8190
5096
8478
3438
8842
8072
2335
7785
423
6447
7802
7214
2909
3520
1820
8971
5915
7817
4902
4326
9422
9358
7421
6505
8900
3231
3198
7874
6747
7648
7148
4014
1171
7733
8702
5313
3182
8458
1888
1932
5771
4793
7598
151
9321
2806
4979
265
3751
5063
9462
1915
1279
8655
9213
4974
5164
8807
4613
4505
4329
2427
2747
3667
659
4634
7798
8711
1260
3643
8700
9561
3163
1781
8400
2956
6572
9251
2519
2954
5695
845
5063
5763
4320
7408
6667
5809
8160
1430
1784
2836
1752
8976
8507
8953
3914
8510
9344
7684
8452
6854
124
3281
2583
5299
5630
9176
2599
9765
1523
7851
3162
5628
6174
488
5785
6600
2601
935
6049
2602
1766
2410
5715
4689
3835
1177
2193
6138
4002
1830
8176
5469
3451
9716
5376
1526
4790
2650
8456
7794
753
1372
6734
5033
3120
4882
1388
4688
5673
9347
6125
5763
384
5047
5627
6644
3133
9429
7097
7218
9776
9565
1295
8983
5306
6041
210
670
7962
3669
9838
9461
5407
5893
5952
5391
8113
9860
3345
4158
3921
785
1586
1815
7441
1808
5961
9766
4085
9994
2502
3557
1429
1536
4071
7744
6547
2231
652
758
3308
5497
9
1051
6663
2333
443
8108
752
7436
527
8615
4727
3377
2124
8205
4168
5575
3209
1794
3088
2569
7413
8236
7751
2948
3384
9439
4618
5792
519
7764
4433
2173
4752
2010
3523
3612
4361
3391
1686
8326
5307
3778
6292
998
2953
3563
4824
8628
4453
4083
6020
7740
3194
6790
3628
184
739
505
3924
2221
5626
7357
4511
7296
3033
1891
8245
5556
2175
3585
8842
612
8536
1143
8776
5345
1243
2755
3938
6027
7895
8437
2200
5804
7733
1908
8089
2420
5920
4988
5350
8527
1386
2605
9649
6289
9012
2294
3202
5829
7776
5109
750
4446
7689
8816
895
3921
9111
7342
6170
1666
4945
4182
5018
4938
907
8120
4401
1895
6169
3234
1273
5824
200
9173
5700
2653
9370
5813
141
7232
533
2773
5696
6601
9539
8179
1786
5489
1023
7036
4268
6534
678
4940
4363
431
6598
9797
7471
9639
967
6396
5828
4518
8023
4124
873
6337
8518
3703
6285
1484
9771
9784
154
6429
9289
5136
804
7289
5009
3418
583
2221
8172
4706
5325
6426
3808
7602
7238
197
6397
270
5055
9250
8286
3035
9327
1735
7026
7649
394
2588
5372
9962
1656
4617
8956
1723
8346
7433
7957
3424
6041
1474
2814
8096
1132
5427
845
8069
6417
1220
8825
6515
6440
772
8266
6992
3843
764
7723
2205
7887
5845
3714
4488
2819
5086
8844
5636
3878
6919
9738
1841
5603
8885
5531
2363
1864
7060
5728
783
1059
3068
5512
4395
2938
2454
5905
7866
3750
4596
6984
3652
7740
19
2638
5769
1142
407
6176
5611
6513
8487
3221
9068
8591
9526
3048
641
7789
1919
579
7233
6970
6709
1091
7142
2444
4977
6764
3510
3578
8332
6540
8321
508
7768
1875
3232
6494
7886
6392
5062
5370
6040
2127
3713
4318
1070
4310
6912
82
3396
9322
9055
1255
9091
9178
6313
2122
4676
1471
5490
993
3919
1412
6786
3495
8488
8274
1560
7309
7354
2704
8262
602
3201
6902
8058
9455
5584
7305
9495
9346
3267
4412
7718
5223
808
9093
3876
1572
3338
278
9137
1398
4
9579
3078
6234
3676
3394
9249
7319
3361
8268
7706
8669
4219
4284
9008
4624
3633
6190
6973
5200
757
9904
1817
5844
3277
505
2334
4110
457
950
5168
4036
544
3151
2252
8576
9258
8768
8958
4784
2237
6310
2234
9225
2191
5830
6155
995
7315
4787
6968
5420
7804
1105
2208
6803
927
4024
7109
1395
4027
7001
2060
3090
5158
8528
5204
8516
4783
1097
8947
4372
1329
5664
4378
26
3032
1289
3975
3209
9461
463
2977
271
3802
3525
3216
1877
3137
8346
9036
5268
5752
2471
9516
223
5056
5268
5089
9293
5948
1163
1080
5935
167
3848
7789
4653
9944
4682
3406
888
4504
4195
7169
5841
8709
4751
4210
1058
7455
3224
4642
6612
5463
1841
6681
1502
9094
9963
9857
4813
3553
5653
7648
2242
6380
3399
3782
679
7250
3383
5587
5324
8671
7308
7408
9332
8427
1481
8682
8779
1886
2795
7641
8860
643
7708
8716
4485
2279
2492
2381
8518
7572
2585
7443
8178
2632
8971
6145
646
3980
3399
1959
6269
4266
9490
4500
5689
9010
63
3130
9050
6545
8383
668
7914
2594
3158
3551
5270
8462
6635
6936
2288
7002
3767
8324
6098
1729
3923
6645
6474
2244
2067
7402
911
5216
7797
2037
247
9662
8204
7140
7459
8078
4759
9126
9573
7055
7327
523
1788
5513
7836
347
8929
9077
410
7223
7112
2978
5652
1795
4271
9020
4179
4924
3273
6835
5041
3852
5311
6249
9308
3018
1882
2410
2525
5340
1204
1827
4510
78
3867
8947
2792
5870
6752
6969
9629
5119
1982
7328
1415
4294
547
2120
2805
6042
8890
742
9535
3173
2867
314
2994
13
3674
7173
5323
2386
9637
8864
6164
2692
3828
741
7451
6339
6901
6610
4719
4997
3678
2875
765
5946
5652
9158
4317
9883
736
4833
4973
5885
8739
5622
6699
8498
9771
1195
8250
3930
7150
8055
944
525
8924
5320
8230
1284
5279
5617
984
6465
2592
6222
1557
6904
5723
7386
6431
7876
38
948
4027
4085
4910
6069
3381
2894
2849
3278
5010
9132
2037
7968
6908
4244
5971
6610
8473
582
5702
4428
2802
8751
2748
6642
7647
8349
1407
6052
2082
7922
131
4097
8797
353
2765
6645
2139
9658
2973
4893
4083
5933
993
5634
5438
1252
2201
456
4835
2394
5176
6071
5881
2363
5738
6521
5583
133
50
2895
6020
2735
7492
8859
7198
840
6008
8357
9039
634
5737
2417
5142
4036
8762
1052
1791
7203
8059
2842
9876
6362
7363
408
7239
5517
826
1624
2634
9927
2985
5739
2568
4201
4712
174
518
5529
1754
4115
214
5324
2542
6468
7500
9591
8824
6144
6404
9777
4998
4889
3494
3271
738
7605
5986
9871
2337
2471
2798
3167
1579
6525
3767
635
3378
5528
548
6261
8976
5875
7479
552
504
7599
7895
1708
2342
2505
6586
2446
8738
7617
3084
5559
8287
2514
2028
5948
9969
1673
4744
181
1865
8138
9385
2660
2900
986
6354
4115
7883
3049
4871
7887
887
2455
8329
9112
9391
8850
1943
2608
3096
1072
5726
3560
925
7420
2609
3735
4416
6656
8672
9427
3881
8403
7800
6001
4144
252
3968
9835
2804
9752
8239
7880
9167
5115
8611
5826
7633
709
764
7352
1241
3659
424
9197
8442
9586
9533
5039
3656
2835
4632
3214
7225
2486
9268
5278
1200
3123
1763
5963
7182
3331
8015
1352
5910
510
3014
6264
6724
4567
7749
4088
5827
1162
7039
3820
5809
4868
2212
8175
5987
4635
262
793
7870
4451
2428
8211
560
3765
2068
9584
3908
6990
867
4537
799
5731
8087
6388
5265
7654
5859
531
6556
7564
6207
5495
9792
3255
8083
5240
4608
3998
814
6849
5646
7743
9433
9918
4509
2970
885
7361
6050
7550
9626
2469
1606
1118
1474
8925
1923
3145
5531
204
6307
6216
79
1125
5154
9185
4697
1605
1129
1454
2034
457
7271
7387
5885
919
6486
3890
3574
6630
3926
281
531
9731
9073
7014
8435
6541
3229
5695
4228
1432
1413
8794
5021
6742
2513
2586
718
4652
9255
9022
6103
8360
4813
7179
6030
4958
1539
5415
2976
8154
8061
7310
3807
1919
155
1658
2029
4240
7
668
509
4818
6607
7713
8685
292
4956
5043
4947
965
1735
7958
5911
2585
5054
8245
5253
1902
3856
9135
8654
6125
5409
1240
7943
2394
7661
5161
8098
3677
4216
2362
6229
5665
5268
1968
9275
2315
2937
889
5152
661
7699
1251
8711
5937
4589
8512
8670
1990
4119
1280
1017
8920
8005
3116
9000
5612
6195
8917
8722
52
7115
253
2885
1491
8425
1168
9343
661
864
7788
3679
3885
4694
8815
3256
7970
6357
4706
8462
8604
6057
1525
9262
2270
9568
5584
8776
6509
7027
8141
5282
4251
8500
359
9805
3178
5848
61
290
1841
259
6587
202
6899
5504
5245
1378
636
4726
703
5052
8131
6767
906
9228
4888
1141
9963
8169
8409
4058
9094
546
7574
4666
8264
6672
8230
6019
1923
9768
1900
8220
4520
9020
4681
5532
8486
7648
7779
5335
6936
4404
9412
2410
4378
1485
1807
469
4016
1040
4663
498
8942
297
2376
644
6133
4514
8296
514
3771
4544
5160
4189
9438
7878
8415
715
1859
6718
1047
7197
2855
7447
3111
4840
4684
399
4187
6695
1222
9897
1417
7052
6790
4176
3407
1203
1825
5936
4210
2451
7414
247
3845
543
1531
291
5277
6402
3647
7324
8452
5085
3185
7922
926
9581
7820
5833
2798
421
8414
6615
6310
4241
7612
6110
5983
5659
7255
3283
321
8125
542
2584
9198
9005
3935
4624
1622
1173
8118
7771
8597
7402
2846
1714
4708
7809
4517
958
9438
8710
6346
8592
1820
2255
4662
7220
2227
4725
5575
8757
1517
2805
4032
1124
7730
1752
6182
4623
2578
2048
858
9525
7599
2638
9106
3065
3187
5972
336
6428
3756
8958
291
8215
3182
5321
874
416
9612
8506
5362
19
3723
1874
9671
9179
2518
8992
6883
2045
4693
8714
813
4332
7845
4416
3374
3298
9989
1540
6536
7692
4782
1428
3844
810
212
4290
8946
1119
7874
9788
5018
8167
5992
1112
4812
8717
4914
3345
1773
6390
9142
9065
4868
647
3690
7241
6275
654
4645
8518
2005
9032
7962
7392
9069
4497
1747
8172
3975
697
8059
1051
9445
9816
2700
3037
9471
5345
7398
1922
6187
2666
6368
3032
2778
4009
4339
4493
4579
8284
324
6828
3378
1829
1095
2195
8083
8569
6863
9172
6873
5165
8438
7872
144
8822
3940
5933
6766
6787
5110
2550
560
5147
4416
5640
4129
6204
8014
2857
2341
3185
4635
6291
8722
428
7400
6529
8841
9909
1401
9969
4555
2698
3837
2539
7450
2214
1011
381
8628
9091
5557
257
3382
995
7838
1361
2925
7737
4133
2056
8417
9451
4073
6065
945
3609
729
6621
9068
6657
6699
185
6744
3747
3805
7098
2188
8748
1757
6776
6183
4695
4090
776
4897
3883
1799
190
3983
5869
3403
8645
5566
7263
6446
4100
7415
3041
2192
3264
6698
1207
1287
7481
4732
2619
8694
8914
1313
4511
7804
8061
1047
3345
4978
354
8950
2655
3487
2779
3286
6797
7942
5241
2331
9757
2337
5803
8708
5443
4238
7661
8192
757
2166
3740
9665
2320
3739
7992
6456
494
798
8402
1664
961
1795
740
7464
974
9136
6399
8304
3001
8903
352
5514
397
9817
7529
5768
8095
6275
6135
3191
1673
5931
3015
1293
2214
1861
7436
8632
3774
970
4147
138
6744
2776
9443
3119
9645
3507
2157
3718
6171
3709
375
1378
2560
3108
9201
6612
6592
4515
1220
5274
5350
8466
1103
7683
6285
3498
5517
7389
8069
9311
8769
5388
2624
2651
4461
7398
2698
494
6225
7632
1890
7648
2819
1689
5320
7409
1998
3049
8366
5776
3619
8787
5352
924
9402
7421
2602
2717
3900
9394
7809
1840
8538
8492
2360
3235
1837
6866
1563
8806
3171
4770
3316
7582
9668
3582
8136
9599
9510
1675
9369
6402
878
2441
3895
9
6774
2020
3398
1500
6589
4523
6699
3042
4424
7718
4226
5424
5580
1428
4584
4890
5973
4460
3562
7274
9565
3017
589
5412
3902
9061
7476
8465
1672
8251
95
4863
283
2332
300
7052
9312
2966
5354
375
3651
7607
2558
625
1051
9350
3101
2562
2498
3525
6553
241
1308
6785
3947
7508
5985
4544
6649
7669
749
8045
8363
6893
3479
6894
4355
1905
3435
1816
306
624
3757
4412
4840
1410
5659
9170
2624
5424
9399
2178
4545
103
4705
9037
8837
3477
8212
9927
7418
2310
5624
3745
678
9142
8954
4924
9927
978
5206
1570
8776
1712
5260
7140
6961
9729
8133
3953
9384
7591
1284
2496
3206
8694
1533
7718
1660
9610
9946
8883
4179
5584
5437
2371
3622
1489
4965
4579
1429
1153
8608
8981
8119
5437
2984
2940
655
6100
5883
3545
7806
7650
6898
952
3366
8474
5721
5486
6161
6732
8660
9205
1595
3972
6874
2131
2162
9818
3353
1987
217
3984
66
5281
5800
6298
6243
4084
423
4760
4703
8073
7156
2826
1042
9589
9662
301
904
3688
1459
3181
820
910
434
5522
7517
9920
6513
5948
4889
9185
8142
7300
5695
4604
2688
3156
4998
9984
5061
8321
7754
6945
5359
3475
1124
1192
1926
3234
2001
559
8432
5525
2631
1886
7285
7198
5899
1298
9078
8440
2382
8069
7543
2496
6303
6850
5879
2385
4874
6500
5037
2129
6320
3432
5263
7168
5907
7000
7499
3884
9208
9913
506
3464
5588
6037
9129
4003
4798
9979
3554
1586
7234
745
3612
3173
2693
2469
9581
3538
2819
9007
8626
2027
1702
5933
6670
5024
7569
3607
3194
4225
2135
4910
4746
4854
8332
6617
2133
7311
7040
6608
5480
6359
826
5871
1106
4396
7539
1026
7844
3528
4502
9933
7797
3019
1421
8316
8851
9848
4264
207
109
5797
7797
6769
6438
4866
7754
9438
8812
5643
3696
9819
9590
7588
3281
8920
6419
5787
2884
6277
7121
3113
5594
9492
9108
1110
2195
6324
5010
8619
2249
4367
3950
4200
5153
3566
8576
6958
5792
4058
2627
6822
4790
4173
371
2168
5799
5189
5910
9566
3230
8861
9971
9079
88
9492
8436
9203
2023
8651
4446
5941
5328
5269
5733
6032
6286
8488
7542
3330
2502
5131
537
4187
1741
451
4816
1423
8733
4903
3172
6912
1495
8470
9111
8053
9433
3812
1006
2602
951
8758
9677
3845
4685
2721
5393
6953
464
4922
4625
7963
7583
4296
4712
5145
6634
7132
173
1023
196
2926
9014
440
9522
638
4013
3089
9905
8119
1660
2919
4710
1578
9295
3794
954
4791
6465
2342
3524
4272
2059
2662
4226
5484
9266
7059
3541
1900
9216
3560
3145
8995
3238
5031
7632
3887
716
395
3398
7414
3715
9210
6323
8984
600
6197
8903
1589
954
9685
9167
2818
9911
1722
50
3851
9146
8944
6266
8577
1313
7823
9324
229
3956
5253
530
6453
6092
8162
6486
4829
6474
1692
6999
1275
8874
644
217
6470
2190
9144
7423
3399
5239
3011
1968
3205
1995
1539
952
8059
6088
2489
1716
4328
9031
3927
5792
917
3566
9454
9021
1236
1320
8722
1996
3485
3601
9338
1631
8486
7351
4587
1590
6348
8376
2008
2577
917
3388
9865
5298
4155
8284
67
8065
7542
1032
1451
457
1569
7530
9668
7913
5707
7307
7506
8301
2617
4092
4580
565
1588
3980
4186
1645
6294
4444
5727
7085
2317
8970
9390
4771
4714
2844
8395
3200
3443
1222
5602
7581
720
3588
2723
7199
4073
9624
7052
1378
1529
7436
3587
1218
6251
9034
4121
9421
6735
9227
5375
2369
3561
4413
4113
9471
602
8065
4590
9810
7415
1655
8696
5073
2555
3928
7542
2021
3914
523
248
6868
7908
9452
3871
8301
8004
583
7641
4569
1113
9928
949
8201
1362
6555
9061
3413
2661
5428
4011
4187
1820
4779
2787
6450
3910
8716
9412
1826
2130
4595
9025
2861
3805
4638
9042
434
4758
2391
7294
8417
708
2915
6462
735
6406
3244
2796
5288
2973
9314
986
8779
1896
5340
1687
383
1305
7464
4212
8958
5803
2595
3218
8004
6501
536
1731
3963
9293
9770
7613
5901
1971
6849
3466
9126
5490
9118
7522
6916
2212
165
8717
4789
5162
5559
1338
6796
4329
7083
5448
4717
9477
1547
1461
5576
757
9650
7655
3410
8658
4500
6650
5606
5439
5554
6866
6095
4479
1003
4402
3900
5594
3200
7473
6311
5040
6457
2175
1313
8434
9219
8364
4882
6723
3009
5905
159
8337
2382
2202
1937
4321
4642
8401
5481
3610
8756
4016
5883
2826
4736
8562
8585
8721
2695
6200
5300
2225
8629
7106
3611
8512
9999
3180
842
3765
9237
468
2817
1398
6071
1678
8991
8605
7470
4970
9693
6867
6605
1544
4386
8028
3405
2392
5077
9188
7257
6144
2437
7512
7707
433
6198
9449
5238
3844
5216
1917
2632
8025
6117
782
6250
960
3844
2445
7993
643
5155
2781
2
9192
4504
9853
7280
5843
3433
9689
7607
183
3722
7874
519
2258
7975
6485
2062
2863
9836
9148
2790
7607
4616
7213
9893
9525
8773
3748
6680
8076
2344
2509
9331
2130
6115
7838
4485
5210
8915
4591
3750
944
7998
2991
3187
9125
3631
9549
1319
3881
2902
6377
8455
927
7322
3007
3028
1075
7372
5440
4032
680
3351
1608
1024
9176
40
6566
6246
2952
205
9624
4176
6633
332
4598
6390
1428
3418
8839
7585
8069
4613
9166
2269
5227
486
4866
3046
474
6674
2363
7945
9994
8208
1407
71
1893
3287
1447
9415
1478
3738
9597
3024
6967
472
829
8417
9660
4718
5362
704
3195
6344
4741
4325
7994
9969
7122
2762
1417
7303
7371
7468
1631
3155
7372
5012
4645
2581
1233
2209
3240
4492
8788
7284
6990
6390
6570
5792
1025
4547
2470
3833
7257
3784
5509
4706
5096
7897
3538
6657
7866
4286
8075
6749
8097
2425
2716
6255
8246
2411
1363
9409
841
6931
1666
8576
4162
1879
4681
5411
992
5528
9422
26
4661
6633
1844
6919
6396
3489
4482
413
8127
3010
456
2274
3082
5323
3847
3018
3967
9576
9460
1249
7008
6498
9029
6908
4435
7741
3677
9435
9106
6416
2298
6915
4668
6218
8966
6554
5009
8581
5093
8586
85
3626
3914
3335
1183
3515
4496
2025
1834
2191
8318
8571
7258
2781
4978
1185
9684
4110
5220
4294
209
4572
6118
9379
6098
6607
3202
7202
9714
4597
630
3285
162
5492
1184
112
7995
4242
2216
876
3869
9746
2201
5455
8924
9021
3042
9860
2712
5965
1301
7201
3717
5054
3926
6396
8788
5922
178
7216
982
3276
1214
8493
3840
3470
4505
2272
8065
5716
5329
2014
7709
1172
6750
8637
2525
2144
7703
7283
8350
2527
3898
9660
3403
2689
9211
1900
5410
7269
9259
8389
8974
3216
8186
9446
3367
7143
2108
2649
6029
5406
6717
1222
3089
9315
2872
2857
1798
8303
6555
8938
7077
9029
3132
6968
745
1550
7549
5393
5583
8141
8400
5253
4716
4919
8115
729
2416
919
6404
8378
3487
4281
4177
7862
2324
7935
2930
5056
7976
458
4077
9138
6160
9917
3270
5470
8874
9420
2774
1558
1552
91
836
3869
5203
6781
2063
8412
8503
6021
7105
2535
6319
6326
3257
8325
589
9443
5404
1398
3639
5175
1795
802
8287
1433
7933
4760
9021
9675
9866
7438
3582
8867
2999
716
9809
1876
8349
9121
8195
8865
3120
4908
4695
6347
1212
6105
7837
236
5002
2909
6832
1128
7467
4910
9885
4324
1658
6524
9481
8354
2734
4790
4064
380
3438
8544
6361
8583
84
4808
7771
1099
8307
9381
4909
3292
2828
6595
3989
5327
8865
1076
4780
5336
5305
4272
2858
2452
8736
6682
8865
7784
4816
8190
9883
9624
223
7420
4266
3040
6289
3226
7321
6230
7026
5025
6815
4508
1539
9198
9589
4505
4581
7386
8480
8887
9861
5569
6731
9178
671
1629
608
214
9180
4448
4607
3200
2591
5988
5843
7083
5537
3486
1282
1369
9864
1633
5958
33
9771
3115
3004
8520
8030
8565
7757
7147
8498
5669
1866
6910
2624
8995
4915
985
1920
4906
282
4754
4170
4051
663
7583
6612
4813
9554
8942
7673
543
3524
6047
3948
5919
2273
8499
8837
1286
4365
1538
7383
9799
5949
4781
7813
3868
9866
8371
3489
4563
8131
4757
128
5601
366
855
9678
2629
3571
9033
8641
4615
8821
1935
468
6866
4466
7009
3786
2640
4396
9784
482
7766
3755
5133
4543
9464
7242
3714
430
2153
8718
6614
6590
9101
8769
849
7035
1510
353
626
969
7132
126
5056
8230
2887
8592
6123
5489
2290
248
7934
9401
3449
6719
4275
866
9602
6315
6558
3376
5955
3098
6820
3652
4459
8712
1399
1776
7527
9916
3787
6015
1164
7091
73
8169
4501
1734
2697
6184
7304
5364
2946
9554
4076
9017
1372
1165
8518
50
6793
1976
6344
3421
7764
8009
6283
5146
7876
4931
2773
5164
1072
4282
6996
9179
3930
8621
4984
3491
2644
5797
2976
5548
7954
9614
8739
1692
9053
4153
2229
4469
930
8315
7282
8928
4644
6365
4412
8397
4474
7443
8236
9192
8371
2599
1025
3347
8327
4112
5748
1460
6922
2271
8747
7196
2178
391
8894
9364
3975
6061
1001
5082
1031
8568
6969
3009
1138
1582
2482
4058
7544
7448
3847
6313
8013
7628
9844
7539
8551
9632
7787
9827
1183
982
621
9530
3419
3750
5727
1941
157
5355
4649
6157
6269
1369
979
8565
7576
4467
7617
5234
273
5951
9882
7319
3377
454
9878
2824
1637
5852
7483
7810
7254
9078
8168
7768
8025
6274
8719
526
675
1207
63
4726
4127
839
6591
5864
6921
7307
5714
9873
9293
5829
8590
3983
1219
1011
2400
4633
3354
9230
9743
2123
2936
4671
9079
9178
1351
4780
5274
7796
3506
1507
5377
1379
3718
9871
3248
5461
9089
7438
1856
1151
3930
243
6167
4249
4699
122
2412
4337
2532
926
8298
5981
6958
8351
8903
400
6666
9229
1608
1893
7549
3277
5139
3232
3601
3683
4056
7085
2745
559
3937
9737
6288
2885
2604
5368
5464
8565
4252
6006
6211
1118
4964
3924
1879
3569
5338
5750
9112
947
9409
4772
1695
1510
4327
2683
5190
7281
6844
1058
3189
5816
8676
2102
9671
1006
7651
2230
9342
8248
7799
2944
1622
6506
9134
8516
3728
4442
9995
8919
1049
9344
3115
9645
1114
4433
8552
3992
7824
4740
8011
4070
8017
296
8189
9569
8382
4099
4914
8805
3132
2471
897
3780
9353
5867
4679
189
2615
1186
3810
1248
5470
3263
6930
8195
4094
8797
5462
6865
4058
3790
7586
2332
207
8142
2493
6910
4
9911
7902
7810
3043
380
1547
5421
4853
3916
9653
6317
1842
8857
9623
3744
6465
3024
758
6714
8401
3699
3809
6893
8794
4780
7523
1429
763
6184
2628
2332
733
4966
5489
4824
285
5346
3519
5695
2284
3650
956
2468
8066
326
3263
1780
8262
9767
2439
7394
5006
3855
736
9820
6490
9380
2821
1678
8812
8882
1657
6394
8530
1117
1409
6535
1402
3128
5743
7182
3247
308
1109
2382
9795
2704
74
4227
6294
9829
6378
5985
7973
2078
1247
3978
4585
5274
474
8915
5049
1897
7027
9516
6568
7724
1518
2805
8421
606
9577
4348
6662
9686
9306
9735
8466
6497
2213
8044
901
7295
8545
7897
723
2774
7371
4806
9526
7187
7156
6149
1424
2547
9055
5905
8237
9732
9675
7918
5566
3787
2002
2837
9096
3961
253
790
1684
8393
339
5998
259
6726
5158
364
3857
8822
7131
2541
447
3970
8670
6146
7712
3835
1224
6548
162
5001
4239
4669
9625
764
8037
2767
5253
5809
1929
8154
8204
8789
3754
7958
9777
1722
9123
8857
1251
6130
6822
8333
4740
4113
2339
6937
7752
5394
1660
1725
1810
5381
2474
545
8320
9655
8973
2914
7308
5361
6855
3462
9553
6613
9743
389
8812
9324
164
1083
7300
7342
8865
7074
3345
4066
4959
9415
5181
9980
9099
4264
977
494
8267
413
637
3892
6863
1194
2789
9494
6952
2632
5868
9254
6255
8546
5696
1474
9208
118
1834
3754
8314
1555
2443
7956
134
1500
7157
9481
5875
2814
4628
4838
4078
7722
711
6709
6033
1776
6176
326
2845
258
1796
1954
5215
2816
582
3719
4271
2615
4807
5566
8201
6344
3918
2177
3595
5204
8910
4042
6521
3527
1098
6517
3887
3310
9990
8276
1652
9242
6039
8814
8714
6220
9995
89
1802
7202
425
8500
938
5562
6277
1980
7041
9292
8426
8125
9024
3640
7292
8684
467
7499
6333
8807
975
7242
5650
7824
5971
892
4877
1012
1827
9371
1076
6386
3972
5971
7720
9874
8305
7164
8495
8408
4130
648
8588
1940
1661
4064
3841
5269
5277
3660
5340
1551
9318
8298
1975
7405
9187
7623
1390
7967
9394
5204
1115
8740
3842
5771
5246
8862
3352
3444
9638
7332
5067
5669
1704
1306
5834
8166
4677
4298
3944
589
3991
8440
7107
6229
779
5398
4376
9121
4544
6526
9982
3315
1436
2323
1374
5081
4484
6993
2971
1065
9281
7241
9996
8791
4144
5957
2369
3617
4308
6777
2860
3548
7628
6840
9937
5712
1087
8585
9807
2501
9079
8527
9479
7194
196
916
7305
6161
520
6881
6298
1395
7090
1048
7215
3552
4676
4973
613
3500
4598
3092
6689
1696
8243
8020
1773
6012
8663
2837
2990
7951
1171
2146
490
249
2578
1209
4979
7000
461
6613
1742
9183
3653
9988
3728
3304
9770
4897
7060
8135
5537
1395
9423
4873
3686
2775
4403
3949
5059
4642
839
9418
5964
1836
8970
5384
9201
9427
9288
6362
3783
2668
6804
7265
1657
8673
4379
3455
5957
4417
686
7249
9004
4464
9771
6505
8692
9973
3701
8160
8158
4312
9605
2658
4546
8499
7036
6043
9391
7586
838
3015
704
6950
930
3180
2493
2918
9582
1262
7805
8865
4748
7909
16
7431
751
2870
471
7241
5170
5817
8735
1603
1241
6270
6244
6285
858
8960
6958
969
9010
8265
3162
718
4036
2501
3629
1081
1749
8984
1481
9089
8044
8060
8582
4711
547
98
1247
5937
5286
4702
6557
4704
4846
5743
3152
5239
7462
6578
6008
4487
2791
6632
6115
404
3853
404
9232
2047
3476
637
8008
1655
3162
5424
3366
5812
4488
4909
3474
2298
732
3507
1960
8592
2908
3280
1379
6180
7932
638
8655
2170
1097
8450
5024
8729
8893
1306
8426
9119
8296
5116
2728
2053
5209
5340
7327
7058
8371
2722
4233
3367
8282
2967
8486
8077
2525
1397
4631
4821
5514
9913
9413
2061
4819
4550
2631
3356
7370
7548
3244
2989
3143
2512
4348
8641
7764
4712
1410
9201
5014
1991
4766
7365
3884
9811
2550
446
5965
6990
5510
2229
1979
9903
4517
4514
740
7902
3828
9849
8160
8628
2742
4292
9064
6115
8173
6953
2760
3611
8040
7194
3592
6263
9646
650
9529
886
4657
1909
8278
196
983
1342
1438
8693
8071
1288
1458
9242
3088
8815
6602
9074
4695
9950
2064
8575
2764
3273
6811
8701
7115
6247
8217
7007
3427
7946
7013
7136
8309
1585
5540
4350
6240
522
7270
9981
6025
1761
2571
2416
978
7437
4801
5439
3759
3586
638
179
5668
5356
10000
2868
5885
9753
2319
7033
7051
5205
64
6239
8345
5196
4041
8229
9941
3707
7734
4257
2866
2389
6371
6314
7568
5152
5622
7668
5620
7912
5295
5441
5081
4206
853
3579
8936
89
3405
6704
892
2002
5123
9334
1169
2566
8638
1935
5699
9257
8732
2265
7754
7329
1399
3971
8862
8904
9603
4118
224
1173
3598
3393
5002
2728
332
4398
9840
9071
8709
5539
2528
8351
6909
2939
6517
6891
5335
8244
5838
5454
8791
965
2405
1902
794
4589
6630
4975
3205
8250
959
1924
9571
610
3994
3834
6366
8504
8417
5065
1948
6658
2326
5716
5129
329
1537
9748
3154
2965
7332
4815
3119
6943
3055
6307
6981
1363
9649
7661
1270
2612
8640
146
9636
2382
7020
9399
8171
9720
1740
2004
646
9476
6119
8790
9694
1658
2434
2871
2546
2592
6151
267
5173
4849
1064
5682
3023
6603
307
8930
6829
5783
9453
3637
4167
6819
8610
4069
4231
3311
593
3158
79
5404
6803
5113
6904
5249
1463
3959
8885
297
6832
4269
337
5994
7327
4198
7978
6517
6535
9439
4978
2488
4740
6715
3473
504
739
5492
1666
5134
6002
5918
8521
8170
3981
8469
2240
9280
6958
5757
877
4561
1311
8299
1411
5273
9770
6458
9765
6859
418
9817
7363
7076
8658
8824
4949
138
5933
9734
5611
1313
8126
9899
2147
3210
9311
5056
5404
8550
5438
6373
9721
5532
1430
5360
4843
2957
4504
1118
3121
4588
6061
7371
8469
5067
9988
3623
2806
288
628
4561
9554
6516
6990
123
3181
7748
2763
4701
9976
5419
4475
6764
558
1437
3471
7415
7658
7114
5766
8945
7644
1624
8102
5379
5438
6623
1415
2091
1780
3957
3958
3688
5370
5236
73
2210
8045
9119
9427
5917
632
1585
9670
4031
6524
807
8242
691
6010
7507
1612
5568
2538
598
9054
2530
1967
2949
6931
7028
1774
4638
6785
7574
7692
7911
1597
9422
3481
6789
8759
1670
8936
3218
8500
242
4687
7550
1
1665
8619
7287
7258
3044
3874
8328
4609
1504
4987
301
8382
3842
6321
2828
6000
7523
6591
6536
5177
9012
1814
2564
1931
1357
753
9268
4964
89
4215
4904
3252
4898
3865
1032
6677
931
3295
7500
1568
7818
3487
7719
928
5309
8395
8606
1049
5895
2056
2451
3275
1468
8346
239
9224
8558
1559
4002
4766
5714
4484
9830
7476
4755
3794
4418
4711
5909
8894
4434
7369
7308
4929
2
3694
1763
2845
3894
4431
8722
8332
4013
7456
6235
2831
8655
2115
5762
7537
1128
5286
8624
1998
5463
4746
5536
7491
1625
5519
3301
4176
6486
2657
5375
2032
3166
6964
2094
5395
1090
8510
7483
750
1110
483
7806
1694
1330
9832
1795
5716
8117
9516
3405
6382
9600
5137
8641
5482
7548
522
8363
551
6487
403
9060
1587
304
8766
2108
2331
2363
8790
9976
5467
4799
479
44
3307
4539
4258
3349
9025
2418
9652
3389
8923
5724
5818
5978
9971
1067
5855
7522
8223
8902
7219
862
534
6347
1269
2604
2202
482
8838
5820
184
1554
4420
879
348
2094
431
8239
451
3639
4976
7781
535
8858
4625
3035
5889
3592
6172
2712
3902
3285
7073
9415
9674
8543
6219
8440
1972
5546
2458
3429
4659
1542
5387
2475
2503
6904
5703
4823
9924
9890
1012
9948
3108
6815
2940
6880
1177
8234
9229
6121
5070
2081
7631
2458
7939
2018
1599
2307
6194
1860
2022
8418
795
7747
230
711
6444
8777
1137
2967
8479
145
8598
1348
3471
6826
167
8047
5603
8062
2574
9427
8161
5640
4290
1146
4734
975
4243
3969
4478
2303
4685
9598
4817
2759
6424
3799
7524
2287
7451
329
6553
1808
3845
8884
6859
4735
2281
7129
8388
8519
6618
7047
2517
2137
1195
7116
2462
460
3244
6373
3267
7825
6426
7721
8015
7794
3095
5868
7088
7460
6762
4154
4923
2547
640
4627
2775
5436
337
1576
4684
6041
4916
589
4869
1764
4300
1318
1557
7432
7998
6948
3606
2466
5440
8080
2329
9514
6556
2048
9475
3580
1670
2922
4932
7975
1383
4911
9314
5814
8080
8146
2994
3578
520
9355
9864
4697
5427
9423
4175
626
9176
9667
8273
3326
2444
3884
2009
6116
7190
5306
465
1716
2490
9233
2856
5881
9095
1264
8238
9610
2114
5288
5448
5274
2232
2209
7260
3934
8735
7351
7197
9857
5229
3289
1449
9679
6691
6286
3587
7350
8656
4251
9681
6332
8088
2387
3746
4899
177
4721
9769
6988
7142
6723
6851
1971
5721
2340
4817
4546
1401
7584
9747
6648
5449
9592
2836
1524
5728
771
4698
618
7235
8167
2731
567
692
6216
8398
439
1766
1990
6985
1725
1502
9765
6336
9560
6701
9739
1461
25
6008
3973
6767
9345
2461
983
2373
3558
1891
708
8864
9817
4163
2273
7129
2617
7269
3259
6794
8606
4249
1309
7787
7196
3959
3999
7023
5261
429
8718
2755
5785
8141
1174
2358
9601
1703
737
5408
6741
5592
7317
4942
752
6335
4524
5639
1570
1915
9055
7281
7978
7557
7135
8789
308
2656
2791
7538
9721
8244
1074
6310
7952
6192
4780
3900
8352
3998
7012
3742
7611
2939
3464
6409
5084
4746
3368
4724
4702
2304
8258
2580
4870
2314
6775
1136
4098
2513
7918
5975
485
6157
1820
2955
1746
1641
6397
894
6958
8443
7204
5943
5026
3662
2696
5658
3466
4763
2249
7399
2969
9228
222
8981
9132
3040
6917
6329
4718
7742
7967
5643
4583
1983
7205
3853
5379
5744
5272
1783
5895
4281
3416
1006
6542
4073
2957
9925
7466
2977
6250
4056
7818
2886
5527
2238
5789
2806
589
6634
3044
7229
282
842
8869
74
6433
3921
646
5503
9647
2935
8933
9771
3803
679
4599
8434
3759
9923
2740
454
2919
2050
2802
176
7328
8616
8704
1037
8273
3291
5735
8283
8654
2724
6125
2569
7941
7705
9359
1854
964
7750
7479
5448
5645
3376
8594
8726
7824
6206
8070
6513
6232
3831
1942
9920
6268
1129
8778
1185
4032
9867
60
4896
9457
5929
7078
7205
7125
6632
4716
4730
8403
932
372
6981
2224
8397
5175
8224
1927
8887
5159
6868
1253
1467
3053
4238
1250
8755
6132
8348
2715
356
8990
1676
2966
8818
1535
8645
9025
6044
77
8649
8225
912
7479
6439
7656
6497
5926
5189
2900
6960
7951
8431
9413
489
2183
2500
2121
4909
8723
1396
691
3986
472
5765
5445
9828
4018
657
1446
113
496
3670
2450
6477
544
5827
4611
4638
9885
3313
3049
9334
9578
5543
5375
4521
8041
7836
6206
8734
1370
6917
5363
6335
1868
8298
7661
6224
1454
4678
9896
4906
4797
5961
9204
8493
9379
8447
2329
9648
2708
8097
4800
6224
109
6331
3074
244
1979
2406
2065
5993
3769
1526
7743
4608
4890
2061
8835
9253
2691
4772
7190
6274
4753
6308
7578
9563
5683
5958
6328
8353
2293
746
6864
7359
3058
9706
2908
8151
8266
9192
252
7991
7617
3811
9771
9782
2185
9840
7174
1782
7375
3376
4654
3460
6514
3082
8819
1027
3740
4474
5141
4472
3712
8452
3883
5772
8572
1740
5049
6169
3466
8353
4265
2052
2334
1119
1390
7116
3313
3858
5564
4350
914
5810
5030
6989
1321
8474
6579
1200
7541
2874
3091
1705
3125
8197
4121
870
1463
4727
3419
3516
251
4481
1241
7562
3552
7757
4861
3430
1429
8705
9358
1831
2587
357
6708
4939
4101
1263
7983
9968
2408
556
7315
388
5735
5841
992
692
9088
3933
8285
4256
7302
6473
5712
7733
3598
2453
6062
9622
3405
7103
4459
9066
4733
1923
3535
7123
4377
1745
3159
92
3431
1284
6416
4461
5025
3120
1006
8566
6826
1656
8382
3141
4455
9770
1991
3738
8109
9847
894
7827
6479
5919
2679
4471
9533
3264
1037
9870
9977
9660
8279
3397
561
7366
9147
1750
3859
3525
5352
6197
6384
695
5735
5639
8773
6333
2078
2845
7478
8173
4577
917
2653
5129
5563
8763
8392
7513
8806
8220
4659
2966
448
6174
4229
5267
2720
1128
3005
335
1863
9666
1757
1293
7695
1895
3832
5803
8287
4492
2678
3916
4785
2190
3891
7357
1879
6869
4808
2060
7858
4175
2749
1133
7848
2501
4167
7377
1184
1170
7484
3666
899
7786
9574
796
3810
4819
2187
9008
9458
3996
1303
6274
7369
9765
3579
3442
2067
704
9940
7014
720
8261
5191
9006
7686
5201
5482
3383
1024
4768
2568
3056
6079
9975
1740
3684
4592
3557
4766
6738
3381
6934
266
3133
4299
5537
260
1465
5184
7398
2548
9242
9245
3191
104
9091
2006
2946
9049
4499
7476
4633
8260
2414
5332
7821
6913
8791
6477
2557
1336
3628
7302
9324
2652
8565
3349
5326
726
6317
7080
4022
4128
5778
1487
3309
8135
5073
428
232
2938
6479
7682
4230
7156
6225
6608
4614
5080
7283
5517
9197
2796
7220
8098
2316
283
1950
9866
2062
7558
48
3580
507
2053
2822
3020
6854
5872
7465
4038
2162
8012
3384
2361
8850
3759
1828
265
879
8987
7860
9898
9347
4042
6006
2720
5248
47
6926
476
7996
7874
5693
749
1692
9629
1210
1876
8952
747
6179
261
4625
275
2083
5134
2264
1400
7434
4959
2903
1223
4180
1210
8075
1477
5079
7068
5198
1038
2810
8840
7191
2765
9582
6930
8154
3352
4222
1583
9414
5201
9091
1410
2174
5936
3892
3125
2695
3725
701
1211
6815
6457
7161
1913
3462
2964
3966
9539
4656
9681
1976
5728
6028
4749
6312
9079
2583
7741
2454
4749
2948
1760
8720
2727
4299
4814
3508
8176
3546
2004
5603
467
3021
4823
9059
8016
7610
7052
5395
8047
5439
9747
3089
7425
2753
427
7772
9790
6280
9803
3390
6908
1594
3413
3174
5887
5257
2087
3071
4986
6423
7330
4166
9786
2555
87
4559
6077
276
2327
5104
4343
3592
4695
3227
474
9483
3044
2165
1292
2618
4134
6905
5409
5819
698
5973
7772
6520
5488
6543
7045
3057
2218
7383
3132
4316
8571
1022
3263
1469
22
3715
369
1341
8345
3053
3036
3599
5699
234
922
7772
7189
4765
7016
9311
4575
8499
3852
4507
1663
440
1445
7003
9689
8745
9285
2956
5081
784
437
5803
5160
3382
1082
2711
8534
8248
4024
2648
301
9571
9018
6771
7370
2508
9903
6152
604
1431
2866
894
8319
1258
5856
2064
1607
5742
3530
6186
9009
2655
3045
1889
3460
1993
8439
5890
9208
6289
7822
9969
9490
9631
1713
3135
3435
5826
2031
589
9909
8897
4990
8726
9217
2343
9865
5878
2067
1643
4183
6263
3052
4523
4140
1900
6856
9223
6700
2880
1418
4295
4078
4732
8404
3223
9859
5280
1284
9158
1247
7909
7624
8414
388
5068
6967
2653
5093
9809
3846
4226
6577
7148
4280
3275
1280
2134
4651
7387
9946
4964
6894
8252
8403
6623
6968
9881
8886
9792
8352
4613
6182
9301
8537
8036
1351
8326
5961
3450
5086
5636
8460
5735
5777
627
72
125
6504
4812
1384
367
8697
1587
591
4320
2864
940
2622
7763
8938
2334
3771
7895
7638
2729
5175
175
7689
87
1933
4228
1468
3188
1055
8209
3852
12
3611
7914
3329
2750
8115
5736
4491
5102
6699
7097
1464
1731
2820
1809
8777
1384
2947
53
2305
8295
6102
9611
7189
9762
7077
9309
2892
9344
4571
40
671
372
2330
4484
6943
1610
4966
3609
4815
5774
4988
3254
6143
7423
7562
2673
3948
6820
3101
8449
9462
8419
442
5065
561
7806
6916
9668
8299
7699
9096
6168
5505
5728
632
2810
3781
6110
9947
223
6592
7640
8085
4256
1701
4313
9090
5700
1854
1627
5589
9739
8840
2703
2426
246
2334
1692
3468
7690
1607
4393
5799
1965
9036
8909
954
4934
4503
2041
3566
3114
2611
6317
1781
525
4794
5758
505
6785
9132
1833
2492
9296
6045
2951
3805
7034
3595
3275
8282
8182
1523
5825
8649
6719
2914
3831
9040
5605
1748
4224
5512
759
4159
3716
8140
8763
6211
926
122
6371
7287
9293
1041
1476
3934
2959
9672
6738
3255
7689
823
1621
7769
1204
5443
3692
3017
6645
6925
9761
8978
8148
8239
2809
2384
1649
1186
1457
3125
9870
1648
6502
3482
8283
5935
2480
853
5785
6414
5888
2208
2371
5305
4183
2166
4292
2245
9444
6675
793
8187
9797
4026
4817
1598
9045
1564
8954
1891
2443
5760
2867
928
3427
2065
5130
4092
27
9798
7253
7876
4263
4349
3808
8630
6455
2227
4959
2156
5240
4712
954
546
8519
6206
1976
6976
348
271
8211
9044
7258
6910
1086
9961
1738
6516
3697
9412
4016
4695
6927
3230
6957
3001
3257
2187
5808
7610
6878
7631
3838
5966
1332
280
8382
893
5447
8970
3381
3906
5232
3007
8
2719
4150
2803
21
9554
4644
2589
1067
7547
2394
2286
176
7217
4673
722
575
2376
8060
5751
5490
5021
8566
3541
1301
9358
9543
9060
1310
6262
8025
9692
6540
9426
1371
729
5784
9729
4595
1538
3
2611
211
3187
4647
6778
3928
3253
7228
3966
7153
3626
4076
4703
1528
1602
3489
4648
2976
4527
5621
8480
2458
7620
9094
1706
2201
381
9007
3797
2890
818
8050
6569
2862
9080
7011
8806
6317
8815
5554
4241
8679
2067
9397
4265
4609
4521
2380
6789
7529
5158
3062
6542
8780
8682
2017
6045
8041
8965
860
2142
2371
570
7513
1278
2024
1300
7523
9631
3761
256
1743
7173
4541
4237
8417
4464
6377
4490
7921
4826
3110
7585
943
8592
7190
627
8007
8887
6150
7492
2906
7853
6997
2554
9785
4222
5892
484
5734
6972
1168
9491
311
739
7318
4894
1100
929
2845
2568
5358
4828
7509
7065
919
5183
9928
4520
1966
3731
6883
4488
5181
349
529
1380
3449
1052
3448
7861
8666
710
8289
629
4292
1848
2994
8197
4928
4973
8686
3320
9178
4740
3246
7342
7557
5735
3955
7627
4434
3876
7168
2670
4448
7820
9459
7510
730
2021
9375
1816
9690
3300
6932
200
2524
9738
2533
9134
8289
4196
990
166
9705
2873
2879
2669
5674
7054
9714
4409
7433
883
5053
3821
5281
5110
681
9706
6302
6827
2745
4650
949
6382
5345
6540
5730
8480
1881
7439
55
7804
1726
2239
2224
963
3749
4908
5851
9888
7429
2046
7559
4143
4713
2153
6246
1761
1550
7848
8056
736
5260
850
4082
8545
2184
3632
4899
2112
9617
9874
9047
8459
7026
7467
9196
4844
1715
8547
3497
2298
6214
9064
3080
5303
1201
660
5670
5101
5304
8740
9790
2544
9599
9545
6825
734
6341
243
2480
3467
6498
3545
1836
2808
5399
3526
8408
1138
2487
4058
2116
5839
7280
8283
3197
1966
7571
7500
9416
45
6223
5110
3714
2393
5335
7596
2843
4619
7265
8584
2776
9189
9945
6311
3767
5245
203
4812
8976
5563
5542
9275
3862
323
5200
9898
1
6381
5400
6534
7362
7335
4205
6666
9908
6617
327
8386
9319
9053
6774
7942
857
2964
3236
6649
9361
6130
8474
8172
8169
2916
1922
9286
5273
2347
7018
1400
9479
4701
4837
8941
417
5634
5752
8710
5600
7300
1612
7183
8249
9730
6593
4602
584
6780
6593
772
1059
9082
3699
6976
1718
2588
913
892
8018
2632
6450
1359
3682
767
2368
7361
1963
2074
8310
7778
3730
5444
6013
9711
6831
1092
1087
3816
4902
5558
1757
988
1600
4217
2941
9721
5163
8677
5478
8792
5501
49
5447
2017
2609
2091
2478
3120
5148
3480
9730
3328
8601
3763
4391
7748
7583
4166
8384
887
3224
2319
4980
8940
9171
4942
4345
5323
7884
617
2755
8362
3213
9974
5073
6975
1218
1164
5505
9952
4700
9674
5124
9501
5323
1169
3577
9311
7192
6571
4405
8484
9509
4809
4635
2635
565
3915
2829
7499
7982
9521
7441
8777
2386
5984
1808
2967
8944
8247
6052
8554
8908
2686
6328
262
3756
4296
2295
3710
6240
8796
2503
2415
7949
5682
4970
3590
5134
7403
8636
1193
9552
5867
6559
568
1043
7012
4088
3799
5866
2842
7802
2565
1718
3970
8390
1336
4372
1859
5883
5786
7502
1330
3136
1675
2916
7073
9160
6306
800
8189
4018
1344
8459
9124
9987
4628
3710
8458
8989
115
3852
3008
7966
5699
3515
7210
6029
7769
1812
1280
1916
6558
2936
4121
7438
3166
9111
5917
7639
7718
7079
76
9142
3303
8638
5699
9462
1805
7763
7496
9536
2700
3147
6557
4181
1759
3681
1957
600
9914
4478
1091
3272
9007
3537
9761
7828
6034
7382
9706
3209
925
6874
3780
8937
6243
8132
6945
2604
788
3053
8579
5501
9039
5759
9491
2309
8929
1838
975
4052
6162
459
3524
172
9017
2424
4807
6087
7272
7573
3368
1694
4974
8239
2625
1664
41
3001
2764
3992
5264
9667
8074
7709
6288
3594
3874
6440
3489
7854
6631
3398
5921
3463
5110
267
6661
5825
7308
8044
9868
9803
2904
4013
2025
8
9228
1434
1862
76
2485
4373
1076
375
2975
4713
1504
9786
2671
1227
4203
9803
905
4890
3757
2728
2615
7995
8860
1831
2245
4354
1774
3568
9598
4917
6629
674
973
2846
9877
788
1703
1060
5995
9556
3122
3908
2135
4556
9903
5314
7647
9483
5921
8911
1501
4087
7818
509
3801
1257
3670
8579
7589
1927
2504
3706
3657
8546
3687
3275
2530
3699
9449
6474
4110
3048
2851
9045
1092
2485
5226
8021
6015
1440
9362
435
1157
1309
9735
9048
1537
1980
3181
4665
8154
3758
5185
3974
4289
6320
7703
2705
145
6635
3683
5332
7303
8018
5987
5994
8848
1856
1597
9829
8588
2798
357
1035
7354
6464
875
4259
5166
438
6032
5048
5482
873
6481
3879
7429
3
1682
4957
219
6301
2614
3546
8945
3367
7864
1874
8513
2584
6096
1487
5415
8253
8019
2336
9457
1502
3990
4389
9821
4873
9277
7533
206
391
9385
5145
4041
9868
8786
1436
3413
38
3007
4763
2716
9619
5511
9038
7853
5031
6490
2858
1800
369
5859
3597
3274
1748
5644
1130
8776
2365
3698
3599
8611
4410
6897
2750
4564
5891
48
3851
8465
9056
6596
2736
578
1720
5606
1193
7723
1869
1211
4849
7030
1984
546
1876
1404
9649
5880
4345
7108
8983
5344
4813
3296
9088
501
5735
1878
285
5639
240
6907
7416
4335
7779
1598
2904
867
2172
4662
5844
8514
2990
1088
4255
4527
2808
5941
6360
1311
9681
3381
3854
4692
7568
6596
4357
9139
2821
5539
7099
6874
9202
8969
6329
1103
7092
904
5009
8622
9655
7702
7517
6337
9866
3107
931
2390
3550
3194
2156
6952
1241
3068
3379
3004
2733
4971
5536
6306
5784
3892
1892
5573
5258
9436
8195
4042
3812
4894
8842
4049
6122
6199
2063
1267
2366
5029
8860
7392
5728
3532
2815
5491
4339
3379
5402
5437
7338
6785
650
1173
5641
3404
1341
8069
2544
6920
936
1865
3270
4135
8536
2317
3670
9891
7256
46
3759
5870
8268
1600
2807
3613
7400
4376
1269
4763
1980
4670
4660
7009
5020
2191
1590
5148
6624
1622
6174
2524
2442
9500
9715
9032
1137
3492
9591
1129
2135
9671
3727
2182
8622
5624
6942
1363
7064
7528
1611
3015
7280
5917
7222
9160
6218
294
3135
1596
8159
6251
3913
3090
8044
2207
6109
5888
4527
8609
9985
7422
1598
5478
1393
5902
4695
6024
9975
4042
314
6238
3840
5322
99
5775
9472
5199
343
6462
8147
731
8054
8889
4058
2318
5828
6373
4403
7097
9511
6410
6357
4627
2649
2295
6940
5773
9638
3081
5920
3670
1784
548
7976
9218
2460
7807
4102
9819
7400
2077
6533
8337
9221
4146
9670
1884
8899
8858
891
9800
8523
1334
6063
7407
8010
7029
7922
28
7544
4788
5881
5241
9156
308
4097
1329
1051
9577
3421
2323
3145
6415
6462
6645
1085
5380
1113
2595
7839
8389
7108
589
879
2362
5781
3758
1232
8182
7238
294
4108
2396
7962
3899
2740
7462
1849
2300
5916
5042
4923
1176
9327
5805
6572
2924
2017
4342
8534
9113
255
4935
2729
8775
5691
8821
9249
3123
4475
1073
2016
5635
7693
2467
4394
425
1397
9171
3050
8852
9295
1210
9967
2060
8845
8149
9994
7903
3371
8864
1588
7441
6783
4845
401
3033
7459
2216
89
5499
3075
9121
2677
7858
5092
9882
7081
6870
4757
2020
124
3059
9700
1337
3705
2974
9118
8717
7429
4340
6245
7759
360
7723
831
5335
7251
1418
1136
9121
4674
2794
8974
2433
7498
4740
9713
6644
6278
7821
6512
8919
4100
4794
3699
42
3323
2977
1960
4250
7196
4866
7291
1540
7196
1981
6545
4590
257
477
9632
2070
7490
8962
6966
4343
9710
9521
2405
8620
9478
175
7842
2686
3058
3285
7613
7381
5447
4348
1307
6179
3791
4160
3489
4094
347
6017
2969
1782
3502
5173
5282
8011
1385
7457
6999
203
6878
8743
1113
1815
9801
3769
302
4374
5595
2619
8493
2751
4681
9880
9325
7060
3681
5081
361
5636
3586
6621
5994
6886
4774
9937
4375
5711
1059
2866
1520
6839
4573
6143
3362
1410
7051
6543
1989
7351
8470
4526
7444
9545
9441
2784
4868
8995
1152
2509
4960
2818
9322
2245
6741
2370
9637
1319
376
3420
3214
7028
6077
3185
4775
6732
5406
2448
9731
7506
9169
7323
4549
281
9283
4917
9932
9199
4471
4761
8471
5431
3895
5522
5597
6030
3818
8340
2801
4867
4121
4599
2770
3120
2291
6107
7975
2638
3345
985
8998
4153
7054
5983
5953
7681
7762
2733
2064
9504
3751
4325
18
8170
3138
2094
3337
4958
3404
6015
8842
1175
2225
1923
3226
189
3522
3244
6299
5859
9241
3458
4647
495
285
7414
7176
8431
8591
3440
8098
2659
2678
7329
4451
7030
9672
8216
6399
6588
1781
8175
5385
3747
5209
3238
527
8523
2664
4815
5102
4147
8039
1702
567
686
3304
6633
1458
630
9587
384
2805
9344
2822
303
7085
3015
7171
2055
5711
3938
2202
5412
109
9151
5012
3724
9388
6458
543
1678
9118
2603
8440
6156
7426
7072
9582
4144
5321
6528
6134
9071
399
7936
4013
6095
8638
8357
8160
8830
9887
3358
9606
7491
917
5742
6499
9408
1537
1472
2952
7341
9982
2808
1552
9959
552
4400
7741
2358
6179
5992
9312
3975
6378
4251
7843
1248
4865
7716
4971
2484
9815
9724
6846
6917
4602
8038
3947
3460
6620
6646
393
4611
4744
2254
4266
1324
327
2845
123
8391
8446
7927
4431
9855
2134
5080
632
1942
7174
73
8480
8387
2292
6136
341
8493
1191
8059
6115
2903
6903
1963
7569
3036
1969
6744
9483
4582
3508
7718
2920
5527
6445
1319
9905
8556
7335
8554
6305
7785
996
7428
3556
7377
229
8653
5314
6369
8993
6262
1722
6393
559
4770
3633
6927
2220
5740
3615
8788
317
5812
5737
5391
4460
4681
9681
9454
9239
8322
7178
5977
1237
3780
9411
8524
1668
5069
7044
4119
8645
6965
6781
9750
4337
8829
8868
9065
9940
4447
3645
4782
674
3309
4405
937
6696
6469
9265
2278
3469
9382
8403
8448
301
5195
2702
385
5916
5969
7219
2326
7423
7498
2826
5096
5393
4608
29
1190
8112
3121
4266
1767
8579
2472
5188
7171
7248
551
3704
5741
8147
6868
8393
2482
6200
7433
8887
4914
8629
2019
6662
1108
2902
4278
8552
2907
7403
1589
4307
4480
3928
7165
741
212
3724
4761
1474
4321
1415
9193
3271
2241
1540
1105
1223
2479
3063
2977
8810
9231
5976
2762
1300
4128
5753
9218
4324
3759
8318
6760
6797
9180
718
3260
4914
7427
8129
4521
1521
542
1231
5191
4134
7554
439
6068
2786
1241
4603
6250
5618
4427
9197
8327
6047
9986
5680
6842
7853
6671
8334
1397
787
755
6330
6109
8305
7054
3042
5429
8934
1393
7554
9750
7394
3912
2002
8581
1643
6128
871
2184
5405
5423
6997
3174
3533
2361
6518
5722
4443
7408
3371
7190
6622
1428
2866
3687
9884
2651
5836
9399
520
789
3867
4516
2370
7995
8235
4270
7678
9046
9001
1708
1090
1406
3849
7584
1868
577
677
2347
569
2878
5985
2209
572
8685
4885
284
7252
8573
8953
5368
2523
1533
548
