5715
4289
5781
2061
8134
8236
6535
1603
5207
3278
2500
9529
9966
446
8602
6032
3817
2837
6750
4569
6859
6619
1330
7679
9825
9694
6134
443
41
1340
9411
3029
3662
8982
3144
5490
4361
650
5846
8441
1565
2243
4129
370
4967
8180
6579
5335
8552
1497
5673
3742
6014
1130
7756
967
1664
8075
9477
4333
4141
2455
2748
6173
1785
1195
4558
1650
6488
8211
7776
4802
3476
4348
51
7126
3317
3195
800
4481
5829
3906
8696
6734
2415
5254
9106
5202
6022
628
4894
4615
4012
4205
5850
5387
4899
1658
4414
9687
4152
354
29
5355
506
928
1088
4541
9927
4851
4587
4366
5012
4471
7263
8980
6979
4234
6496
9096
1537
2374
6192
6871
6427
5886
8295
4790
8076
9624
4354
8589
7183
8887
463
9131
7669
9624
9814
2855
6701
1413
5952
9196
1920
3499
798
1947
2078
961
9997
8876
4638
7438
6953
5225
4235
6641
5556
2659
3644
6273
6272
2096
6098
8750
8714
6523
702
4236
891
553
2547
4569
7594
6289
2825
6951
5066
5076
2637
4417
3416
7266
4826
4468
4771
4800
6897
7199
8011
4053
7936
9648
9924
7207
655
8473
8365
164
3277
3221
7405
6104
2824
1864
1686
955
7906
9358
2199
7450
9512
1918
5719
4394
9749
8696
161
2014
8480
5743
5229
8099
7641
9548
3267
477
6923
502
5652
8598
3971
6012
1715
1578
6061
8645
9999
312
9210
5112
3494
3975
5779
3477
1456
8656
7065
6099
7226
9861
1751
8242
8224
3434
5588
4584
1944
4329
1526
9323
1875
6339
5701
9747
7936
3602
3762
499
519
3110
9499
496
1768
6362
3605
1856
9474
428
5981
4288
3454
1950
1629
4057
7524
4683
7774
8787
1732
8797
5815
4207
5134
8900
3920
943
9598
1184
1069
7217
3109
2900
6496
8915
3456
9073
6198
6079
5326
123
1581
6771
6935
969
6370
4744
5770
3992
2179
3555
9689
1886
8623
5313
749
8113
173
8373
3385
9187
7270
3585
6254
9868
1711
2056
2893
8207
2470
2464
6148
5846
4188
5512
311
55
277
551
7708
9792
1247
3853
147
4340
6617
6242
9016
5517
528
3764
4592
3359
346
6275
4889
7094
3646
706
2654
1761
4608
1537
786
5249
1408
1046
1204
7054
8067
8098
5758
6353
7537
4277
5098
7131
6339
6089
6464
5356
2140
3058
6913
4190
8585
3742
6694
1156
2996
8511
1756
6260
278
6093
4515
8994
8255
7733
3387
6691
1548
4898
3894
4697
2741
2118
5199
6537
5628
9531
5565
1493
6417
3166
9386
1300
4577
6738
9695
5220
3802
7763
7870
9137
7215
1277
9915
9307
4353
6593
8343
9169
7231
906
679
3663
4560
3114
7495
7637
3997
6981
1926
9514
2415
1563
3822
8631
5983
6862
8183
3860
9596
9874
5352
7494
8538
5917
1302
6569
4558
8543
2093
118
1789
1709
3844
2078
3340
5891
1550
4846
3556
50
6742
5016
7763
8769
481
7142
4593
8743
1156
8388
4297
927
4622
8772
735
3788
802
71
8267
5508
5707
8993
850
9444
7531
8509
8153
3939
232
9976
6330
7117
6957
2988
6570
4508
2268
4996
4678
3020
7495
9089
5981
232
5445
6309
8155
3035
2345
3738
1607
7794
272
5648
8333
324
1645
9920
3076
7679
285
4670
430
2455
173
6794
4541
3521
4205
6803
2589
1546
419
6539
6645
2393
5153
9694
4734
7662
3506
5521
7788
6980
5974
2947
565
4823
7228
3598
7266
4710
699
5810
5492
3218
1992
9856
5857
7245
422
7333
1615
4832
3938
3890
7908
2027
9451
8500
4915
8763
5498
9184
4886
9777
7440
6583
9942
6955
2450
6474
1698
4048
7034
1908
4233
2294
4139
2313
7031
8347
4813
7123
7549
8078
8022
6574
7388
7294
5230
7961
1893
7199
6384
5408
6044
9183
7896
6907
9008
8714
3277
8608
8862
5824
9254
1755
8021
2427
3997
5080
4218
5169
927
590
7244
2704
2776
7003
7567
5350
8178
3507
8901
6383
8468
8140
7010
9242
7543
4503
1185
4034
6138
230
5966
4080
4757
663
783
6485
2693
1544
8668
572
7031
8231
8966
6593
537
4376
8746
4106
5354
7429
5771
3606
5922
4645
3328
699
2605
9951
2928
3484
9811
1028
2528
3767
4641
4050
2746
1504
5555
1690
37
7592
7637
3612
8820
1593
9010
6815
6703
501
7618
1691
5357
5503
605
2953
9195
7589
3079
9772
721
6526
8036
8477
6469
7395
2464
7826
6807
5740
2669
6721
497
5023
6575
3386
6000
560
3346
4910
8284
5367
9299
3733
8922
5819
4703
1826
8265
7953
3875
3213
2739
3402
910
8546
4363
1776
6817
1755
8797
44
5533
6406
3427
1932
8994
5920
6953
1661
96
9071
1881
550
7774
5665
172
5576
5089
9231
5903
1507
6252
8005
9677
3113
5772
477
9550
1429
6529
8560
4797
9779
4072
5687
8528
163
8632
8459
1648
6977
2759
1920
5109
7114
3807
3413
2243
5745
5832
8679
8344
81
1468
1318
2720
7423
4893
7303
8413
3697
35
2133
6170
5730
2042
7544
290
1548
5185
6046
9174
3841
8128
4723
3022
9527
4958
7074
2924
8847
4767
469
673
3528
4277
1113
8490
5568
9479
6510
7990
1705
441
2282
4192
501
9275
2989
7925
459
8499
3333
5148
6095
6108
2962
2540
3882
5562
6
2272
700
8331
7006
8314
6696
353
3274
8820
4666
3220
1581
9129
939
3609
3161
6373
9115
7399
9659
2849
7460
7129
532
5739
8774
303
2274
5357
6081
5446
8832
3793
6585
5448
8214
3909
9190
8475
7232
9159
6630
2938
9593
3519
3468
6271
5004
9965
4144
9329
4507
2254
5357
6735
3004
5870
4371
214
649
3799
7007
1584
9626
3631
1078
1867
9206
8452
6621
587
6422
230
2349
676
6709
8192
2614
9960
5424
8496
1968
7963
6308
781
7641
7642
3780
2657
750
6028
2991
2337
4489
1286
6597
3241
2939
4327
4344
4350
2540
7531
8958
5654
7217
8104
2859
8693
5694
6354
5531
8846
4920
7098
2594
1599
5393
8249
1444
7253
2740
1115
8099
581
4197
6558
7025
7660
995
1311
3062
8429
8955
4222
2819
6147
4298
199
6081
9284
6661
7247
713
6134
9409
2718
3207
2502
5981
3447
8488
6764
5451
7614
2080
2508
4236
3939
4397
9872
3240
8486
8337
3170
3930
227
6951
4848
1695
9028
4487
2419
4756
1705
2408
6457
6562
1053
7361
7719
5376
6089
6105
7759
7128
7854
5166
4685
1412
6716
6419
7710
6472
4955
579
6495
6753
1344
2356
4637
1172
9943
737
6999
8725
608
4791
4413
9770
9612
5837
7499
8672
1070
1111
6404
9071
7101
9130
1648
2750
1891
5399
9565
2003
4461
4673
5465
2997
4465
6
30
5262
1049
6100
4109
4313
2975
8628
3441
8648
661
6329
1850
9250
442
8325
7669
3984
642
7073
7251
7914
6789
8213
3977
6481
9034
2920
2269
3033
179
8415
1748
86
2622
4700
9025
3510
8651
9306
9881
5858
6568
5524
7886
6875
1037
4102
8535
4213
7886
8446
7725
7273
3331
5024
8370
4352
5746
497
4375
5000
1580
3870
767
9682
1401
7183
2671
9808
8610
5321
2432
952
4266
3352
2137
9256
6163
1174
4645
3269
7924
5738
172
5312
4804
2609
4365
2607
1326
2970
9938
608
5716
8192
8648
4609
7119
4748
5677
1528
8208
8026
2674
6083
2036
7904
1322
1970
4690
3219
4390
1223
7048
1606
956
5390
8268
6609
7294
2603
3638
6000
3066
3670
7723
846
6463
2953
2643
8107
8225
659
916
3594
4416
4061
6448
3727
2304
9758
9960
8148
8448
9800
7857
5640
499
2061
5924
4922
8465
129
4213
776
2811
3768
7347
7553
6967
4360
5219
7465
6956
1893
8620
8137
7249
6480
5428
1824
762
881
405
2243
9947
5787
8
8379
552
4120
5707
2740
8644
4589
6142
8944
3333
7769
7542
5343
3173
9916
4505
4257
6164
2349
4616
2784
5547
1405
310
6962
2440
132
1522
7948
9262
9591
4003
4527
5978
9294
7443
8314
946
5453
6697
2458
3839
759
7587
5469
1198
7559
9485
4774
9027
6024
3558
4648
9643
8713
4331
5904
3345
8480
8284
3386
3509
9486
5450
657
1392
8624
9292
1328
8415
777
3273
4370
8904
4538
3800
5181
629
4890
2359
1567
577
8933
2353
6750
4000
3963
8266
2524
4521
4465
7684
9169
3907
451
700
6569
7118
248
9744
5474
1852
203
3829
1670
9160
1452
6931
4409
9259
4829
6485
9891
3679
5274
4581
7384
2469
917
7719
6097
4695
4457
8598
3082
2716
8437
3093
8275
555
3218
3085
8440
4431
9947
7638
6941
3453
5385
5612
4552
1093
3192
5079
2911
5619
2800
8301
1927
7074
7464
9558
7867
5196
2057
460
5707
8387
6427
5766
9149
7234
6560
8802
6161
9364
101
7583
2693
9786
8917
8145
8315
930
46
3964
244
9714
839
3321
2761
5351
8170
676
4173
1235
6049
5363
1316
6938
1705
1577
7765
1313
6086
7237
1077
8653
3083
5764
3806
9859
8962
3654
3222
9131
8786
8212
9136
9903
2428
9416
5715
5201
3595
8040
6921
123
9068
4988
2403
6061
4282
3485
3834
9537
1942
5233
4575
587
5424
5634
6898
5837
2504
1047
7910
8528
2916
3805
7774
4815
7644
9068
4272
9568
2723
1732
2423
1224
5972
7967
9884
4444
8237
6793
4425
3090
4020
8148
2923
2328
2029
3514
1619
2664
154
7907
3196
3309
2763
1025
3219
4651
9605
3236
4147
3991
4649
6167
6668
3099
3953
6535
7640
2893
264
9827
5947
5214
3753
7566
3835
9766
3612
9415
350
3828
4513
4998
1606
7212
1510
1424
9011
4381
8753
3566
8935
857
9187
9692
6574
1981
9623
2693
5736
4709
9555
6305
8074
4103
2647
3345
5763
7637
7530
8720
5758
5535
4268
2947
7462
798
6467
1725
499
5092
7315
5093
9032
8260
7161
7173
8274
3583
7860
269
9952
1742
4058
3640
2942
910
9392
9394
9274
6112
1688
6337
9026
3320
827
6921
7841
4217
5693
6923
5232
8839
2612
1861
7272
8938
9604
1389
3723
2304
5479
2774
6978
4768
7569
6354
9307
3439
7192
5712
4915
2748
3846
8082
6752
6671
6568
4016
7864
7365
8710
7833
5844
7463
759
9500
3836
1689
511
6738
2035
7394
3281
3978
3620
7687
9985
9155
744
1188
5813
8275
8225
6544
8525
5943
5074
198
8258
1855
3349
5799
2919
9509
9879
1054
8225
3620
3577
3651
8824
2622
9012
7123
2161
143
6472
5901
1729
1046
9539
4481
7692
196
2693
4319
3591
6152
9405
5166
9236
5485
7845
2126
4161
5548
736
7878
2054
9624
1522
5602
9402
5813
4658
8126
4681
5496
8179
1402
2225
191
6360
8276
6129
5219
7173
6
700
2555
2440
1169
9985
6640
7085
7694
190
1087
486
9335
8409
7618
5235
9598
6814
515
5043
3914
2218
9823
4617
7700
918
2603
369
7024
7830
3657
8889
4868
6115
1950
780
8765
9445
1466
1539
4081
7597
4921
9465
6534
4662
252
7563
5355
9266
1837
2276
6060
4639
7627
1977
3608
7286
8623
5344
6886
1301
4945
253
2157
8085
4178
1683
4210
4017
8283
1976
4674
9159
5020
5090
4606
1745
1029
7250
2018
9322
9103
5369
2684
8072
9405
9260
5237
6166
3527
1132
1586
510
6031
1392
8348
5090
2257
3925
4162
6137
6935
1391
4924
6757
9174
8132
35
6043
1198
5584
9689
2253
3798
2919
4223
1182
3130
2340
795
610
2696
7151
96
8322
4412
7860
2020
7219
102
1856
9332
5053
5412
2746
669
575
86
7307
4982
3794
2758
9939
668
2082
3917
6748
7115
9717
5718
3536
6901
3825
4446
7862
8508
6061
1257
6410
8006
8073
4384
5209
3716
5
4795
4121
2558
7020
2139
6499
504
5296
3040
9558
3423
4600
1246
8708
3896
6022
7813
3983
114
8428
2066
9879
1707
1033
6366
743
4990
8692
9847
2001
8784
9572
4563
4404
1773
2777
6073
4048
9546
3893
1635
2835
9703
1052
2425
6611
8179
2360
1563
4416
3266
4077
3076
5759
4500
1397
3629
5733
4429
4884
6609
9363
7354
2913
6066
6214
1475
7358
8900
8785
7429
6933
5983
1643
6595
393
1381
738
3042
1970
8278
5577
2372
4043
8369
8774
7615
4467
3308
9088
9520
7494
4576
7208
3420
1773
1832
4526
9873
5672
7986
8391
9831
9366
1516
3073
1349
6196
9262
4287
9941
2738
6708
3866
5300
8980
7635
699
7797
9081
7388
7311
9294
6052
8597
1051
959
1925
1817
8654
8157
667
9383
7128
3255
8459
5605
2229
3401
5050
3399
7713
6339
2748
9952
2742
3669
5018
8417
7788
7013
5358
3579
2349
3006
5479
400
7652
8080
2631
4567
9637
1750
4047
3629
5803
9586
2287
5030
9238
6193
3789
1533
2299
6441
6987
5710
7617
230
7173
9198
5793
4241
115
2211
3314
1607
8826
9409
1947
8686
501
7639
8281
4115
7715
3256
4622
3664
8769
6531
8221
9978
3895
5970
6929
7436
1871
1117
5160
4839
6831
2307
7558
4015
209
5308
3094
825
7020
9266
1574
4788
611
4692
421
4855
1948
2797
1933
8937
5080
4796
4989
8971
2223
2027
1865
8360
5693
1657
416
751
6773
8392
2752
2633
7405
5424
7851
3333
8001
2015
5119
9139
5752
3954
4948
9346
2379
9933
6535
1355
2432
2706
1481
783
1085
3994
3500
4115
629
7408
4679
128
4198
5761
1674
9358
444
2453
2296
5080
221
1154
2079
2067
5727
9019
2215
5121
7789
6865
4414
2667
2649
9154
5471
2138
7296
3421
792
1482
5387
1775
8268
3528
4103
2041
9975
3018
6784
8641
4850
4436
844
4690
7636
1402
2052
9185
7503
2349
5515
8024
9872
6194
8819
7559
6614
6303
6302
2585
3598
1301
4658
9665
3325
6862
1071
6430
2651
4260
6956
5324
2412
1736
3468
1279
5891
1264
8674
740
405
9441
5894
8967
9248
3634
3235
3141
7189
217
2551
4273
8390
4875
1937
5982
6856
364
9588
7770
9080
1067
5561
4081
5663
3383
6358
6441
47
6380
9192
9399
4310
8494
3685
6684
6681
8059
8935
9872
1204
7932
8381
7673
4761
320
4654
4732
4975
5872
2839
443
1540
9918
5389
9007
6770
2918
94
9737
9600
4200
5999
6718
7066
5525
8475
294
2074
4890
1509
4434
3041
2989
5237
8497
2980
4208
2693
1852
7670
9079
2586
3082
1015
5544
7220
2318
5351
497
3187
461
9704
8505
7500
6736
2677
1635
6398
3575
7641
6095
2979
2808
1408
9286
7234
1331
3632
5100
9217
396
8317
7519
8300
6880
5459
1333
557
6140
3004
6611
2116
4369
4368
867
2657
2553
7599
7607
5490
9957
8426
4162
2689
1852
6316
1380
4157
2329
3787
6272
4134
6784
2103
3664
4627
7477
4944
4860
5621
7334
2232
1912
4307
6476
2579
2887
9923
7997
5946
1680
7006
2093
3471
8358
1237
8389
8014
6308
8951
4341
8966
6703
8552
5306
3448
9436
1687
1969
1403
6417
5737
8673
9753
1229
6932
5529
2929
4683
5665
5044
5100
2565
5961
3112
985
2578
3902
573
5794
6169
636
1427
7446
3464
6561
8759
3428
1811
9908
3378
506
1504
8718
2587
2896
5940
2315
3215
6296
786
2039
6018
362
3427
4759
4541
4377
6078
6686
6999
8936
1889
9798
7207
8468
1521
2342
1882
4191
8217
6894
4726
1801
6636
837
3620
933
9992
1304
5681
4999
8749
7798
6240
518
1665
7940
935
3350
3595
3880
4534
6338
210
411
5606
8048
5719
3291
4126
4841
125
1188
3506
1426
5215
4001
9225
7581
6258
9980
5084
4796
8161
567
3056
2602
3294
1312
8217
4185
2949
5770
7937
7466
5136
8606
9738
6826
3994
504
7386
7543
7697
8169
4636
6490
6779
1975
7230
905
9460
6415
9890
1287
8637
928
6121
7479
4623
8865
1655
5396
4778
2683
1755
8081
7502
5916
3862
1445
6247
639
7141
4300
5359
1165
4108
876
3250
1333
6677
2411
8934
1655
334
4331
7801
7105
5387
137
1779
3742
938
5112
6354
5407
9391
1054
493
5670
3182
1339
5947
3281
7475
5058
5906
5214
5948
260
7808
4966
3841
3090
1687
8316
5611
1840
9518
140
6847
3374
3336
2837
8544
5026
1876
6569
577
1249
8901
7801
9168
8858
1291
9757
1334
1922
1512
8505
3524
882
7394
8936
4481
8938
1682
1086
2729
7601
5917
5782
5459
7481
1665
8825
9697
3064
9971
3998
7186
1223
3808
5096
8431
8177
7821
6943
359
7465
2249
9724
8960
4487
6266
8562
2784
6153
4606
5870
9831
2629
3364
3647
6940
6967
920
1382
1862
2024
6501
8519
9902
3173
7668
117
3088
7438
7259
9636
9653
7859
8511
2421
6257
9550
7417
9678
2216
4963
4319
4027
7237
3200
2097
9375
1602
2477
1038
4668
7710
2518
2270
6530
9263
4555
1911
7587
5405
3041
8629
1999
4623
6760
6336
3626
4173
7716
8440
7086
6841
17
2927
6384
6431
7738
3011
1658
7133
6587
6863
8869
7311
4104
9538
9491
4578
9583
9476
3491
8293
6897
2656
6807
679
7155
4735
1717
1407
7728
8971
914
3562
5057
3017
5368
3653
9162
6027
6014
9647
5857
3668
6719
3174
3672
4831
6381
7230
5175
4720
2843
4752
2528
2937
9853
7732
1212
6493
2869
4843
82
5680
3414
2794
8488
7866
6557
7207
3085
2683
1621
5459
5858
3719
5345
8796
4618
6015
2487
9707
8640
9767
8625
7696
4176
3169
7035
3181
858
1952
7122
7185
7155
4141
917
2853
327
4366
5860
7605
2260
8651
7714
5787
4614
7518
3110
5994
5917
5767
4645
4733
2613
2218
5542
2480
8452
5694
4531
2567
166
2864
8379
5474
9163
8115
4726
9467
9703
1010
3126
1399
3381
6916
3759
1786
470
7341
8661
3530
6034
3110
491
7204
8481
6277
8864
4782
9198
6999
8914
7817
9620
333
8853
3074
3410
8269
651
4506
3888
5940
5303
8971
6044
9643
5484
5524
2675
5899
1886
2476
93
1546
8588
7591
9150
7407
6110
4129
9171
4747
3681
3462
2183
5439
6308
9268
7331
1221
963
1031
5581
5249
3127
1352
7959
5598
1858
1446
5185
3539
8642
1380
1196
5276
9593
1178
5270
5274
4076
5413
9640
2298
7767
6055
8011
372
367
8784
8176
2141
4500
7783
6739
4211
5638
3302
7194
8997
4465
5940
280
5193
2791
5779
6486
9464
9871
5218
4274
9474
9162
4835
1721
2231
7795
861
7173
7401
2125
565
3779
7967
112
8932
3798
6599
7019
8452
219
808
5073
4479
3861
2424
1983
9358
2794
1709
1054
4181
3297
7198
5140
7327
3414
2605
9811
1346
9339
8551
3226
6765
1284
4802
8480
4830
4051
5968
4358
308
6008
3842
3273
3022
7467
3469
4343
7769
7212
739
1971
3457
5351
1646
7847
8930
6892
8437
9591
4390
4580
1764
2973
1184
4
3488
3031
9941
1020
4353
7580
6264
6973
1544
8324
5952
4783
1103
2755
7385
1722
9391
4352
2281
7814
4900
2454
8101
6997
7815
7383
6581
1720
2211
9837
9722
3453
9322
468
635
9230
4138
5051
4614
7281
4627
5126
5466
8845
9674
8614
2950
6874
8875
6590
1927
4143
1281
1633
2162
1211
9858
5688
1083
3689
8845
2191
1446
8803
1125
6708
4845
2308
9631
8478
2776
3848
4861
7839
9334
9511
3514
9713
6375
4701
5004
6574
6259
3256
2752
525
6800
2842
7891
6621
6042
9181
383
9247
3256
9470
436
3386
4174
6982
6121
2595
3944
1885
128
2166
2947
8493
2828
3866
8292
7849
9923
154
8819
6837
7580
8696
902
6457
9110
3618
3440
9210
3947
6222
7716
2116
4698
7431
8157
2169
2131
6636
7955
4801
7138
4627
6684
2356
2559
6235
710
6153
2893
2573
4915
751
5321
5308
4436
5030
6340
2863
6953
2635
4392
6147
9880
8226
2717
815
7143
4624
6116
2663
6964
7753
8534
4854
9694
419
6160
5299
9089
2335
2970
5037
9587
6889
3616
6976
6857
7026
1212
3608
9528
9208
1533
2901
1965
6990
6723
6696
2477
2899
9813
4145
4005
8980
3080
2076
6781
1030
9926
3504
5071
7653
5453
2462
9352
4954
7609
98
6239
1748
11
4693
4342
4788
268
2599
2188
7596
3925
7284
8660
1854
1001
8462
6343
8369
8117
5491
5852
9986
5055
1740
8434
3717
6835
1445
8967
3019
6284
235
8930
68
2661
9962
7309
4147
5333
9987
4154
3374
5724
3513
6880
2250
3760
4085
7667
6834
9139
1408
6563
3522
9370
9470
7636
5004
2541
5770
4240
621
1750
3596
5423
3581
109
6925
4841
5975
227
6441
5844
855
7774
8590
8056
3472
7226
5938
2121
1467
2010
7807
4256
8384
4226
8100
48
6796
8850
7310
1393
9643
27
3137
8803
2127
9955
118
2725
4031
9351
390
5508
3132
4207
4871
2937
1722
5120
5002
1441
7971
1479
4556
1236
835
1435
2567
4520
7131
6894
7456
8677
9031
580
8209
2870
832
7290
2154
6470
4760
2477
3585
7829
829
606
1774
1063
2499
8933
2335
2518
6549
1356
7666
8096
7979
1227
7650
9182
1795
7511
9217
8303
6312
8844
3563
1391
6970
4947
8948
9160
6309
5775
7403
7101
3511
5702
3461
3020
8431
3704
2999
1301
8953
4380
7145
1188
529
1244
1510
7974
537
3643
179
9043
8123
6863
9680
9025
4906
4038
5728
6466
5902
740
5735
4397
3319
162
3445
2822
4009
6589
2371
1727
1055
7399
768
7574
2657
6212
4072
4837
3215
6468
2275
6524
1969
5639
8037
5481
2396
7423
3900
7112
8238
9409
8438
8051
513
614
2125
3548
9199
52
8845
401
1817
9604
7323
5715
9850
9041
6734
4144
3119
668
4033
1104
9581
4773
2247
3595
4435
811
1012
7110
1880
3289
4515
1862
3257
6721
9756
7401
7186
7137
9522
364
8453
4465
4524
6918
9884
9452
5865
2885
8021
9717
2709
4516
8137
8227
6955
4953
4628
8036
9180
3423
3589
7373
1515
9173
3621
6893
978
293
9687
2599
4305
9441
3930
1400
2935
4969
2943
6531
9983
2862
1262
9123
2473
9057
674
2922
2146
5439
7070
1817
3266
8106
8711
7212
6953
9677
3119
1504
2875
6309
7860
4488
3814
5548
5495
5591
5118
4306
6157
2895
3624
7899
8348
3291
2130
5166
3486
2965
1159
4644
3932
3342
7089
2696
3412
7036
1119
3667
618
4555
5330
9003
3295
2487
4849
2964
4121
3162
9704
2518
273
4628
546
7302
1486
9129
6758
6288
6117
6504
1438
3788
2395
9993
4963
5727
2196
307
6151
988
402
3614
4330
4698
9239
6093
9044
4382
64
1640
9099
6911
5915
109
1503
7970
8466
3676
6704
7928
456
3692
1949
810
1966
4454
7235
5064
8545
3083
253
6541
7976
7834
142
9324
1217
8298
3743
3907
3604
1060
7803
5116
6320
7859
1614
6064
4059
547
2315
712
9238
2879
610
2487
6839
3858
830
5424
2557
1971
443
3981
7565
5935
1871
7354
5220
5533
6894
2058
7127
1854
8087
1523
462
9617
1233
641
9301
5751
5352
513
8902
3122
3475
1094
8486
4959
1970
6813
9193
2628
4881
5356
1215
1348
8381
7154
9052
7891
9492
1140
4787
1499
3344
6723
5202
6192
5582
6492
2026
2363
1982
2403
7596
2921
8356
1798
3668
9534
1987
466
6438
2090
5751
2318
4589
8297
4749
4598
4510
3663
7291
9857
1823
1330
5864
6521
4620
2009
4683
5218
133
3849
5640
1124
7889
7755
7423
6433
744
926
166
2914
6018
1203
7442
7794
3119
5155
1030
8376
6289
3317
8756
3505
7479
7639
1389
7558
8001
4150
9043
1000
3062
7138
745
6305
9831
6761
4165
989
9797
5211
6534
576
7047
4796
4730
7571
922
6868
7214
8438
297
5062
3584
3706
4671
8328
5039
6885
7182
4476
8419
3745
4947
200
2111
4091
4669
1051
5758
3526
4559
7224
507
2592
7641
3630
6448
351
8189
694
1990
7598
5899
9131
6108
3768
6359
7046
9498
9790
9120
1746
8323
4548
9265
1520
9791
3807
8632
9345
5073
5382
7161
6295
2238
6660
65
9057
9327
1207
341
3739
912
3944
7640
5877
5454
3130
7910
5598
5864
6374
5528
2938
886
3849
3310
6872
3856
2370
4323
5488
8828
2315
1410
5500
3762
2776
5272
5645
8745
1915
7918
3250
9530
7691
9648
7204
3284
474
5716
3848
7443
1950
1319
9190
3359
2895
9687
6212
4670
487
9455
851
8578
402
6836
5158
1882
4480
6383
3012
8503
3304
9275
249
7020
8673
1807
8922
63
1462
3493
5480
8780
1092
6402
8084
517
1573
5706
9488
5163
2594
1801
3841
7972
30
217
9676
2733
7935
9994
2811
5522
5102
8539
2540
3519
636
5684
9831
5161
7472
1826
2866
4859
1753
795
2483
5331
6570
9588
1808
9676
7612
3614
7008
9870
9516
5432
8532
880
7165
3654
5049
4933
8829
3449
5493
2254
1247
9392
5797
9027
3386
1051
2444
8465
5281
41
3779
1472
4012
5167
1130
2998
4228
8876
7444
7917
4375
7592
9643
342
1125
7164
4977
9605
2708
2704
9857
7685
3030
1620
798
5336
5601
9305
3933
1647
1628
1575
8668
2185
6430
7389
4931
478
4742
5148
9423
368
7800
9858
6256
6228
4018
3572
9413
308
3247
9626
9315
4753
9281
1594
2373
1030
4374
7218
2259
5846
502
4440
1691
5950
8357
4319
1205
5685
7348
5071
3245
6248
7193
9245
2722
484
8647
7263
2615
7389
5027
1302
3884
3077
6222
6242
1344
7602
8333
2577
8525
3457
1532
7227
212
2302
4501
3443
1715
9851
5724
8287
1521
1233
5574
318
9907
3651
4169
7988
1955
2440
1189
2739
3539
3521
7747
5852
916
8272
1811
6007
193
6701
5102
8664
5100
2524
676
2937
9275
8294
3440
2523
5025
9797
6297
7095
1118
9049
3676
2148
5422
2274
7908
5210
5550
9145
4632
6910
4499
4962
3596
6155
1754
7891
2602
3245
6010
7229
2373
5375
6326
5223
8711
4123
9463
2136
1993
8836
1306
7468
7958
7758
8044
4294
6849
6303
176
5184
4291
6665
847
1179
7167
660
5232
5344
8120
4404
2050
3277
908
7396
690
6337
4485
6437
1492
7986
5724
7225
2964
2733
3541
4090
808
2497
5552
6514
9813
5019
2041
1899
2950
8714
2539
3660
5419
5360
8771
1942
4997
2559
6378
8389
5987
1639
4859
1978
5466
106
2773
3887
1456
6888
193
9954
8256
2478
5414
3392
4478
1892
2356
7135
1161
4671
8059
7360
8262
1587
7532
5719
2016
4155
4783
3658
5226
8884
9866
5317
4100
3400
9868
6914
5005
6694
820
2967
1000
7360
7117
9899
3890
9983
6847
7669
4148
9109
7135
3316
1160
5342
6814
3893
2072
5249
1266
4090
1051
7955
5238
7886
4065
5273
6557
6793
3891
9485
2386
1639
4088
2809
7629
5246
5853
6398
3119
7165
4754
3241
8286
4260
8626
5920
7420
3061
8433
5223
9283
4608
8929
374
5105
9079
7260
4819
1503
7525
6070
7057
2312
9489
1251
4224
9210
6646
5059
2556
4608
4746
6106
6128
410
898
8720
7047
4334
576
5862
5966
4819
2608
8199
5052
5966
7084
262
8846
4993
4799
6053
6433
124
7759
3832
9135
6362
7240
9485
4048
6346
3491
5602
1215
186
9392
8788
8448
1494
7908
1465
2000
463
5089
4991
9180
9452
7206
1437
3430
4950
4928
4113
5787
8577
3910
947
8962
3896
7092
7113
7908
9832
3525
9344
8326
6148
4281
5784
6638
7437
712
6600
4760
2887
4900
7351
746
9804
3268
7660
8191
6021
6078
3416
5161
6932
8397
6279
4328
6861
4451
31
4855
6677
5395
4132
1895
6175
6640
6708
1057
9073
9950
7364
4417
9516
1326
8888
2102
9410
5389
8115
4876
8289
2794
1989
3947
6564
3044
6362
2910
3022
5522
2232
7213
8016
6882
5463
6057
9739
9718
3734
6373
5573
5435
4851
110
2761
3551
8095
1102
9329
990
4411
2257
2063
5000
8878
2321
7005
6612
8617
2460
9058
4185
5620
5708
8942
1208
5511
2561
4177
5877
7490
1646
2559
3239
4705
2785
9605
5521
5395
3147
7117
7211
9536
8546
1336
6571
9145
4671
6152
8313
9616
3570
5345
6228
147
4971
3891
8906
3477
7028
6133
4200
2179
4463
1900
6472
6612
3482
825
112
970
9424
5318
3336
5595
8935
362
1524
2966
3920
8120
9871
3675
7308
74
8255
5544
2670
5605
2594
3226
9742
1156
9803
8520
2924
1580
487
661
5991
3156
839
5144
661
2638
6116
4569
5978
5031
8422
3627
7000
8952
9369
9726
7142
9974
9325
7195
9802
5352
722
5759
9359
1729
5303
3481
5247
3142
8279
2376
9232
2418
9687
9416
5326
2622
5203
9221
6478
9086
7380
7222
6544
6033
41
9476
3801
3145
4360
300
8254
8078
3824
7404
5059
6636
1947
5764
7345
5868
8615
5443
7870
8379
7341
2928
1656
5314
8300
1741
5250
8040
851
8306
9267
6376
4583
8376
4969
6920
7226
6213
2624
7032
2859
4216
3383
756
6631
518
7307
3621
8285
2433
1312
8703
5035
7753
8786
346
4743
2711
7809
5179
8865
9160
3997
2636
500
619
2209
6727
2438
9170
1032
6456
4021
7458
4868
6981
3603
9318
1426
7426
3157
5088
1977
9515
3725
5980
3410
9147
711
1700
3421
6694
1621
9544
7336
5344
5356
4877
2274
8508
2370
6480
1448
7803
2085
558
4041
1135
5228
9693
3145
4215
9748
1570
518
7765
5379
516
9242
2707
4276
5919
2632
867
5616
1999
1767
2759
3132
10000
4985
9248
5912
5249
7707
102
8726
5038
7919
2717
2658
8023
6579
4386
3137
6464
8166
439
2401
2316
8928
7964
8773
9755
9345
2502
7026
6047
4913
3081
2994
3451
4206
7482
8286
8543
2664
9696
8209
2449
1986
3635
8113
8986
2823
4161
8941
2390
1784
2994
9344
289
6390
5045
2691
1535
391
6253
1298
2630
9999
8396
4579
3193
1403
4230
5610
3239
563
2818
6685
6863
4756
7761
8898
4527
3756
5647
2779
9913
975
7809
9987
2703
5896
3480
8677
4601
3008
8837
5490
8860
3450
754
4094
7870
542
2996
7213
5770
5186
7219
2024
5512
7492
5412
4837
8648
638
2071
8180
4607
490
4628
9224
1889
9213
1621
9464
6320
8093
8224
8635
3330
9022
3860
4799
1843
4268
3984
6458
582
7990
8366
628
7821
7476
4203
72
1531
1878
1170
6046
901
569
396
9582
5571
8071
8249
1510
2961
9516
1289
51
3772
6363
3548
1356
1409
3366
6195
3752
7473
8184
955
9003
146
918
3837
9818
8483
9034
5762
4936
760
4553
3390
5311
3574
53
7327
2926
7005
1213
7556
2648
4224
1489
5961
8712
4226
2780
3783
8570
4017
5267
2377
4159
4142
3022
2646
2763
8581
9849
9425
8362
8721
3375
6545
264
6080
8468
2606
6329
6724
7464
3155
4656
1001
2811
4338
2455
6167
4308
1306
8805
7436
6743
7841
5392
6526
8425
7644
9279
662
1205
1482
8375
5260
8164
5994
1418
6333
1439
4059
2079
6417
4868
4984
6744
7920
722
7879
2669
9852
8249
1653
2666
5006
7861
9798
8122
5022
5927
3231
5922
6912
2747
870
6920
5645
9231
9215
467
5127
7565
9136
5917
4009
5080
9953
4425
7304
6262
2769
7275
7713
8111
6573
7934
4252
3943
1229
5110
5005
6232
8927
87
3529
8692
9248
782
2839
2227
272
8924
1494
2271
8713
7907
737
4922
6055
2525
5010
1466
5605
3745
3612
5428
9711
8343
8571
1199
7685
3886
157
7912
4915
544
7300
9441
9067
8901
1936
9795
3652
1978
345
2724
5472
1144
9000
7582
5509
5444
3047
5966
1712
2485
2218
4761
1869
7252
6560
1531
7840
1748
7903
3576
170
7705
5715
1308
4193
9016
935
2199
6230
123
3929
7583
1586
7017
6005
3188
5225
1566
5768
3187
356
1280
5095
7514
6008
981
9050
6153
9065
8804
4219
8525
3540
8533
168
8469
7707
1689
8199
2873
7354
320
5420
2398
5203
7506
4631
2263
7259
9260
6550
1002
983
1329
9207
8125
9358
1214
9043
3098
1947
1026
2367
5154
4987
447
2690
9196
3682
4048
9497
7741
9178
7143
5032
9616
7242
4677
7324
484
5184
4145
3451
1056
1559
5758
8468
7615
9656
9669
6002
919
740
4133
624
8589
3217
559
7859
4482
4395
3486
8152
4609
4981
7428
8676
1939
9021
6023
3361
2187
3276
8583
8853
2361
6527
4433
8361
7720
9998
3232
8245
1193
7744
4491
3783
9434
7964
8000
3322
4993
4423
7747
6807
8543
7883
4166
7773
6522
954
5894
3038
3704
1753
9462
1833
8631
4184
4651
3627
1575
4390
4996
3910
4325
4814
3354
7707
1010
8524
9269
8326
2881
8751
4175
9436
755
3279
3311
8378
7063
6569
7701
7577
8000
9331
5228
378
8111
7844
6290
8591
4396
4843
8928
9490
2460
5216
9856
5096
2932
9376
5296
3104
1674
4225
6713
7171
8153
8113
7079
1516
203
3966
1504
1747
3920
5548
8742
7314
619
8672
3858
5663
803
6596
8755
5289
3547
7967
4294
8274
3876
5593
8193
8366
736
117
8965
6510
4494
8325
7423
8952
6427
9796
7587
1910
3132
7531
6807
1894
703
1410
8813
6116
2784
9705
2412
4761
3557
8232
5496
5063
1746
991
3432
4638
2598
1915
4225
1267
2010
4326
7874
4782
386
5198
6518
8043
1713
3931
3569
8623
9094
5713
1406
7238
3241
6347
6756
5353
2903
1300
6704
6462
6788
7321
2216
3803
5911
4395
2879
2004
1326
7572
9293
6238
2841
2171
7394
4743
2204
3807
7616
6914
2174
4225
6517
7810
4774
4063
6599
9031
8938
7245
2692
2022
2626
4164
5740
5539
1013
2132
1613
4426
6150
384
5465
408
5678
226
5199
7900
1970
1936
8358
3879
7039
2250
8163
8490
5819
8248
3322
3618
4812
3487
6352
461
5310
5755
5620
6002
2392
960
1592
3348
5068
3901
7795
1659
2352
2348
4402
3070
3852
4300
6611
39
3747
1377
1350
7340
1406
1033
1484
1453
3952
1098
6122
3293
1600
8092
66
2277
5994
5128
8668
3726
785
2858
2082
8915
5016
3728
8388
6287
4804
4621
290
6466
2994
6695
6744
534
8198
7872
1099
6886
5487
7347
9252
4767
1405
8143
696
5946
2962
1254
1260
1216
140
6247
896
698
7933
1235
4654
814
7379
4344
9464
4640
466
8914
5789
8325
123
4969
5938
5414
2806
3444
9772
5752
5796
4230
8135
3995
4283
3552
1556
9564
4600
2051
4832
2235
8549
3534
8897
4208
7513
2293
4436
7228
2714
2553
4964
5568
4213
6590
7788
2235
8025
8985
249
9430
6681
135
578
5102
8555
4630
8217
3861
1563
8680
775
6515
4248
5718
1712
5798
7966
7876
8197
2411
4682
2058
735
9029
1686
3477
4140
3829
7319
8107
1597
3687
3189
2922
7495
1279
7413
8031
7494
8799
3490
8212
5346
1268
9751
4705
1447
497
2390
8173
7081
2065
7563
4173
1812
7936
6688
8596
6728
5119
2445
6817
1948
5483
6922
8155
4796
5584
5779
7307
4151
2918
7443
2252
8009
3298
7225
6159
3507
4676
9668
9637
6949
401
8135
7434
7131
2905
6045
9908
8188
8076
6935
4300
2701
4145
1568
2144
1140
7768
461
4674
7113
5768
691
6480
4452
9713
8717
8827
217
9582
9279
8541
8265
7827
804
1060
9140
1781
2273
9148
1233
6259
4642
3900
8572
3739
871
4096
274
3156
875
2911
5625
8740
6537
8762
2148
7516
5704
7528
5224
3096
2423
5909
7311
3639
4323
8743
1786
5504
5486
8445
2881
8818
3189
9444
4350
7489
9648
7505
6085
5349
5993
1832
7192
9248
9704
6031
9432
559
8987
8001
3136
9121
6426
7053
2282
9555
1461
3198
6502
24
1717
4931
6401
4871
1629
1446
4033
3849
9483
5987
6887
4191
3378
5448
96
7778
2825
3492
1475
5221
4931
2452
7656
4436
7853
3479
1359
9798
1450
8266
3582
8296
1035
8209
6371
1858
1452
9193
9234
3619
8857
4140
9101
4781
93
4256
4510
1724
9778
6054
6991
1174
4082
5730
4126
9340
7967
1180
4360
5017
5441
8407
3719
3032
3754
1144
2374
1737
1997
7
8136
5446
4749
9316
9977
1795
6841
7154
1685
9983
3857
5101
354
3008
5577
2946
6920
564
3498
374
6906
16
9144
4278
4150
4304
1001
5511
126
4187
7738
753
7432
4907
4651
2377
194
7453
1461
6249
8981
6903
6896
706
6059
2295
4857
882
3599
749
5175
1389
3591
6509
956
18
1101
4447
731
3411
7490
7054
4910
6353
7638
6922
377
8534
9479
2926
6548
7091
6666
3825
6361
8548
7749
3370
6438
2338
1584
741
8244
631
9136
7275
4942
7716
5037
4823
403
2296
9913
6598
9402
841
8636
6772
4274
5353
4802
7610
168
7198
9616
5871
6581
7469
356
3774
3430
4650
3282
9749
9476
4923
7019
4128
9269
8200
5193
5720
1391
7462
9281
3623
691
4087
8036
2145
3262
2538
6661
5559
3496
1500
639
9954
5124
8055
598
481
520
2399
2695
3674
1971
9231
2007
3695
7276
8071
4607
9123
8323
9524
7071
3217
1959
7246
5921
5
3883
5486
8942
1863
9760
2302
6941
8738
804
9979
5945
9990
6285
2862
7292
7078
8051
6200
1622
6918
3471
6714
633
6010
9226
7143
6765
7930
5388
1989
7
8421
7652
8794
3046
930
2635
510
7715
2523
3411
6146
3780
1926
1852
5140
624
4921
9249
3642
2169
9635
654
4172
4609
5849
2975
1447
2087
3203
3799
7089
2876
8962
9304
2456
9116
8646
5329
7032
6980
8781
6867
550
8359
541
3160
1482
3386
8072
9821
8926
2729
6704
7726
2219
2678
4011
87
875
2692
4942
741
8012
6283
9361
4383
8895
7014
9630
2970
3452
2097
1459
5764
3148
5750
7655
8582
2727
8298
5726
1333
8141
3989
3299
1253
3679
9672
5236
2403
2856
5026
573
3653
1344
9355
3690
9931
144
7563
6937
7558
8092
9027
2496
492
6705
2505
2937
3851
6892
4289
603
5804
436
7113
9387
2466
4022
5686
9450
9980
844
7594
364
8290
730
7524
2788
8368
8873
4507
2001
5217
9807
3884
8839
1505
8858
8234
4517
1687
1741
288
3578
6883
1674
9694
271
1164
9600
2420
4484
8774
1856
5307
5854
5539
7996
7010
9800
3098
7046
358
2935
7452
6024
7340
3643
5554
2528
2649
6732
807
672
7363
9646
8106
4186
4569
668
9413
9958
8838
8214
3495
589
4119
3754
855
3518
4639
4542
1595
3378
7327
6041
7537
8298
5232
9600
520
7355
9416
8855
9001
279
2004
8346
1231
4887
7191
1136
2435
5956
8490
3245
5995
9093
6627
2784
5425
5275
5487
2293
2945
460
5632
7700
7624
2680
7015
7836
5577
9547
2208
9624
5083
402
2255
8942
2853
1052
9416
5230
2913
4874
920
401
9731
791
8319
6727
8303
3594
1566
5464
9503
8548
7857
568
5713
5838
9465
5713
1117
8524
3970
1433
246
7434
9744
1312
4539
3470
1213
6784
9491
3273
3909
823
2276
7267
7524
215
7965
8480
6549
128
2914
5643
1157
6947
1268
4492
8659
1461
3133
7217
8012
1968
7319
9395
4182
7933
2398
4721
578
7262
4446
5237
4013
7812
7891
8071
3430
6912
749
1897
9393
5549
2436
3561
3297
3149
3524
9706
8266
9065
244
9172
3511
208
2664
8681
9745
7630
4537
97
4673
9339
2579
163
692
7115
5411
4211
7789
9167
5874
3425
9577
4784
8473
2535
3947
8419
598
4266
9978
6227
2210
6744
8634
9486
6198
2642
2345
5773
3411
4954
2370
5402
6998
5776
5457
617
6563
7509
8721
9548
542
8522
2972
2085
6687
522
8193
5075
5456
3848
6374
6721
5157
782
7179
5527
8646
2763
2348
8202
9268
1828
7472
6401
6826
6840
113
2174
6987
4625
818
32
1525
8789
665
9548
2530
125
5641
8525
9783
2289
9361
6114
4475
1992
3287
6946
8058
6093
7314
6761
6360
7232
7118
1980
9433
8693
1985
8099
1014
8514
1270
1344
4323
3714
7571
2362
1886
524
4721
3581
5390
6983
9547
2785
3286
7160
5970
7007
8302
6737
3273
4189
3975
6451
1475
5632
4324
4895
2516
6902
664
5011
328
3717
5865
2782
719
3637
2006
498
3368
3558
1548
6689
9135
9462
3615
229
7475
6741
288
4101
5706
8337
5062
5076
146
365
5845
1083
8006
5920
8471
9475
8907
5898
5196
1551
6347
8708
8909
5234
1729
9383
7641
3264
9809
7143
5788
1436
5682
5516
8921
9711
7023
3168
2997
2972
1526
200
135
2944
3179
3422
227
9343
977
3410
6914
5725
5435
8562
816
7522
9082
6862
9048
9475
6144
8464
2524
206
6837
8194
2318
759
1642
2059
452
5349
1877
2613
5061
4158
7164
2479
5450
3413
1267
9119
966
464
8251
8825
2133
6542
1024
1250
4092
397
9260
1561
7714
5585
5603
4545
3913
2986
6889
1297
4048
8111
5578
3404
3571
7737
3954
261
4440
4544
4060
7382
6627
8474
5239
4534
5746
1527
5996
9032
693
8182
3346
4126
7808
6542
2637
9349
1067
3023
8893
8209
4854
5178
4768
4484
7926
1060
9737
9302
4680
6366
352
5424
8579
8859
9837
6592
3045
166
5539
505
9639
8223
4611
2147
7999
8400
1033
2233
5250
4592
2213
565
2143
3682
820
4531
7333
8583
8053
4354
4624
3033
3199
7546
8629
5449
8968
1746
3265
4281
7162
1984
3824
9912
8682
8350
8929
2915
3350
7576
7432
2401
517
5643
9560
5067
6834
8480
3022
211
6592
1377
4786
5681
4283
6495
7910
613
4530
99
1092
4609
1559
7192
1199
3899
580
5492
5735
5642
2858
989
647
5427
7504
5946
9036
4658
1283
9328
6324
1641
292
6562
8388
9656
84
2532
4443
9133
7579
1827
5900
3394
4002
462
2071
3426
507
8710
8170
5454
6106
8318
9375
3560
3501
2730
4176
8437
551
3766
1483
9443
8907
26
1863
6105
5492
8619
7265
327
4878
8675
3227
5716
6618
7134
6493
2218
9234
9024
7234
5579
5577
6404
2339
6374
9833
1249
7743
3344
9169
6238
348
9531
4227
1748
4613
3924
9092
5316
3261
3198
4060
6994
1022
7692
3146
628
5531
254
9917
12
5771
1896
7551
7557
2609
6373
5090
1852
6977
8189
7285
9556
4233
6143
1370
6370
6139
1418
3847
1914
2042
2026
3618
3367
7800
4605
9862
9374
58
1215
3998
7567
4974
3684
8003
9770
4093
340
5287
8048
680
3185
527
396
1911
5237
6836
3605
5196
1825
7199
8332
3057
3765
578
1864
4912
6996
7467
7099
4072
7957
4371
261
7598
7014
4838
6775
701
8401
5524
8013
9939
7286
636
6342
460
3006
514
1708
8052
1605
9097
2293
4924
5999
6386
5128
6024
5807
436
4907
6463
7914
2776
810
5745
730
754
3379
6586
8888
1072
2561
7594
4071
4864
7474
886
7093
7719
7949
9023
1018
546
326
6468
6986
9384
4987
5576
3306
9
56
1164
829
3657
5493
1482
6456
4260
6883
4461
9597
6347
1303
7652
7902
5797
7319
8671
1488
8860
9803
1255
6608
5248
1402
2944
8167
6745
7251
4471
3652
4678
9354
7881
55
9685
9097
5817
9019
5501
380
1427
4513
3353
3726
9230
3411
5346
8403
6394
3591
7165
9040
3928
4154
5362
9722
5186
1087
9885
7618
2524
6609
4261
5536
3281
1445
2758
1855
6347
3510
4850
7724
3649
8591
1733
6090
1626
9326
1358
1641
86
6139
6413
5180
4663
4709
919
4933
7887
6550
6399
4101
8864
2733
5945
5627
1633
4509
5921
4831
5631
3757
831
6954
4910
5021
90
9459
1592
1295
2864
8894
3833
4595
6420
8983
9715
5544
4119
5086
2112
8307
177
2636
3216
7738
4746
2596
5036
3819
299
7713
1782
1729
7575
6033
8828
3501
1518
2953
8473
7367
1834
3264
161
5402
686
1917
4327
7746
8598
7347
1695
450
7534
2003
5369
1654
6216
6222
4558
3030
3313
85
6570
166
8525
6283
6437
8342
3577
5588
619
4305
1744
6283
4678
1480
7677
9138
5346
7029
4729
2180
6124
5102
8243
8846
9660
1033
6855
1864
8873
4865
8943
2546
2532
7748
3679
4749
422
2520
7011
7728
5513
3772
4904
5309
7930
6426
518
5035
488
2272
1147
748
5901
8936
2657
5765
5307
1102
7803
6380
5761
8379
3632
7753
8521
5473
6301
3988
1737
3014
3396
5893
8720
4224
2037
7560
8206
3370
7324
982
9137
5713
9524
6011
4167
5294
8396
8011
618
5486
8391
9032
7390
7765
411
1326
6859
4210
4943
1491
4592
1362
9695
4713
4347
1336
9616
37
2675
4319
837
271
2985
9711
9575
1947
7141
2210
4397
7846
3433
5510
3327
3625
2068
3266
5866
934
5934
3691
9048
4740
7972
9998
2865
4570
6515
4562
6805
4252
6975
9655
5289
8376
8485
232
6427
1884
6987
2523
9987
2988
4188
5122
6356
9283
3665
636
7386
8598
4786
5810
1351
3080
1553
3548
8580
358
7574
3932
2303
8683
3204
9330
8638
6150
9870
9658
3963
5193
4979
5708
9704
6765
3675
9484
8947
2773
7859
6030
1925
4487
6912
5609
7335
8420
5345
2497
8780
4545
6749
7925
2632
4402
5766
3978
3240
3719
5112
6148
176
7722
9205
6597
1282
8501
804
1388
9631
1484
6511
7374
1187
5431
4368
3580
640
7859
8536
8015
8349
221
2486
1272
7790
5198
6969
9910
8343
5832
6749
1053
9332
7889
6316
6503
7566
3711
4325
8210
5284
5528
1246
9915
1246
3360
1550
1084
2770
6146
8770
8291
2372
697
6027
4616
421
6838
9435
722
7850
2876
6327
2034
2934
2709
1809
4440
6620
8808
5706
5966
8355
2886
6204
1063
696
5638
9539
4474
9394
6822
6916
3154
7035
3259
6100
7744
4208
1366
5850
3123
1367
5824
2857
2334
1179
8011
3671
1145
7485
3117
4026
9535
8274
9061
8155
1793
1560
1443
898
4213
4029
193
8275
7131
8182
1477
4643
6736
3921
2966
1424
8280
9149
147
7608
2381
8365
1584
4565
2181
3328
1977
1462
2423
4230
5395
7242
5147
3637
4671
4888
9682
7457
5319
1846
649
5453
1373
6545
8682
8622
6859
6286
6347
4129
1543
759
1045
6579
9342
2170
870
7970
1387
9536
3197
5389
2103
4027
7531
2308
457
6269
1815
355
8397
6034
9245
9996
2618
3136
1719
7822
6652
980
3741
215
3599
3649
1394
6684
1711
2472
6984
6800
6479
2832
8059
9242
6287
1206
2507
5929
353
9052
4801
4421
2202
9868
9011
1176
1276
4934
3835
3612
4488
6646
480
3761
5804
2083
5641
8309
4716
2027
5350
7817
9662
5742
8290
5787
3557
1735
1882
1193
6361
6358
8126
9486
8050
2169
5985
7362
3216
5174
9259
1995
3812
522
8672
1138
1561
3293
594
5927
8874
6396
1921
7777
6791
1426
5822
6307
351
4004
8484
3749
6991
9064
7627
8440
6292
8514
2117
1183
4525
693
4473
4999
898
8652
7876
7850
1256
4478
967
1477
5074
3137
5837
8093
3899
9291
2745
7509
5096
4862
2186
3773
9019
3679
327
8138
3654
9213
1414
3344
6418
2809
4031
2798
2543
3572
605
5745
6771
8674
1380
8133
4935
2110
7610
8166
7631
5506
3039
6476
7664
6043
4713
5058
595
7958
9444
8877
6647
3764
6149
4590
2865
671
525
7889
8229
4542
9788
8485
969
8376
2688
9582
4682
502
8037
4518
762
6122
212
516
1362
211
4090
5101
8816
4318
3941
4089
3024
9192
9507
7199
8078
5180
5790
6310
9917
2284
3496
4252
703
9014
149
1193
8374
5346
3720
466
4844
1421
6790
8407
9908
2287
3127
1446
2727
9839
7416
2643
6902
6907
8529
7027
2146
236
6494
920
220
8603
6758
2383
6031
2522
6440
194
257
8131
5625
6264
6961
3895
9371
2097
7259
7195
7889
3354
9655
6134
5908
1601
8383
5023
8607
5486
6483
4527
2119
9527
5793
9444
622
4301
9326
2776
6830
3037
2631
9365
3164
5962
5639
6735
8770
132
4811
4784
8096
5108
5015
9900
9380
1246
505
2696
8852
3355
880
2872
18
2191
5244
6463
1875
6110
5729
4223
8693
5720
9688
5646
428
5517
8567
324
7677
9251
1253
1728
6626
6921
1393
4715
5582
7277
8446
5043
4108
8372
3085
6497
7946
7295
8771
1775
2266
4873
928
4157
8458
1904
262
1583
4526
5706
3852
7182
753
3104
3801
7376
7582
3612
5309
2227
5280
4521
2658
9226
5580
4642
32
5836
7123
1486
4332
652
8429
8255
759
9465
7340
5234
7772
2862
8556
4869
6928
7114
901
4675
5258
4296
2880
3357
6847
1789
4115
9791
3769
9286
9547
2718
8599
4693
652
156
7115
8262
8911
5484
6336
8557
5155
5437
6681
5227
9621
5213
3648
8754
5475
7712
177
9657
3313
9412
677
9998
3264
9863
9262
3276
1546
9935
7449
3841
3235
588
8063
1657
1019
4012
7962
4355
2232
669
8008
9481
8587
2328
8034
7693
4352
9831
2602
5548
9152
7325
9549
2087
12
7047
1563
5598
5369
128
5609
7532
6077
9948
8006
5601
9331
6236
2883
2319
3261
1362
4334
1750
2414
3125
5988
7723
2690
199
5434
5725
1456
2209
1793
4552
2412
8655
4086
991
8938
3315
2058
4741
2249
4889
1295
5521
5814
6306
753
3571
4030
4518
2230
2120
1401
333
9276
2235
711
8879
4769
7036
7244
8129
2999
7004
7195
6719
5148
1262
818
6590
170
6385
6447
5139
7876
5705
9238
3507
4935
4207
3031
4879
2976
3445
4913
2839
3583
3393
272
9610
5607
7799
8609
8624
9076
3094
1776
2822
5911
3587
3404
2727
3667
3254
4872
6686
1715
4664
7881
6400
9078
9634
92
515
963
686
9954
9665
9702
3757
1
7228
4942
4310
9424
5144
6638
4955
5129
8198
1488
4466
8107
1358
9179
9555
853
2615
6799
5343
6994
6994
5820
2172
8931
7146
974
140
8877
341
3420
2182
1963
3997
828
3491
5120
1772
4402
594
8203
5614
6912
300
6450
94
5839
7176
3881
8149
4306
5036
3312
4060
3200
1882
433
4517
3640
8303
1751
9206
3975
4888
844
747
4511
1661
2866
2881
770
5253
6083
8820
5025
181
1047
5882
9816
6257
8634
4999
1073
1486
2404
8747
5699
5631
7730
2846
433
2111
6188
9493
6505
1759
5188
5831
13
8760
1954
1402
1502
3439
2424
1555
3183
1901
5501
5186
1308
5191
2240
4374
5580
6481
1217
1182
3940
2857
516
5954
6759
8240
2494
1459
8862
9925
3707
4263
2720
268
7418
6564
8730
589
176
9015
6377
4781
9141
2520
8427
6534
3205
5531
2792
9575
6924
8276
190
4404
1699
2635
5849
3218
1560
7995
7687
8516
9060
867
9316
5255
9297
3305
8744
7893
8539
1002
7755
7602
9929
5253
5530
9214
2837
3144
8863
5927
4299
2257
1287
8740
8577
1286
9869
3217
8426
6153
4192
1827
2248
3618
6236
6421
9278
4897
590
2565
5692
2661
2716
2885
4994
3911
663
6084
8048
5841
3860
9522
481
1285
5305
5860
8540
2156
8898
7559
1961
6140
1675
1032
821
9287
2788
8335
9652
930
4547
9424
6814
1122
5148
2034
5899
4004
3625
9638
9569
5161
4176
3097
1094
7088
9454
237
1617
1163
5050
2515
2331
4279
108
3765
7200
2743
9106
8019
6790
5366
4389
4743
4046
8801
9679
8707
1778
1569
8145
6629
8453
6162
407
9250
4190
8583
6174
3474
2071
9899
5669
7161
4213
8919
857
8443
5559
4732
6663
9321
9115
2955
7533
1963
3928
1075
9629
8743
1222
9782
9981
242
2382
5981
5824
7857
129
1188
7382
9993
8868
2398
975
3805
9421
9971
1204
4350
6113
5171
9544
6930
9699
9306
2991
8823
3577
4416
9828
1158
9253
1013
9609
7322
2121
650
6974
7559
6082
7126
4108
6821
9446
2448
3259
4585
8797
2733
4782
4239
2353
4541
1993
2732
7347
3732
970
9003
339
7844
2909
5903
4247
687
6498
3381
3206
8299
893
3871
6774
7914
2818
4773
6157
2418
2307
6465
6818
3911
4606
9669
5569
2473
8330
7315
4324
6756
3778
5080
5022
5169
4430
5574
538
5189
6626
6289
662
852
694
5916
7273
4863
3514
7088
7019
5802
9417
7543
1633
9605
7848
4853
5683
4660
6757
3464
3312
2798
7542
1317
5477
2126
1694
1751
3501
1642
6218
8878
101
8920
621
4885
3868
2670
6567
9966
705
4768
4733
6843
8956
8731
3504
1743
6695
6372
775
4884
8021
3215
6518
1972
8791
3504
2764
8264
590
125
4412
7388
708
1293
6275
4400
9985
7960
3578
4425
3438
6105
2917
1220
90
938
6993
2719
8144
4526
5628
1004
7323
4673
7298
9903
428
8648
5670
611
4047
6718
4986
937
9519
4226
158
7651
9283
1831
4549
3306
6318
5240
6067
5774
9709
3906
7755
8801
5447
4975
6819
1253
1718
3677
8592
7890
6187
9325
880
9905
1371
4737
7490
9807
7593
4863
749
628
6460
6093
3079
9225
8765
1356
8235
2757
6106
6928
8703
3334
4372
1864
1330
3869
3393
8255
6147
8230
3197
6126
1989
3564
9553
2834
7755
5276
1170
5773
1167
2010
6126
5676
4078
611
3232
9593
6710
3800
8262
2294
8956
4995
2042
402
9508
6603
2912
291
4511
3883
5636
9576
9226
6131
2515
1433
3373
9193
4120
8251
3425
1699
670
6230
4807
1625
8303
6005
5446
5865
3188
3184
447
4345
9238
5107
3393
5115
7871
7038
9775
3231
7044
1148
1626
131
7384
170
537
8754
1505
7504
656
2527
3489
3075
4827
6904
7328
6275
9920
321
4805
8175
9751
6313
6058
9939
5584
8826
3557
2765
5537
7234
5807
9857
2728
8654
7889
7139
3558
4457
1211
2656
308
6659
4859
4838
939
2871
5349
486
5911
5278
9260
8581
6636
1740
4451
2127
1256
4280
7818
3616
6282
290
2243
8566
5893
67
619
8589
9341
1261
7008
9000
5840
1962
8871
6054
5150
8977
6713
4246
856
1602
7843
4291
5476
3041
9587
4931
5037
7294
2492
6334
1711
1635
9474
4517
195
9015
3026
2159
2891
2544
7915
3165
6941
6908
2056
5097
6976
6205
4487
3411
3039
1450
8016
1244
2446
987
512
1117
9167
9093
5103
7640
5802
502
5445
1906
9829
5569
1183
7999
1344
9442
8096
3612
1050
8795
5244
4036
5968
3601
6705
6750
1388
1277
9094
6222
3525
2668
1204
5481
8865
8362
6035
3294
4220
7097
8150
9488
7102
4005
1723
8233
266
6954
7803
7433
2329
534
5366
1752
6248
1812
6882
6051
4928
3376
3551
7782
6475
7068
1230
5451
6195
6960
2741
6342
5042
4298
5664
5132
503
1554
5015
7584
7315
4692
3859
7395
8368
8610
2501
2542
6296
1965
8036
8728
595
777
7271
9521
6219
839
1843
9483
9820
5309
9450
3973
6935
2226
3517
7272
9088
7631
3798
2302
6542
412
3726
9059
8449
1696
3619
5701
6332
8512
2658
6154
4415
1048
7736
7556
8393
360
4678
640
2020
5700
7802
9905
8312
4203
5138
3248
259
4590
5190
1915
1582
1022
423
559
2420
2099
9865
3769
4619
4047
2128
6245
8036
3259
1394
2169
8328
4599
9714
7022
2456
4441
73
4670
6832
9827
3264
51
4432
8142
6029
921
8684
9896
5568
9346
2041
3208
1045
3148
5153
2378
1619
4272
9325
3055
8838
9270
5964
7789
9364
1809
8467
4820
5337
5674
4530
9416
5698
4167
4424
4433
3886
9512
8213
1940
1543
7623
7145
9729
6021
1670
4170
2323
8897
5147
9509
7683
5590
9838
2358
1527
1436
3217
6462
99
2994
232
8462
267
5069
9479
8754
1549
1005
6264
4702
6611
6397
3698
4599
9614
6934
602
8550
1409
1877
3379
2273
6912
6347
5959
5453
9009
6598
462
185
1980
3881
867
8877
4287
834
1796
9742
116
7947
3232
9
7532
5145
232
5085
935
2479
7728
7588
8141
3099
1457
3632
1030
9944
468
3438
112
5220
6903
4119
3428
250
7580
9009
5736
1991
9485
1759
9325
451
3171
2554
5996
2723
118
7201
6864
1691
6232
2313
2479
7187
3064
2713
1070
9345
9517
7659
2454
6306
1471
7929
7111
162
5187
5559
6226
4086
3895
2219
2886
3043
2735
784
5452
4834
9608
2633
7425
8499
7435
8907
3249
8111
4463
2021
5070
9772
3432
2912
1772
3233
2332
308
4565
3601
2098
5180
7985
511
5212
9040
2988
4817
605
3694
2862
7599
4485
1648
4683
3496
6797
8592
2602
1100
6436
4570
5626
2473
8561
5675
7519
8934
6060
495
9178
4473
6561
1360
7737
516
8173
1719
9526
682
5931
279
5325
9832
6423
9098
3908
614
3329
7597
1252
4276
2581
8422
8959
5027
3266
263
713
1915
8335
3514
8173
5
6205
7079
6903
2657
1872
2652
3911
5279
4122
1284
2600
3289
4903
8023
8383
7034
4818
7718
9059
6961
146
8651
1327
5179
231
5793
541
3263
5808
8868
2469
7691
5307
498
5777
7883
9181
2501
5869
1115
8523
5020
8929
2839
2453
8324
2393
5441
7136
7737
9862
3811
6990
731
2794
6104
2083
195
870
7390
3476
6921
9724
3351
2855
8266
8483
1722
6090
4514
3635
6374
6692
6526
9715
6372
5558
9593
4449
921
8290
3201
215
617
7082
6869
6155
6887
5124
2514
3425
9060
3433
8708
4399
4525
5597
2920
5862
2472
1393
4551
6025
6433
6260
5539
382
7112
8158
9226
9422
8540
7062
2848
2946
7264
1119
8524
1370
6507
9963
6115
6443
3889
4498
5714
3084
343
4073
4557
7810
8445
9544
2855
7769
901
6112
9123
7875
1521
4023
4782
660
9028
5324
6009
4268
7179
5045
2693
9063
5456
2653
6434
4769
5604
9461
8150
9218
3583
7622
5797
842
1277
5324
8161
204
9540
8514
5841
1809
7070
3794
4086
8774
2665
2165
5191
7414
3437
6509
1064
748
6359
5784
7531
6727
3123
7902
569
6088
3105
96
444
1063
3576
9569
5731
4410
8639
6679
1953
1494
6739
1287
9085
8652
216
3736
2028
7460
9887
7850
4571
6103
9375
5294
5265
4662
6223
3668
4789
7479
5196
8568
3407
5488
1524
3962
1812
7991
6090
3725
2859
972
6377
8548
1039
5011
4509
9464
9474
8327
736
4955
6051
1622
949
695
4421
4325
358
1013
5710
3238
7901
7225
5564
3235
1858
9332
5568
1852
5535
155
4696
5743
1156
6588
1419
5403
9199
7553
7263
4367
9115
5444
200
4617
8416
8962
3856
5858
3382
960
6640
814
6363
4884
6486
1772
2303
3979
8363
7931
8741
4360
5106
121
9165
592
5851
921
2086
6336
6571
7621
1024
6177
6125
4937
8654
7453
3246
8071
5233
7317
1081
2304
6900
5011
8949
6105
4782
2389
7478
7187
931
4241
8331
7847
3646
7983
5161
1701
3365
4890
7179
3544
7728
2113
7120
9164
8683
7041
3398
2290
6807
7319
7902
9043
9123
2408
3501
6054
1536
5271
7648
4903
3162
2174
7127
453
7035
3396
2182
5709
1600
6324
225
1804
1391
9147
1367
2798
4769
7634
2511
6523
1207
1964
2638
6349
152
2666
4673
5928
7241
9633
9606
5411
7329
5585
7074
2614
4467
5246
4692
4531
8945
9762
9533
1288
4341
5815
7978
4475
1898
7711
9029
887
8629
8619
337
9973
2707
4124
7287
3915
6350
3458
59
2631
4843
5074
9695
79
6572
108
418
4197
32
9451
9207
4675
4775
3118
3118
2845
6617
4517
2913
1129
6340
8650
6535
8495
8304
4543
7829
6751
4135
321
10
935
435
4956
850
2116
5925
210
2497
584
201
8023
8694
5748
9579
1951
2623
9118
2826
3479
5672
7932
2343
7086
4984
1073
949
4364
4131
616
6134
1264
798
5369
3372
354
8284
8154
2175
2989
2472
7047
6062
4983
7828
4638
1480
9203
4227
8892
9746
9239
2155
9966
6709
1201
2652
7117
5786
4427
4077
4647
4894
9119
7388
1289
1737
84
4193
7080
8436
3916
3810
1961
8412
8825
3293
5348
5109
4225
7418
303
2568
3353
9922
4915
9149
5529
2157
4142
4746
5773
6781
4268
1228
4685
3887
6117
2524
4404
2832
7062
6015
7978
3720
2968
5160
9226
917
3952
130
2384
3008
6552
2509
2086
9025
2467
1324
9906
4623
9905
4788
9516
7981
4260
6442
8306
995
7798
4208
9494
213
1263
9324
5424
7252
6431
2378
9542
7604
4636
8243
6861
7318
293
2002
7282
7421
4447
408
4197
5468
6866
9349
1595
592
6409
4648
9224
1616
3283
4826
862
2103
9240
9305
4380
4665
6972
1751
3255
7250
9700
2013
8545
