8445
7580
4206
2590
5113
4050
7838
3034
4766
5834
9082
5047
2819
7559
6184
2506
9098
9828
8103
9022
3102
7299
8989
6840
4722
1008
4342
6109
9131
9667
4771
8654
2605
8051
5487
141
7198
3989
8249
6682
12
4936
8677
2440
3253
8705
1911
5676
2387
9676
8032
4480
805
3201
5080
9329
1091
5513
7066
5475
8145
5403
9639
6032
5877
4450
5963
3850
5757
2904
1894
1868
6128
6567
4766
899
7577
8768
9234
8425
8982
9231
5406
3913
7053
2757
8117
8495
8951
5899
9498
5797
4506
6603
9963
9170
7934
824
6128
4865
6302
8451
2431
7315
1172
2205
7946
3326
8160
1007
1464
6977
453
5739
9101
5342
6806
267
6350
6064
5760
3913
3702
9806
364
217
9611
1850
1239
2106
8008
9370
228
4257
1016
2600
2209
6470
3503
1804
5037
394
1010
9883
1994
3586
7316
8384
9185
1695
6727
9666
581
6763
8455
3424
2507
5968
4424
1749
4717
4100
5692
5087
3115
3572
8377
2510
5607
125
7416
3360
457
2809
2402
9532
3523
2879
3593
9470
6338
6211
7157
3881
4145
6509
16
1924
3345
2395
6374
3787
8755
5682
4145
4023
7019
4183
6622
468
4454
2593
1577
5276
4873
5615
7555
8839
4946
3121
4669
8091
8751
8125
1881
9995
6331
835
7256
9869
4019
6786
3162
2136
7174
24
8228
5284
978
1190
6493
8737
2800
9786
1002
8540
3967
814
2748
4530
7924
8614
1335
5209
6508
3471
8719
2785
186
407
6810
5584
9466
9385
9099
421
7492
7014
6554
7124
9028
6402
3725
5380
2079
5872
89
1511
3335
7897
7185
3383
6206
413
1639
9820
2896
3948
5485
2935
4781
2398
483
1796
5231
709
4032
3286
4148
995
9087
4741
8409
9763
3437
4791
6996
4266
3020
7348
8944
9197
6268
3756
9746
6389
659
847
7499
612
79
3939
5191
4486
4887
5849
6794
4231
3684
9885
2610
7772
4313
3586
639
8636
7021
9031
4517
6770
1190
3980
2073
422
9480
2159
1464
1980
3781
5464
1514
9887
9830
1485
4060
6800
8777
4955
9171
3225
4985
4987
6701
2020
6098
2188
3403
9626
8991
8182
355
1484
2569
7842
8424
5830
7182
8071
664
847
8689
395
2251
407
153
8440
3306
1607
1489
6561
9686
5050
9011
5025
5739
6786
8052
7579
9906
7470
9058
2062
5355
5987
8257
4823
7911
3886
5864
8514
7981
6570
3
1820
5069
2545
657
8599
9430
3029
4081
8101
623
6410
1274
2871
8300
556
360
4179
4919
8634
7172
6736
1514
9868
4112
6118
3867
471
4709
1514
325
6175
6300
1053
5492
3467
3835
7765
4904
8813
6102
4672
6324
3379
1244
6826
6221
7886
1272
9118
7994
9169
8726
6811
8103
5191
7855
1892
7822
4446
7567
4555
7896
754
447
9343
4862
9011
9448
6666
5718
2160
935
8194
8888
7794
6986
4202
3054
1135
4260
5661
9229
9358
4157
993
7739
7343
308
4468
6865
302
9193
9623
7226
786
704
3593
294
3479
100
9744
8191
706
8935
2080
2048
6738
9383
1232
72
3692
247
6049
8592
1870
1124
3445
9592
1302
9666
3623
4734
2927
9372
9582
6360
1841
9930
1026
5809
1565
8977
9457
8044
3159
2429
7549
2911
4198
463
1323
206
780
733
4203
5508
7409
1423
4222
6370
846
4449
3693
9490
579
4087
4173
7282
3207
2040
2934
4709
9503
7966
2770
5582
6883
7957
4462
3988
7677
4318
2480
4535
9372
1426
4625
6374
4833
2037
19
6990
6188
78
2986
7687
6290
5453
1563
7063
4715
6782
7601
2324
7620
2801
9841
1209
8838
406
2566
5262
5817
3963
1021
2527
2834
7553
9088
5955
355
7923
3057
3399
5302
2491
9200
1636
4149
2897
5199
5740
6272
5314
4109
6346
4035
7786
7882
2923
3719
6289
1571
6971
3815
5911
1396
6683
3541
4727
4152
4768
6947
3183
6521
603
3002
7453
525
6212
256
4716
8886
102
5269
665
8672
6863
7420
6691
65
412
6209
9997
8732
6997
7271
2267
7517
2880
1055
4609
3302
1683
4218
8973
4353
4473
7089
5242
1293
9104
4442
7894
3889
8069
3896
2202
1962
9401
5866
498
3884
2341
847
1868
570
6381
1734
6108
6126
7050
5122
2845
8775
3531
4583
6319
5162
9565
9548
9298
9341
5810
4903
7042
2155
2659
439
1629
39
6547
1405
7867
6806
9707
3966
9214
4538
3396
1024
8829
7948
3230
4558
3252
289
444
3688
2096
5246
1878
2017
6727
7357
3123
8600
2547
3440
7125
446
9342
724
4610
7247
475
8091
9789
4606
1182
815
988
7655
4141
9193
4407
772
4270
7549
8294
394
1804
4901
1281
8711
9345
3196
4349
5571
2856
5411
2012
2967
4418
6047
5362
2610
2318
1188
7835
990
7329
2488
2846
7361
6597
7420
5153
8591
1218
6452
1183
7373
3590
6749
7035
6607
2216
8318
2402
5182
6747
2337
6286
2869
1714
8098
5532
3279
5855
253
1299
3956
9758
5105
765
7651
7815
7749
5695
6957
2135
7326
8162
7600
3535
5911
6290
9009
1081
8340
5265
3587
4557
127
2201
6528
6609
4947
9534
4810
3140
8478
2592
6044
7035
8217
7854
3841
592
383
7265
9617
3432
4412
7258
6579
2602
6716
3050
3564
5396
7324
1513
220
6279
246
450
2258
6539
666
625
9721
4227
8925
2166
4353
3581
1770
3289
9868
7474
3827
4093
2638
5314
7357
6867
4627
420
9216
4090
3903
32
1383
8689
5140
7325
1482
3301
8402
8207
2468
220
8065
1689
7877
6837
1684
785
9277
5979
6206
4576
1501
6020
2525
8059
7328
273
9325
364
897
2928
1509
2362
3559
7355
4048
2699
4924
3926
3108
9006
5505
9774
7730
5705
2625
6869
4560
7214
4038
4961
207
7400
343
6808
5821
7760
2898
6862
2071
5293
3403
9785
9719
2090
5661
3295
9686
9246
5862
7201
6814
3534
9164
8995
3307
7474
91
8164
5649
9524
3632
6258
3231
7828
6008
9875
11
1408
437
1259
9294
9487
4805
9467
8184
7787
7473
1877
5489
4239
9498
1739
1699
6589
1575
1101
5040
7967
6051
7548
2658
2850
4288
9909
7180
9463
5379
5546
9901
1900
7826
7916
8448
7501
1554
6612
9238
5633
3610
9496
5616
4117
6142
8042
2284
157
5291
9414
6803
6310
6279
4970
7310
2492
8918
2745
9450
9265
780
4482
7441
4497
5089
8069
7050
9581
1645
9236
9280
6348
9404
2527
8818
7735
6097
907
302
110
2506
7624
3867
7755
6257
3893
8802
385
4654
8299
1269
7105
3282
244
4738
5217
416
5660
3475
45
1908
1109
5407
432
9282
8451
9453
3149
9053
9844
7648
2751
6709
5957
4043
3061
599
1254
1340
4809
6419
7641
468
8238
435
5550
7442
6313
9497
3447
5859
828
5598
8133
2017
2610
7005
2539
2593
9356
9986
1552
9002
5528
387
5856
6416
338
7577
8179
717
6484
4566
2388
4587
1594
3337
6553
4765
5560
5435
8206
3434
8130
800
4278
3524
4516
8336
5124
9873
8615
1189
3169
228
7338
193
8860
1934
4139
621
3113
3896
523
7676
7114
3579
8352
775
541
3550
9019
7565
6724
5628
8038
4123
307
8025
1905
3877
3577
1234
3508
1771
6161
6535
137
4565
5541
8717
4961
805
518
8622
7908
8585
2623
6480
958
8266
3337
9552
4714
331
9091
6256
2871
369
3767
1569
5483
1469
1747
9209
6402
2426
8789
6248
9456
4830
8880
6785
442
2403
2816
1701
2382
2261
8784
4629
8766
1380
5650
135
9304
57
3900
8016
9999
196
8241
5101
382
7772
1120
6115
7784
6736
3799
265
4363
9137
3330
2480
1379
5103
5334
731
4078
6587
9661
4316
4361
4712
2251
3949
6453
3971
5814
8356
9980
8851
3718
218
6117
4746
2371
404
3216
7981
9642
1067
8777
488
7135
268
4211
8703
3932
9246
7132
6042
1614
3405
4111
5903
9961
2838
5036
9335
3455
6287
7662
6303
7535
1957
9574
1769
5837
2961
6345
2912
4313
6823
2691
7279
3469
1322
6132
1658
4306
3984
762
7108
6809
7778
5450
5540
1693
2075
2283
5254
8190
3570
8819
7359
7165
3352
1185
9628
8547
4089
8633
8993
3425
5016
3318
6952
9122
9846
7438
3053
8805
9927
3466
9488
5116
9647
9959
8130
6835
1541
50
5955
7045
9356
5172
6969
6474
2050
6444
9818
1112
6886
6144
3759
7934
105
8925
8174
4808
1082
4527
5843
2539
4866
7758
9228
5617
8273
780
8564
9209
1681
8275
8496
8787
5172
6083
2081
7082
4051
212
1343
3883
8852
5650
9163
9295
868
5883
3346
5068
4556
4800
1019
8332
4903
6450
4727
1811
5411
1596
8522
8317
1437
689
685
3933
9531
5562
2656
2297
1109
1411
8119
1387
8641
8230
1369
5588
71
8621
5583
7554
4904
6905
9313
5596
8748
3431
976
52
2267
8386
3115
2247
4957
9470
5090
3409
776
5737
2263
3675
3812
7582
2317
9359
7424
4812
8805
3592
3844
1294
7786
4012
5003
4710
6562
3740
9159
4320
3593
4009
7663
9931
8666
4798
2914
4460
3441
2436
1870
9559
4994
1100
3840
3888
5136
9801
9767
5659
6181
6757
5023
4867
3146
6840
919
3172
8910
2274
9676
9842
5754
405
935
2004
3269
1132
7973
3642
2338
437
3827
46
1165
6047
9350
1994
7411
1978
15
8966
8462
668
1772
2344
9284
3820
8074
4359
3813
7654
6158
2694
5829
7039
8271
6772
6408
5960
921
9452
7149
2729
6924
6209
6589
3790
5732
6601
2017
5081
1204
1056
9111
1246
8933
4698
4550
3399
4163
3773
5650
3356
8220
2336
2485
4806
9351
240
7235
61
4049
7643
4461
4295
2533
4751
2283
2836
6533
5995
9296
9689
5224
876
3000
5179
6732
9462
1552
367
8701
8052
7658
4687
6778
4115
1921
3909
7871
8019
9612
8877
6821
5210
7240
1833
9231
7126
5945
4341
6336
6177
8989
5708
2134
4414
2430
9050
8436
5559
1964
436
1342
4433
6743
2240
6846
8620
7573
4256
6458
9884
8855
3382
6855
1633
5574
3566
4382
4389
6633
8460
4686
1466
7542
7517
9539
3941
4639
5406
8922
7043
213
2074
8539
5855
8740
4114
2105
42
9961
1364
6430
4898
3802
5373
783
9701
4928
153
4194
7573
3121
7451
7674
2392
9680
279
8637
5127
1534
2584
5936
2785
8385
2196
3841
5069
3398
8242
2639
890
1548
6270
5636
633
9931
4795
3195
7292
243
4343
6645
9622
7617
8852
1190
4298
318
2720
3843
3439
3738
8031
1896
8245
5420
3388
5523
1615
4955
220
8630
3316
3441
9952
6135
4177
7907
677
5706
5208
8613
5863
4853
5203
7819
3474
5578
7074
9956
6937
9619
3991
6088
7453
3485
2692
9729
3486
10000
8523
2161
8283
9837
2769
6645
7696
833
8194
3084
7064
9502
352
6118
2925
1147
7119
9791
5128
3464
4491
4147
5320
4092
804
9795
9968
1742
2411
4370
6988
314
8355
6385
2693
8709
6613
3170
5479
9793
485
7085
8495
6924
1401
5972
7860
4186
5825
2535
3128
8086
4895
4489
1229
3745
5208
2311
8080
3838
2385
3083
8245
9042
9603
152
7539
5255
1246
2466
2817
4043
4708
9368
584
7092
8542
3573
2493
2214
3009
1453
5517
2504
273
2327
8207
4174
8836
9437
2434
5600
8811
5815
1681
2480
9877
2994
8678
7951
7420
7220
7900
8475
624
1679
5056
2125
5333
4932
1268
860
117
8251
818
9616
9839
7457
4504
2758
4125
3453
3963
7262
8926
1578
2427
2099
454
8543
5113
671
4463
4507
7780
7614
1345
6269
5097
135
1478
6669
3671
9637
5018
6883
1337
4795
7342
8335
1997
3970
4736
4404
4755
2960
8088
9131
3491
6379
3808
5788
6956
5016
6746
7572
8433
1889
2164
5144
5097
8078
5174
9001
7777
5064
8264
4759
3418
4335
4563
6506
522
7296
9683
4589
688
2013
1033
2564
7940
11
8736
9396
1851
1736
9658
3604
8118
91
9908
165
6076
9285
8313
3105
8221
3931
4999
3633
3548
5821
7821
6995
7681
143
5317
3528
2087
9209
1969
1845
1789
6581
6118
5057
5869
9406
8613
9060
542
8975
314
6477
9309
5025
4194
3318
9162
9260
6192
7145
3392
1382
9791
6571
2744
9771
6090
3306
8959
780
8042
1596
1077
2590
7149
6081
4213
1591
9238
7663
6863
8130
7743
1125
7734
8388
7468
4823
6865
1001
7644
2623
7852
6353
5091
5361
748
409
149
7756
1385
1229
3851
9778
8860
3133
8198
851
3921
5793
9863
488
4125
9197
277
5991
3994
5603
7034
4067
8921
9558
9851
548
8369
8784
1455
9415
1272
2074
9556
8308
5766
2879
2528
4032
90
6364
516
7739
702
103
2847
7727
8327
5074
9383
1146
3323
7404
3234
1454
5784
626
3731
2539
3319
4852
5358
844
3156
3837
4034
4801
4259
741
2194
6443
8288
5115
1482
705
1559
3841
5653
6643
5244
5653
3523
6656
7269
4022
8150
7440
9048
4668
3453
7773
376
3839
9772
3423
5124
2498
770
1110
4353
6191
5458
5187
1117
403
3587
9425
1799
2693
4832
9143
9470
14
6479
2362
6545
7429
8872
6835
8473
7845
1608
437
7388
5260
9979
1649
3853
2878
8787
4837
9137
7072
9989
5998
9762
1735
4417
5784
9783
5679
8653
6286
5125
3915
3687
2953
2114
9626
5365
8659
8850
9423
2382
3378
6332
3221
1440
7599
5504
5366
7105
1148
9220
4799
6919
6004
6053
7100
888
4968
2103
3897
5118
3540
4068
7309
434
9566
6040
1636
5573
810
5015
6887
4198
3142
6738
9353
8737
3854
8635
1151
588
9832
7630
6150
5588
3089
8991
8528
4818
2204
6764
7262
9956
7904
913
9900
8546
5826
3310
7330
5967
958
5636
202
7887
8236
7302
915
5881
3914
1284
8921
9423
9223
5313
8645
1979
2955
9088
5904
2261
1301
2284
4961
3035
7345
2714
785
8983
6639
9741
1820
8704
172
5379
4798
1262
8152
2709
8985
6995
8524
8665
7918
7365
41
1435
2072
5775
34
1272
4850
411
3188
2200
1745
3167
8813
2315
6492
7340
6753
1888
3499
2722
5387
9691
2179
5524
655
3756
9542
9085
953
8526
7158
9180
4609
4226
8962
5362
7614
1777
685
4405
3271
5119
3444
8626
7357
3840
1259
7099
5411
1520
348
6168
5163
5755
4159
4688
3915
878
5354
1217
6735
7495
1680
2016
2408
5986
4065
8876
5480
5257
2185
909
9248
997
1303
1954
5769
6391
4317
3949
6411
2621
8005
6401
6029
289
3454
7689
2060
6445
9748
4406
5180
2121
71
2367
4719
6043
8360
2901
3291
7207
6643
7146
8773
887
1245
4964
6127
6541
2301
1361
9215
2401
179
2830
5172
6334
7393
1456
5079
3202
7247
3595
8112
1917
9948
5215
4239
7257
3789
355
4409
2878
6613
5268
8301
4893
1554
1487
5727
2649
2116
9418
1393
9161
5363
9370
8391
2989
4702
853
3667
9268
1010
2457
428
8609
6836
5894
4657
2601
5859
7028
7930
1625
6254
6789
5812
7278
5178
9547
6502
6281
132
1436
6011
7670
1443
6369
1544
7633
8213
6207
680
2795
2696
4679
7801
5784
9920
7083
1414
9792
587
3329
6373
3905
222
2965
2419
7762
5926
1440
8727
2130
3197
8748
7653
4209
5193
9792
7109
7158
6558
9883
9241
2983
4452
6357
2370
6473
9033
3063
3680
4500
3864
6434
520
7768
2854
6221
4239
6113
5690
5176
1604
76
1070
3849
2571
4848
4709
5154
1328
4975
9505
1720
156
3389
7085
8608
1093
313
3102
6221
9205
3305
7794
1276
6410
2500
7612
9122
4415
6873
3541
8491
4102
5841
9865
5577
4529
961
9497
5249
7008
6546
2375
6371
967
573
8410
6008
3014
5269
5580
6778
2
1445
932
7531
4524
1984
3745
6695
4613
5459
9376
4004
1033
1072
7248
3125
1151
7782
8889
1024
6166
7405
2459
8367
6841
4446
1658
2579
8295
1679
7047
5710
5608
164
1228
3099
6304
3815
2565
3839
4632
5946
5598
3681
4255
8063
5891
9705
6025
2833
5132
4730
8530
7375
8806
7179
2533
2729
1639
8791
9001
3236
233
4743
7884
7030
6757
211
1020
7293
8186
1823
8164
9513
6017
5518
330
4140
4670
9535
4409
120
5672
682
9921
6597
7191
6935
9410
4050
2790
788
229
4772
7438
7393
29
6167
8318
8670
7697
4189
7040
7016
643
389
3462
6434
3810
6450
7616
7714
2832
9718
5538
6280
6353
6734
1541
6746
4316
9687
7142
9740
9911
8340
5862
6007
4697
3697
4188
9135
6464
1700
373
4392
4409
659
2268
3315
3768
6250
1560
8218
4972
692
996
9432
320
6490
1790
6543
9876
9183
4373
4316
2895
4405
9580
379
4789
8958
1067
1168
8148
2829
7980
3019
324
8199
3319
4614
599
6509
8290
2198
9333
6336
5482
2059
8761
4240
427
9258
3689
2946
581
331
432
8750
8679
4698
813
1393
9476
5608
7956
769
654
7772
1159
8208
9345
4329
1152
7177
4457
5015
8880
5399
1382
3726
8497
5115
808
5066
351
8794
2482
7292
9947
8964
5287
3242
6988
5467
9089
2422
6935
1525
4051
7774
3644
2837
3530
3737
80
1432
7406
6928
6525
1369
1159
4896
4840
1258
9659
8174
8723
1722
6566
8133
3236
9854
951
7933
1447
2514
1896
1158
6709
2430
7993
7695
9575
7747
9901
5574
320
3321
3941
9664
4212
2702
7998
9198
467
9810
7227
9958
6486
78
6784
2268
9885
9321
8608
7087
2534
9267
8227
6340
1710
1993
5670
5933
4081
8136
6784
2581
301
6068
3294
8899
2343
5487
1980
9668
6430
7531
8909
4539
5468
4497
6191
3348
8220
3653
7714
167
3637
4799
9011
7224
7339
6367
9008
7250
6315
9209
7642
148
8687
1882
7484
4134
3924
1539
4289
9995
8273
7368
6430
2147
632
9328
9086
23
9111
7489
988
1543
1764
2567
9029
4212
5385
4244
4641
2509
3152
2525
2849
6080
234
9373
5138
5022
4219
7311
7614
7224
9654
4145
857
7984
7125
255
4929
8098
9483
3497
4718
4450
7441
7035
4750
1851
5872
250
3558
3079
667
974
7884
4532
1288
9340
3157
4403
6949
1546
7825
8454
4913
7095
7234
9919
7753
3608
5107
3939
5352
8958
962
8943
5040
1455
9339
1946
270
4709
5737
506
6289
5632
5632
810
3568
1306
4680
3707
3299
8818
6243
1101
6574
9963
3653
7706
6572
4751
4047
2140
4178
2669
4864
6694
8869
1455
8098
7620
6281
1921
718
1369
3219
2914
8104
3436
1623
9758
7049
8034
4973
969
5863
4448
3181
875
3162
2724
3563
7134
1167
3789
7589
3097
8560
8641
1893
6496
6395
1698
5578
4753
2408
7130
8954
8965
1058
3789
893
4639
6632
7069
578
1131
6322
8350
6076
940
819
5807
2170
7477
3022
8260
9021
5311
7027
7641
6267
6468
4037
8929
1773
1619
7244
2115
5202
9015
3576
7357
8691
6587
908
5164
7971
9978
4587
563
3492
4995
9295
652
9159
4400
996
7517
1211
1340
2369
5473
6604
8604
5898
6375
4812
5044
6630
2700
2960
6230
6218
1802
1958
5485
8333
3118
1740
486
5302
5285
6127
5466
6590
8702
3175
7961
2268
3309
4944
5197
7377
261
7385
8062
14
5620
188
1384
8712
550
9075
6675
7660
6753
7584
7320
8949
3599
3829
6495
5302
6786
3682
4188
3922
397
7369
5690
8860
7380
4150
7755
635
6362
9312
8917
3165
2806
2949
8867
3423
4134
3297
2663
8701
4437
5343
4014
3354
4036
8949
2804
6968
2141
9093
4670
2988
4286
7398
8565
8126
1299
9674
4774
9512
1709
9410
1930
8694
2707
8410
1639
8548
6614
1214
9369
4341
1837
8437
544
383
7373
899
7465
945
9397
1374
5630
6461
3663
959
4883
3357
8910
2032
2238
5972
4440
2870
1404
8399
956
9040
9405
1303
9247
2658
7925
3247
4456
7105
5463
7546
3964
624
3435
8847
8024
9262
5892
3283
4818
4932
2451
8713
591
3316
9782
5604
9439
63
8117
6256
8565
7347
9999
3378
7440
8447
6933
7913
8192
2718
2833
4045
238
9051
8111
1319
8187
3296
6069
4892
4447
6091
9074
4142
267
8514
9520
8072
1567
4212
7569
8637
8699
9237
6417
1387
4202
9595
1323
9330
3596
5909
8135
930
1124
4784
9044
9703
6544
1915
7935
3763
2644
5900
4430
5192
9705
384
8736
4335
8458
8761
7369
4738
5218
5961
3956
7136
8548
3370
9546
5628
2937
1628
7264
2811
8089
9470
3525
3780
3018
2557
9987
8278
8651
277
9524
8239
8233
9267
4118
769
5695
5357
2160
7424
9852
7163
7942
7728
8106
1596
6056
6084
8741
4380
2602
5367
4937
169
488
1882
4926
6586
5210
5749
9920
877
3728
5454
7907
8838
6203
6556
8944
7920
5808
122
4127
709
9630
8267
3460
1005
5641
3522
7233
8373
5970
8184
85
2335
4307
4651
8128
1756
5729
5380
6479
137
438
909
3934
5978
7341
6510
1076
8659
3946
8164
1712
3803
6705
6301
5188
9232
8116
5959
6777
4152
5130
6303
8375
2000
4578
1841
1973
357
1192
7574
3300
3048
1439
5764
4151
553
3826
8077
7568
9748
8575
4977
7924
7854
4101
3872
5601
4426
6230
8138
9190
6434
5249
2159
3996
2243
7289
5403
1533
1653
282
1138
6192
6377
5283
7895
5465
2565
7656
3665
445
2162
4448
6132
7796
8615
7743
7515
5894
1932
6662
6944
2681
3712
2939
9957
6972
3592
1948
3406
2412
8308
1881
3785
5350
2515
1689
9614
9037
269
5336
438
4338
1096
8046
2010
3007
859
9683
5002
4222
5529
1795
7976
2872
8470
7392
2947
4861
2945
9402
8490
5390
6898
777
8008
3583
2686
3278
8893
1033
9866
4636
6274
5067
627
7658
4011
4822
8216
3116
1410
457
6900
664
5935
682
1130
3939
2919
1073
9419
9465
9627
9805
9096
5661
4043
7419
5238
2274
7758
1631
6518
9498
5354
1455
3584
5108
4321
1491
5982
8801
9717
1814
6584
218
1499
5134
6065
2479
7348
8921
9701
1040
6834
5230
6981
9335
2865
8814
907
414
9251
2590
7107
2198
5883
3403
7230
7449
9024
8034
4502
1274
6714
4393
7089
9882
3348
4437
3433
3213
2426
3529
3621
3585
9480
3752
175
9649
5811
3083
7938
221
8547
1189
242
1434
8353
508
9138
2919
1970
6551
2425
5653
7640
6677
3174
6334
6289
208
4609
6328
3816
1605
9127
109
8653
1668
9914
9107
919
7677
6679
8647
4964
3121
7908
7365
5364
9855
7695
4972
9259
5059
8432
500
1300
2130
2322
1405
416
5597
5900
7266
6149
4532
4500
141
6164
6360
6258
9617
7033
2108
6107
5540
6729
5949
7575
4581
5669
9257
2640
6625
7380
8212
5734
9742
9630
5138
4523
1033
5872
3111
6880
7163
8661
7431
8094
8411
9959
3291
5889
5573
5709
6678
9370
183
3102
4626
5169
9069
4997
2366
8573
5148
7844
2642
9450
4014
4469
4768
3310
7586
5763
6035
6010
2945
3418
912
3850
2623
3487
6248
6850
7485
2216
1831
9682
4665
4758
831
6871
1725
523
2510
9662
3325
571
6703
1741
2848
4762
5406
3029
9248
7579
6269
752
8181
8292
8084
8311
1738
8990
2946
2645
19
1578
3476
2334
8742
477
4452
3789
8648
8355
3245
6782
4593
2501
6966
4653
6956
7380
5620
2644
1372
105
4232
6606
8267
2849
683
4817
3385
3344
473
5200
4423
7075
6783
3827
427
9716
2030
7391
5615
302
7332
9725
1497
7154
5721
5407
4336
4468
1720
3607
6755
8491
7362
6263
2291
55
8583
7664
9468
1358
9740
3302
5638
194
7945
9350
9463
1550
1396
5478
4075
188
2883
7788
7643
2373
9194
3676
7697
3424
9864
6763
3710
648
1878
9472
5752
7999
2129
5244
6003
9390
5056
9240
3188
5828
6253
961
1655
2555
2623
1850
4186
975
1498
8557
1794
4477
810
7967
2681
6625
8194
4141
2070
1578
4598
5947
6589
5867
2443
16
1365
4411
9690
5677
9798
8411
9960
2894
6899
4309
8711
6134
4040
9433
8412
4938
4252
4033
4051
3100
1674
8304
1219
6229
1592
8679
2279
1258
178
9048
7887
3137
8645
5081
2191
5676
286
6957
2713
3739
8628
6234
9593
2267
67
8520
6092
1331
2535
9471
5773
5538
7709
9013
3902
8245
8691
9551
4805
8927
8234
4697
7180
1351
7445
3963
8280
3450
7976
2902
4988
3972
9964
2412
8421
8079
9468
6928
4966
9418
378
9078
7421
2025
2925
8640
1038
2703
1507
2094
1304
3472
8732
5930
1592
1048
9980
2524
2867
1858
2791
9447
3711
4137
3344
5958
5247
2607
1077
5548
5574
566
3415
4242
4840
3177
6695
8013
1194
4219
6677
5926
8725
8705
5455
8879
8066
1503
93
3865
3651
282
8105
5164
9760
8335
8079
3991
9435
7133
1051
5539
2113
6425
4025
411
8995
9195
6368
2079
4118
6947
1159
2072
906
9341
7550
1375
2357
6573
9738
2154
8483
4353
8575
115
5223
4187
7873
9612
1018
7533
3630
8816
8640
9974
5094
4988
2121
512
9055
1082
4323
1015
375
3279
1146
2831
9928
2406
7879
7890
650
3916
1492
3247
1305
1380
7144
542
4767
5518
4244
2476
6232
974
1747
2954
4492
2019
6494
2619
4790
8049
6691
6028
8324
4040
4301
3906
1309
5966
4902
7981
6086
3453
8593
2766
3056
8694
9800
2118
2248
5794
245
8151
4265
7312
253
7946
5484
220
483
4071
6233
4531
6438
9004
3820
4208
7952
437
3391
625
6537
6743
6641
6205
7461
140
6303
6304
8343
7544
345
5921
4119
2797
1084
1216
1555
2392
4831
6048
2600
2042
5221
4881
752
2286
3939
9343
4583
2463
8738
9982
1555
8724
4909
2564
8123
5494
5525
6974
3905
7006
7416
8088
483
3068
5830
6663
5964
8030
3321
6400
5330
8424
2989
5347
2374
9248
9630
3038
8627
4344
2920
3806
7433
9839
8304
8432
3033
1951
2426
9429
1639
2129
7937
8671
2448
5228
3646
8632
5853
4765
6797
9849
6388
8082
8115
2650
3903
1989
6039
7868
4160
3332
4270
7216
407
9245
6612
5726
142
863
1510
6164
5593
1642
8594
3322
1398
2919
7509
4865
6379
2695
6203
2465
133
7171
4418
3016
5261
3811
8076
9704
6522
385
6539
93
3995
917
8635
262
6780
4622
5092
2590
3771
4330
4503
4885
8350
6309
8603
5158
5236
6288
7120
7347
5592
3999
2773
7375
594
9572
9899
8968
8873
9573
6010
8358
1855
4591
230
3544
4350
1734
7131
1764
1605
7495
9101
9253
8669
1988
6053
5320
513
2301
5724
8589
7551
8123
4549
9537
6114
2791
3311
3745
1308
6433
5368
8236
974
1536
3380
2170
2512
3521
3540
5077
7397
5198
8913
632
6563
6613
9322
5758
7108
4595
741
997
4557
6275
3819
1847
8679
9581
3443
2785
1412
9739
5667
5461
3136
8006
1886
6660
6701
9359
8334
4445
7234
5071
1365
5399
7194
9274
5559
2652
5135
6952
2845
1315
1930
3005
2071
2944
422
4364
6914
104
1666
1033
4191
8744
2688
4016
3542
1552
913
2150
420
3934
7598
2785
9892
5041
7564
5680
5678
7816
7845
2054
1607
1842
2316
784
2318
3974
6302
276
6147
7101
8916
6559
5674
2981
3823
6133
8029
3488
6659
3638
6191
443
1012
6590
8575
3103
7406
7721
681
6707
4352
2007
2044
8216
6771
4054
4728
1611
9892
5249
740
4129
8780
3201
7327
801
7677
6124
4554
1929
4893
7955
511
2504
2918
2945
6681
9296
5901
6561
4931
4718
7212
6841
3667
4799
700
3083
7526
9812
4634
4425
1448
6895
8886
644
6479
2092
1355
6653
2861
811
7297
8727
5844
7674
6910
5379
4559
5554
2779
52
6419
9007
3520
4373
7016
328
2487
7705
6520
467
3755
5970
1171
9406
1739
6059
671
2515
1456
7621
9795
8920
2171
6407
9075
6582
615
4491
3320
6460
618
6590
480
562
2284
8634
7680
2642
97
2613
9332
5557
801
7251
6290
8475
9801
8470
6786
8774
6208
2115
5148
2990
2480
1854
674
2853
8767
5086
5299
1109
9573
1206
9652
1864
493
9409
311
2720
6594
5728
7326
3154
7525
553
332
2335
8274
1121
7351
9425
9710
914
2559
577
7621
4234
2649
9017
5910
9761
6810
1108
1350
1180
3619
7884
9177
540
4087
9418
7992
2799
8975
1379
3355
2045
4242
5340
730
1760
6185
8401
888
9565
5009
7748
586
3574
4619
5648
9629
5054
9136
9678
8942
3516
8678
3132
7187
6972
6023
9001
7946
8135
4241
8859
7292
3157
4222
2391
8509
3734
3752
3879
5594
2822
8197
6695
7921
684
3767
2075
1934
3371
8527
3778
631
8478
7864
5486
465
1529
3577
4153
3001
7675
9675
4276
1710
4517
1380
4640
4093
9823
3524
1220
9310
7037
6962
3255
2035
7125
2896
6152
939
4380
6357
5506
6388
2305
4550
656
761
2071
6477
7951
5984
3561
74
6948
8503
97
6173
3446
4108
7333
4336
5496
6932
6601
4758
5368
6449
135
232
4656
7074
9510
5265
6741
9210
995
1275
4767
5673
3039
3863
8696
5313
5732
9283
5952
4621
1783
1911
5054
454
5091
8809
3885
8386
7516
8136
3381
6098
6529
994
1702
6719
7210
406
4853
4797
4245
7632
9707
313
9297
7364
3823
2355
5877
5350
9486
9746
7788
8780
6920
7855
5336
7010
4370
9217
9156
9967
2563
2171
6166
3697
3968
7723
6761
8538
8084
4899
1045
4222
7894
3671
8425
3992
8180
7592
6716
71
9258
3670
925
127
8610
4185
5865
9847
9351
6299
7316
6434
4194
1160
2071
2980
2141
9318
2051
2355
6959
9708
6376
2931
8152
1564
6491
4942
7520
4859
6214
31
8436
7247
1976
9464
9898
6284
8360
9898
3050
1850
3237
9669
2959
4510
8512
1775
4540
2641
4195
9610
4374
617
8928
8575
3430
490
4945
6409
4388
674
935
7485
5349
6497
2957
4364
3414
6550
4552
1116
6788
9736
4125
330
5417
6376
3544
8995
9507
4704
5040
4257
6845
590
3052
7999
1948
5383
2175
1148
4049
5493
2624
3398
4516
7293
1494
5884
5978
9740
6055
4066
4822
6135
5324
6741
2938
2466
9783
9416
7394
9816
9934
2708
3455
9214
7168
1491
7884
1937
2056
6138
2087
3813
1633
6896
6152
9072
955
9862
3078
291
3493
9476
2903
4924
2754
6767
3717
9247
1092
6266
9875
3692
5351
7735
1457
4751
8549
8803
5269
7981
5339
6817
8103
762
935
448
8981
2198
5056
3560
3897
3486
8673
1057
7413
5032
5858
4701
7743
5431
4107
4122
4253
5525
2441
9773
8602
3370
5319
6486
4934
1726
6438
6671
5870
5210
4690
9781
980
8854
19
7587
4594
5323
512
9553
1810
8267
9960
8870
6368
1523
5925
6761
9292
6862
1617
381
8076
3524
3359
3497
9230
8363
7909
4856
9844
5784
8884
9676
6017
5931
9632
303
5385
1185
8188
9357
5608
2990
9012
1028
7891
416
7764
7635
7911
6629
1822
8227
2241
8289
6269
8424
5381
136
9231
5674
4464
4573
5661
7820
3164
4286
1906
4803
7770
427
8476
1595
1635
2119
7408
6865
8479
1891
9043
1613
1606
4210
3355
7599
6756
597
1098
5252
1042
5620
7188
6188
95
9361
2545
4579
5247
9774
3092
6577
8385
5646
2229
2781
1308
7321
4954
3294
9183
1998
1268
6206
3938
3792
5892
6092
192
985
476
340
2114
9104
766
1933
5767
3787
6658
2071
6894
748
3535
4273
6142
176
322
1152
6016
4397
6933
4476
75
2458
9320
8327
7515
3163
7215
2766
332
3910
6928
2437
9884
3159
6247
1053
885
8012
5979
1062
3916
6282
8040
4384
4586
8759
5880
7715
5485
6923
8070
8338
1842
7047
7137
4332
3037
2069
9413
6858
9228
6393
3098
7823
8658
8158
5442
4993
8196
7066
837
7592
8180
5051
2222
4527
4970
8255
4957
8647
4243
1777
4099
7994
6096
9132
7093
6967
9235
7189
5446
8669
9207
9266
2264
4997
6387
499
4135
6048
8408
421
3213
3154
1632
3253
9914
4907
732
7857
9859
9216
6101
4025
8211
5733
1784
6644
4755
6988
2060
2902
3047
2904
7035
3510
6655
153
250
4683
9168
471
858
9999
3111
740
626
802
2240
5881
346
8402
9416
3337
8301
6084
239
8287
9752
7335
7283
4042
8554
260
3560
8289
1707
1903
528
293
8869
7704
5440
8448
1518
9851
7221
8188
2578
192
6124
7500
9281
1491
2242
6131
8149
2970
3914
6967
780
4766
2681
336
3659
2978
8947
5654
2334
3071
5246
9886
2740
3779
1121
770
1972
6495
6847
8233
8268
2742
3716
9453
5243
6461
7022
9229
4102
7752
4446
3421
7370
6140
3099
5877
1054
9151
316
714
6961
7850
9339
4228
9409
5025
911
2956
4955
8813
597
5423
5500
8658
3710
4741
6646
2266
6360
4495
2405
2500
5928
6781
2836
3861
9659
3456
5916
4570
4148
2311
3737
8298
4540
9966
9536
2596
1300
7064
362
1955
2924
2379
4588
9524
4871
3210
1803
5033
34
2209
5382
8659
3731
3327
3100
8637
5141
8990
6741
2567
3874
843
577
9293
5857
8216
2278
5604
5394
1276
8131
9405
9217
1725
5841
9398
9905
4969
8861
8617
8784
6787
9375
6809
1199
2102
2207
1550
5159
3061
2951
3432
1351
4783
8884
5121
7628
3892
9914
3483
3070
6786
6995
3768
4090
2110
6151
2556
5221
503
4817
8650
4126
5974
1742
153
2521
1760
8182
2728
9663
7085
8474
1027
4069
3308
2057
9212
7834
1643
6027
8234
3848
8240
5349
7370
8127
976
7780
4527
8445
1366
3037
5348
6531
3410
6793
9314
3354
677
3633
146
1473
6646
2766
1271
9122
1619
3412
5013
8627
7554
5901
9787
5145
1950
4887
3730
3947
4956
8215
5464
7028
9395
1210
7278
7913
6212
7324
3161
976
1506
8348
4950
1799
4598
5264
4808
260
1868
6003
3406
7765
3097
7886
5650
3231
3026
4050
739
7805
9183
6400
5891
7855
942
7469
6863
1534
5654
8028
2421
792
1032
3073
3841
8342
4773
7638
2358
6993
9761
4138
8621
562
779
391
8599
8321
7457
8808
3023
7736
8833
6009
7989
8340
6550
7995
8952
2148
2070
6166
8814
8170
8169
1554
2640
9359
7248
7241
8441
6791
2931
8828
3311
9463
6475
1949
8556
7949
8827
6469
1449
735
1320
5289
4835
5850
4453
7156
5393
6504
8558
857
8495
2378
9699
4574
4167
9737
5566
441
8925
2751
4015
1445
9950
6419
9044
6199
8633
8735
9576
7601
9528
6668
7404
9258
9426
9786
41
5849
9605
6491
1921
1539
3363
5278
4084
3692
881
6439
3883
5109
521
9951
2941
7109
8020
1698
3734
3527
1716
6567
7544
6504
7367
935
4152
4980
9685
4538
5393
5250
1784
1
8912
9315
175
1538
8807
5708
857
5225
8038
2599
4256
7378
3925
43
2849
5524
6880
4156
3176
7048
9753
8669
4936
1278
6606
2102
2271
6281
2232
7122
5043
4332
8038
4625
7209
6196
7444
8923
2138
6780
45
2160
7413
3076
2174
5575
8876
5409
2132
2933
1297
3310
504
6541
5309
1111
469
1469
8608
9630
3051
4412
1907
7270
5092
124
2333
81
4377
8712
8807
6028
9596
9115
5106
3934
3155
1669
5508
4739
101
339
2173
2598
4500
9023
9237
2698
6786
5562
9003
3026
4442
5949
4195
4182
2006
7418
8138
6514
5628
8804
8602
199
6792
207
4071
2010
2050
4357
458
7246
4915
8728
2733
9674
9630
3829
1544
1251
689
422
8684
3642
4675
4361
8020
4011
3571
6787
3838
6578
4582
5683
4026
2534
9436
5888
6361
2866
6361
5527
5814
5392
2575
6545
808
3110
3037
4344
28
2047
8540
7920
133
6068
5151
975
7418
3623
3823
3659
6084
8338
8425
3126
8976
587
6230
7005
9558
4173
4147
6277
3402
9687
3479
1469
3396
2546
9986
8883
7341
2743
2817
1519
5848
2208
1046
9010
2691
6261
1294
2847
1385
2761
95
3618
9389
6260
9492
4513
596
1536
4873
2280
917
2627
4683
4207
7495
9406
5433
910
1175
4034
859
5434
7096
2898
5219
9791
1665
9295
4148
8804
3739
9182
8813
8307
3294
2593
984
7795
4004
4650
954
694
8416
5587
1653
1895
3602
2659
1365
76
9552
4443
6613
5656
7017
8908
3291
6571
149
2968
262
4436
8570
8932
6709
8460
4729
824
4650
7183
2253
1279
9847
4464
6484
9923
6982
4142
5403
4964
4511
5677
3092
1148
9630
9038
6877
4413
8904
4654
6429
9254
1783
7657
9339
4112
5611
3310
9311
3356
2433
3921
969
1594
969
7115
3321
374
6909
2990
8106
9179
5853
9321
9231
3928
7128
199
6327
9686
5696
2971
5398
3820
2954
4491
2254
4740
2385
181
223
4237
2986
393
8166
981
3082
8224
7352
4285
7669
2595
4219
8116
3117
8039
4370
7036
1793
4547
1342
5635
1292
9426
9227
2771
3168
43
9955
5768
3180
9960
2665
6517
4275
1202
2570
7054
2318
3139
1800
374
525
1955
948
6872
8846
4952
3066
5045
7159
6318
1599
7729
8989
5025
6944
5817
1661
3847
9641
537
7644
6188
5688
4929
1501
6098
9442
5079
8490
6846
1724
8212
1694
9427
1603
4115
8265
3607
6165
6632
2904
4051
5851
5007
9379
7240
858
6850
5923
5265
3247
7773
9091
3243
4838
7165
7610
2827
5746
8753
714
8274
7016
8273
8886
7440
6661
948
5713
341
4368
845
6083
327
7366
6665
843
1311
7735
7448
9083
3513
2071
9548
4732
5665
909
8067
2231
9504
4630
1580
6034
2500
1132
4861
5041
7114
9004
2174
8252
4536
1260
7510
3861
5602
33
2474
5792
310
1316
5247
2205
7044
8927
1647
3717
717
9396
7124
1439
2326
6140
2992
1576
8352
2760
7010
3971
2386
8648
7034
4132
6271
1368
9751
7519
8234
2063
8397
3181
3405
6676
8738
6825
2903
8246
1350
9427
7058
5616
2091
4608
4238
5290
7653
8236
4824
6156
8127
7144
5984
4024
621
8318
2025
5693
2111
38
4033
5408
2607
507
7709
4837
543
1375
7026
9853
9380
9617
4564
6590
838
5882
7378
8977
827
4139
2716
1154
2344
8006
5552
5475
2308
8256
4846
8346
4384
18
2267
6090
1669
4846
5981
3907
286
620
8096
4951
953
2051
3213
553
6070
5008
7779
4766
5446
8040
8271
3264
977
8976
7709
197
601
8637
4033
55
5660
9963
9834
2443
7382
1855
8197
6151
8169
6875
8314
1375
2703
1869
1238
2221
834
4493
3453
89
1956
7024
435
186
8566
9151
370
2599
3585
5810
6273
9645
2704
4017
3762
8386
1932
9093
6621
4893
7196
1968
441
8655
3567
8735
6235
5822
8827
3039
3833
8448
9075
7858
9190
5505
1733
8483
8834
3042
6669
189
9262
3472
5640
6842
8235
7070
3271
9307
2230
7470
5072
2535
5128
3150
5209
2086
2645
2447
8616
3916
8570
3788
3205
6642
4046
8188
6472
6999
9699
8450
3417
4595
8661
8928
5389
5457
833
2128
1184
3254
160
5078
6
3597
1022
2432
6642
2645
58
8256
5391
8826
2686
3199
309
5077
8948
18
5776
2404
6869
9255
4844
8768
3858
2177
4227
6587
8024
6770
719
7955
1326
1151
2124
1743
1932
2006
5353
8604
5255
6574
7823
9902
2743
9421
1956
1928
7959
790
9013
9032
7022
6967
4796
708
3459
7608
5877
3059
1722
2107
5342
7001
9443
7807
7062
6329
9981
6095
7817
4021
1394
3672
7924
5082
4956
2081
3625
7494
4172
1757
9589
9331
8606
4893
9868
714
6550
322
3445
5599
4830
4365
9374
8834
8907
7801
2016
6613
3700
8889
3444
5968
8270
3289
1214
3569
2704
3511
9768
8595
5846
8399
5055
9313
2533
9009
5641
1110
4732
3144
2215
7870
1684
6254
5536
5480
1872
7013
4733
5581
9284
9937
6098
5024
9778
332
1645
7049
3144
4978
6230
4033
5911
3179
1598
6381
1631
1688
8499
7755
999
7365
8231
8256
6231
5380
6097
3204
5802
7897
4446
1086
8390
2925
4420
6584
8037
6399
3861
1064
9677
4975
4418
7624
7413
7045
9798
8323
6280
1282
8301
5158
5850
5570
2222
5568
4699
8972
9411
9831
5294
2913
945
213
2765
396
7176
4781
8199
8338
4727
4819
5302
6551
4760
9599
2756
382
9720
877
1881
2739
8410
3162
6560
8463
5434
2281
5134
229
3662
1802
4022
602
6701
6894
8068
5960
1234
1456
9843
6959
6625
4875
3238
8502
9398
2498
3439
3184
9851
5760
7425
3336
3267
7449
8154
1430
8755
6518
3039
1955
9468
5218
4392
3058
6604
90
9114
6163
7
617
6000
2406
3315
8736
7866
5155
8769
5818
2803
9761
594
690
8961
5509
8763
7935
7327
9561
3446
6258
9062
2460
61
5457
4278
3975
3847
6761
5267
4419
6789
3590
4904
3347
5277
9061
1012
6245
1796
9234
8212
4051
9531
576
6096
3541
7905
9949
2908
6159
6527
3128
2985
1013
9460
4941
7015
7866
2679
1946
3731
6099
5288
1155
9830
9892
8482
1703
4193
8062
9884
6166
1781
9043
2960
8152
6605
3446
6073
3759
6011
7829
7182
5819
7195
8036
3777
2052
6912
2086
6583
7368
3373
2282
7484
9752
7538
8719
4768
2497
1096
1499
2714
7822
1288
9987
420
5697
5754
5017
1660
4646
8482
2569
3688
3058
3903
6123
5223
9576
4692
3044
182
2937
8321
9957
5726
4825
3863
3318
3501
8091
3450
5764
1428
8802
3072
4575
2514
1645
9392
7038
9277
407
5526
5997
9642
7165
6335
2683
8958
5914
10
6395
8604
989
1921
5440
419
3876
5781
2459
8509
992
8018
2095
8342
6556
7461
5196
8214
1621
7539
195
2510
853
4521
2763
8825
407
7622
8771
6197
1973
18
862
8272
6426
9059
6968
1082
6423
3158
6264
1795
7966
7047
5250
6028
4321
5133
5091
3346
2713
3819
1094
2
7544
8738
3447
2945
7402
8860
470
1826
989
3589
8320
348
3317
9404
5725
3170
8675
7543
548
8833
9180
4999
6282
4040
3425
6310
7719
4484
5431
1366
3422
4442
8922
6111
3565
8047
2395
5810
9444
130
5781
7731
5439
2464
8683
6075
4168
4411
8844
6744
9898
6714
1078
4932
6364
158
1558
6452
523
7088
1343
4340
7970
6376
2046
5600
7156
2087
673
1542
7800
1992
7803
9561
7066
8068
7849
7324
6944
93
4620
4004
7824
7675
4394
7300
1747
8615
742
4644
3243
8374
3865
1176
6873
1820
9105
7275
7399
3117
9539
4129
2672
6537
8245
9373
4158
7392
879
9271
93
5416
2967
3902
4417
4961
8083
4767
5054
271
3627
8205
3079
8787
4309
2778
1267
2421
6121
2045
9741
8669
4951
9536
548
6582
4717
444
6975
6173
6872
2282
772
2415
4241
6595
7242
3043
8257
6357
2141
9744
9091
7967
5714
2936
1474
2551
5472
4169
2454
6777
5079
1360
2750
3601
2642
9422
2190
8109
183
6035
752
2693
9890
304
3789
4403
3747
7087
7742
7252
2605
5401
8468
3392
2906
7337
34
7177
3756
8151
8853
4985
4799
3661
7957
1580
3949
2451
1061
7609
8831
7837
2008
2753
5971
2582
3026
5193
8015
5990
9665
3346
7889
5691
2006
1166
4979
2026
3944
430
4346
3803
4637
8116
6437
3271
217
1424
5047
8812
4594
4204
5064
1306
8007
4907
735
9130
685
286
26
5453
3248
655
453
4703
707
1999
7424
3092
294
9582
9335
6377
7602
9259
3438
6261
9758
617
8615
4522
9173
3767
432
5158
9301
5509
2413
6793
5540
5534
2390
2205
110
9691
7512
9010
4529
2366
4729
9747
8712
7295
6788
4298
5727
7598
2400
670
7343
4836
6616
2885
7085
8641
6038
55
8152
2248
4671
893
3967
8932
4969
7143
4511
4953
2749
6769
2024
9041
8414
2534
5129
9542
8538
1056
4080
3772
8794
9617
7719
6427
2653
2647
4459
4088
7058
4179
8862
1024
1491
7641
8810
5307
5558
5807
8105
8421
3179
4000
7257
6917
5260
3003
6974
7739
6794
9160
301
2481
2021
2069
422
6464
5871
1858
5500
2792
7979
6937
4933
6886
8822
6016
3592
1762
4785
77
2662
5262
5469
1767
3927
4745
8492
2031
3676
9194
3626
5463
5209
9143
9466
2839
6038
7387
470
7524
3896
6498
3936
1917
6556
575
5709
5255
217
6737
4968
2466
5359
6520
6193
7094
2225
9169
4969
2769
5970
874
178
2552
8497
1057
5316
7472
5769
2298
4908
4124
1185
3535
9902
471
1538
8511
8546
1093
8472
8648
4846
1744
4956
247
7703
1931
3300
5898
6538
2392
3850
5902
2681
8591
5222
6506
8547
812
8297
2643
2081
6829
4312
7505
920
6264
4785
7410
256
731
6514
9941
1129
2522
526
8151
1065
7171
3770
5347
3739
2092
8496
696
3764
7842
5038
5189
1128
2102
7310
3128
7379
5988
6970
2996
4157
8508
1922
737
8008
8625
1793
8164
2300
7922
6897
4619
3931
8702
2147
5858
1880
9323
1009
9370
8967
9678
7214
9453
149
3628
5282
5664
294
8696
1379
1376
758
8955
2160
6220
8999
6928
6858
8164
814
6549
4166
7169
6513
3140
5681
7651
9051
8888
1902
4061
9254
5973
771
2396
2927
7115
4355
4099
7918
625
3917
9831
8067
7990
1020
1130
203
442
9625
9434
9577
5622
1432
945
8428
5729
9683
2052
2363
7813
724
6587
2179
6548
7907
9040
8568
5388
7042
3486
6668
6104
4350
3791
4836
9364
8233
73
8015
4023
9783
1304
8490
4902
2672
9246
5617
7853
4168
3246
8771
4148
1779
6541
7438
9114
6753
3167
1952
5873
8199
1090
7700
8546
5615
6287
9866
7423
2997
8004
5877
3621
9214
3365
5910
9708
9103
9531
3488
2474
6757
2000
8867
3262
8330
9351
9432
3748
2514
6295
240
9906
2760
4399
2760
9282
8428
5359
5946
9436
1199
655
2446
560
5621
3365
8616
762
1405
5767
1751
7677
1340
5281
6533
2777
7000
5381
34
2143
1955
4934
2555
128
7878
2652
3042
9859
1405
3248
5610
8638
1074
3375
6143
8050
6671
2942
399
153
8428
3073
6622
4262
4191
6485
6110
5281
1134
8296
4498
3014
4760
8866
6939
8529
8976
9956
1050
4454
1665
6031
5682
1915
1615
9282
930
8889
3666
7916
7945
4917
5021
415
2774
4301
5550
5870
2821
4260
1935
6942
2404
6465
9762
2249
234
4157
841
5310
9509
2636
978
3815
7109
8799
4471
145
7914
1631
4972
2121
3522
7784
1482
4973
4939
1844
3267
6865
1555
8187
763
4379
5347
4244
7456
4475
5384
6834
1060
2774
5786
9283
4988
1893
1849
313
1237
5928
1137
1580
3312
3004
8924
1128
5445
3435
6261
8838
1454
3383
7722
2497
2860
52
2524
7813
6223
6398
2071
7055
9565
245
4516
4060
5085
7887
7273
9736
6705
6790
4833
2711
4286
1960
7188
795
3500
845
6948
8628
4166
3434
8025
4932
3154
1334
2942
7239
95
1298
8516
5514
3240
6027
4043
2287
3320
8041
8568
1774
8682
2706
7564
2234
7814
7837
7787
6612
4052
6698
1230
8346
4407
6661
885
81
3089
2300
8418
6872
6820
8280
1321
8926
1717
4243
9983
6230
5295
403
1787
8955
6044
1332
2792
7690
9713
1985
835
3005
5378
6685
6678
7009
5283
9181
3230
6104
718
4843
5537
9332
7131
6285
4381
5774
2378
7794
8074
5443
5480
5940
8312
563
6036
4093
9048
2068
3225
4371
5902
9888
4945
8237
5714
2776
6188
1290
2845
6924
307
7391
9992
5493
6961
3747
565
1434
9336
4563
1011
7985
601
2293
3806
9169
1727
7650
5096
3654
9408
282
736
6611
4893
7398
996
5436
983
4807
3630
6517
1606
5259
9136
2069
4992
4270
8984
616
4666
9953
9867
4854
718
3855
9048
1084
8715
7633
2997
3024
1215
7209
4245
7457
3798
1405
9888
749
190
6885
2272
850
1453
6681
5043
537
2822
7672
735
5965
8697
677
5266
5474
8135
6139
7894
1149
642
4146
6100
7380
7608
388
4038
5870
3903
41
5364
3731
7118
9486
8705
37
2830
1768
2986
9493
5591
956
6864
1903
9617
4474
4159
1171
77
1305
975
7880
3880
8271
6636
4399
9209
8028
1967
660
1341
7648
7809
4247
8624
5270
8372
5496
8757
9254
3966
2544
3365
6655
7231
761
5918
969
8734
676
3360
690
4134
2770
3991
3086
5121
5853
573
3062
1512
1919
4344
6679
9073
6900
2896
8435
9293
9211
6389
5768
7479
6948
2756
3223
1658
4278
9293
105
1476
6687
7150
3527
4273
3632
630
5708
3503
9937
3421
4609
9853
7403
7028
7460
6223
8380
1324
7316
3786
5581
8590
7474
6528
9585
4228
243
9613
4084
6067
8319
7842
2134
1966
7318
4132
6278
7337
6766
7353
3307
6296
9555
20
9805
3719
2782
6854
2321
2205
7027
5878
6511
8856
169
3962
2929
8385
4057
3611
6027
5831
1238
7872
9350
7605
3327
3345
942
1783
8747
1902
4480
1645
6750
1855
7973
551
3052
1617
5372
3268
6158
5721
3262
392
3231
1144
9875
4804
8288
8493
5774
2764
5741
8101
2421
2711
6657
7331
13
6294
4950
6622
7633
277
40
1760
3615
4949
5546
7739
4040
9326
7821
9622
8329
7370
4624
9940
3691
1631
8797
4620
8637
4668
8387
783
514
4627
8221
8328
1127
1531
6638
1567
5679
1249
4322
3428
3716
4972
9384
600
1250
9718
4580
4940
5406
5964
163
9267
6969
7260
9318
1096
5066
2301
2480
250
6650
7694
9074
7698
6130
9427
3649
3156
3182
5881
498
5245
4901
5795
9327
6852
3279
4780
5076
9255
6415
3475
8876
443
1714
2787
9563
8765
2447
5842
2877
9357
6234
7288
9313
8061
9286
1515
2594
8712
8464
7679
7195
8547
4752
1004
7272
2470
6091
5599
3892
6555
3855
962
8605
8469
2830
5600
1346
7381
4554
3832
9315
8276
8430
8063
7269
9033
3194
9196
4155
7531
3475
4712
2489
1172
3205
537
3127
3270
775
5749
8413
6105
1046
2495
2964
3122
7288
4195
638
6955
2265
9914
233
8199
5106
2661
1535
2037
2862
639
8662
2220
669
4917
1301
3542
8750
8668
9506
6486
8765
4646
6169
6084
9619
9189
9879
9323
2175
9602
739
2775
7922
9979
1162
3013
4675
3849
1945
2499
8109
535
8161
3359
6815
8341
6211
2418
6966
6570
9184
2936
358
1738
9673
6356
4173
6874
3329
1176
5959
9128
759
3780
4712
6053
9479
8432
9685
4732
4102
7571
2184
4142
1707
994
7863
175
7029
8169
9375
8331
8091
9527
3866
2343
1127
1504
1638
3737
5691
1047
7608
8100
264
4082
2683
9559
7720
5114
5448
888
3534
7929
669
3470
8025
5019
6801
4059
905
6543
5114
6176
366
278
9278
8880
5108
4112
978
8340
7846
6572
8024
4946
8347
1744
688
5478
5584
5790
2304
3939
1210
8126
8475
6485
9665
6285
9356
8069
8949
3714
938
1455
6404
7899
4417
7922
6796
2048
1891
2015
2676
2523
5446
2378
5734
6215
7975
6623
7634
4867
281
3313
6270
4808
9191
1831
316
4408
2219
8449
5405
7156
6461
2335
4057
8448
2420
9312
8052
5102
5413
5113
7152
6405
8157
5255
8945
826
7898
8805
7892
1186
5155
1274
6656
5857
7040
6603
5433
7441
9523
3313
2810
9142
5879
673
3126
3795
4655
6129
2884
1020
4728
9439
2134
7504
977
5124
5161
1900
5721
8962
8435
9173
2666
7441
7717
793
9020
7275
7442
1907
1280
6494
9690
4864
9433
3585
4548
2529
7514
9917
3280
8861
2441
174
1330
716
4267
7319
802
5756
2597
3464
8040
8747
6741
7447
9472
5676
8428
1498
8687
447
215
2270
7955
7092
8806
3426
8910
8146
4346
8573
3266
5937
2300
2808
7553
8892
36
8163
8402
9727
6738
1375
9529
8860
7448
5087
6769
5748
5052
871
3855
3926
4579
8260
2993
1082
2038
5572
4026
9700
1281
5161
8056
2867
8931
8263
4199
7609
4282
7832
3380
5650
4084
2872
4544
4157
7177
2347
9456
7495
7506
3984
8979
5654
8923
4750
9645
2672
2082
2264
3621
7791
457
6142
3119
4918
2964
3970
4186
1237
7418
3446
944
8167
2176
7257
5951
380
9465
9704
7324
931
6974
1921
4634
4955
2546
8245
1248
4783
6054
7538
8606
5709
9705
630
3364
8064
2203
4129
4374
5229
1348
7610
9781
6370
6942
2539
1970
3499
2831
4117
5349
5012
6431
2332
1628
2362
950
2845
2576
5609
7868
2836
6139
3246
1045
3982
758
5354
9869
215
4838
2207
9564
4224
5974
3891
4364
829
2835
8501
4506
7183
2846
8061
6324
9908
3249
2354
2529
4758
8509
8180
1021
7101
1667
6860
4963
5370
7972
3706
5044
5847
5801
4598
3194
2776
7402
7533
8219
3316
8581
1627
3152
6234
4369
7203
6670
6486
4720
688
8542
2793
493
5443
5053
413
5111
7668
5697
7423
2746
5673
7354
81
1379
8548
6706
7270
2870
4407
4963
133
1216
1733
493
2488
381
3790
1959
5015
2883
5344
6073
7869
6158
4056
6814
9062
9053
6520
1192
6105
5818
7981
5657
980
8119
4596
5783
3521
4109
438
5076
5332
8242
3604
1939
9765
8595
2708
9593
1503
1178
8136
298
110
9683
790
7373
2734
5710
4778
1430
1031
6151
2116
5532
1859
8035
5722
8880
2928
1481
9603
6152
1905
2137
1735
6990
7662
2973
2192
1541
8813
6826
263
8436
924
1098
7065
5590
440
4157
2420
958
4655
1496
4307
7327
5599
8281
8419
3312
5952
1884
3476
4105
2087
8016
6542
6003
3968
1459
2204
1961
7905
603
7904
4669
7315
8389
6387
6198
1888
2248
6510
9408
5365
176
8477
9101
1385
3979
7142
4327
4686
8009
7952
5202
6781
3023
5829
6332
2557
297
8287
3740
9865
1138
5874
9874
948
5013
5000
3896
2722
3810
9569
85
1359
3932
2672
6514
8569
5266
2790
7110
1343
5144
9695
7377
9291
9813
598
8249
4724
2191
4503
1687
6017
5315
1629
8037
7299
244
4801
7780
6358
5827
9158
4182
6985
8483
302
4001
1630
9034
5254
7938
583
5799
1695
4835
2912
5480
1177
5832
246
6080
9526
1799
7599
7912
6688
8403
5971
7175
3206
9163
7122
6577
3419
6800
6020
4402
5575
8765
4363
3343
6613
946
8463
8971
7078
8696
7696
1967
6414
5469
7278
4500
7724
3538
1748
366
2319
7591
8614
7146
3367
8529
4556
9633
7723
903
1927
9631
1726
712
3918
7302
5035
828
7904
6715
5821
1639
157
8401
1863
1872
5732
6082
407
1795
9099
4124
8708
6907
7650
1764
6425
5676
5171
2927
1448
6699
8766
1174
1769
7697
1573
8437
3679
4397
2397
4492
9779
8182
88
1884
6473
5944
2445
2338
1824
902
1702
8244
5827
9202
832
746
6470
7966
701
5743
3990
2485
3607
1057
6156
5155
3317
3284
4247
3878
4667
701
7395
776
4397
5995
3450
8102
1207
2844
6755
9561
1448
1892
5323
6476
4882
1175
2003
4541
5766
8719
2177
2467
6797
1722
2088
2346
4677
6696
5353
3071
3567
1472
1823
9923
2596
6211
5446
8637
9449
1799
580
1711
6576
6438
1239
3707
1896
2678
1583
7851
717
9934
4663
2961
9945
3567
2787
2223
7293
835
2376
3847
8704
4502
771
7917
8431
3043
5503
6352
8420
7295
6119
4943
7312
7337
7527
6520
1735
2286
8981
977
7879
3168
1680
9600
4308
8320
1552
3974
8575
524
5255
9871
1811
6220
6883
6628
9732
3306
3549
2341
1726
9110
8256
6074
929
2451
2030
5265
2926
6721
4120
2085
2884
7478
4691
1866
2488
196
6311
5571
5383
4294
2739
7200
359
206
7952
4772
6871
9681
7210
2207
7123
3711
4158
3023
3662
3742
7330
739
8481
6045
2302
6838
450
1056
7120
8033
3761
2137
9812
4909
7291
1880
1826
3779
552
6306
8293
960
7281
5645
8126
6946
7686
197
1856
8791
7668
2681
7361
3521
8559
5125
717
7265
5190
4261
3712
5201
580
4427
7583
4700
5129
3042
8725
2980
1769
1277
7251
7451
7797
9956
2963
3266
3936
4230
366
4318
6198
9109
5317
4746
9920
7360
8998
5188
8745
1431
8169
1809
7935
6945
3168
4982
5452
9482
5014
6969
1931
2071
2087
8528
9373
23
945
4317
5861
5145
6851
9705
213
7727
7652
7049
2614
1078
7093
76
7623
8696
1698
2303
3164
3812
9741
7767
3195
2467
2845
3716
282
8101
3927
2217
3392
1209
3657
3619
9151
5859
4049
2451
4997
427
6564
3414
8813
9067
613
3720
1001
7220
8431
7509
7086
2914
7554
2090
3745
9694
8728
8057
997
4236
6656
8228
1460
7863
9634
6350
190
7731
2664
755
1376
2694
1625
371
3805
687
3832
7724
215
7438
2634
8690
5717
5719
9097
1003
4332
2080
3821
343
8472
53
7391
5044
6223
99
91
2866
8408
9402
3087
9423
6841
4256
7688
3037
3675
8374
9824
6715
3594
123
280
6050
2685
2827
8435
6553
4454
3992
3006
8799
222
8006
3667
1808
3349
3555
5491
4334
7583
7771
9266
7742
2954
1906
5627
1733
4183
170
6465
4729
2437
2388
4720
6042
1322
4067
9241
5218
5373
2543
5059
1612
3284
7262
4403
6471
8910
9909
3688
8288
3173
7282
9979
1680
7019
4191
4271
4258
1850
766
3250
4195
1468
2266
5056
2008
8868
1881
35
7038
4191
3915
5100
4347
4514
3260
8978
1640
5726
7384
8184
7689
749
1811
4731
1739
8772
7355
3888
8500
1537
6360
486
2023
703
2947
4678
5090
4403
2050
4033
3755
1272
5170
3794
1860
4885
3894
2504
4092
5391
4811
1769
8638
5074
6730
4377
4243
3028
1388
5356
9972
309
7616
5167
5902
5112
2327
7179
4676
5467
5926
5682
437
7768
7178
1584
2200
6788
4301
9931
365
6125
7898
3093
9499
2450
3190
4029
731
6467
6980
7826
897
3252
5904
5334
6528
4684
8684
9223
7776
488
1392
1768
8923
31
3958
9632
9377
8185
5319
3462
7339
6063
6899
5652
5019
3807
8654
606
6192
6280
5844
1815
4259
4799
6561
4936
910
251
5812
7496
1607
3321
7761
4641
1285
7816
4146
1474
7773
9780
3192
7337
6611
5012
6811
4768
5492
1416
9989
1530
4053
1153
3512
2223
3731
1037
7038
3668
9520
9796
450
7929
9083
8467
2730
5953
9016
8916
8618
8813
7266
9337
9226
8611
3470
1148
1159
6526
724
7997
9715
6853
9100
7935
8352
1524
2292
1754
5166
3037
5080
316
4048
4279
9237
7936
2297
3487
9219
2354
4938
3338
5569
2838
2889
203
862
2661
8825
2877
5994
6740
9653
6319
4017
4328
5943
593
4442
1834
2496
2628
8038
6788
6309
9337
2529
8370
4717
9561
6642
6184
7616
3383
8786
8620
7853
7034
164
179
8337
2296
6186
1462
1782
4863
3423
6067
3555
4745
3037
7256
344
253
5004
2175
6566
5115
1315
4125
8153
3950
6568
1529
1893
6003
1947
6221
8445
5361
145
7597
2742
4086
2879
1599
6469
7349
427
3743
7379
8374
9753
122
1117
343
581
9520
2232
838
2700
6195
9119
8839
8903
7672
7908
2126
4769
1417
3352
4367
6863
6422
4559
3246
7160
6893
5093
131
9014
5857
1896
3844
1293
370
7708
4058
4626
6807
4102
4436
3872
4073
7230
202
2206
6452
6497
8740
724
694
701
9439
788
1844
1446
2405
6724
3242
6843
7119
9341
2536
6289
5039
1121
1248
2475
3099
1837
4731
2108
4959
6662
8075
3814
32
9761
3653
9458
2805
8191
1011
188
1821
5725
1721
3580
2818
389
8383
7298
9103
4552
5077
569
863
5412
2206
1327
5877
260
6585
1711
1176
3727
8433
8049
6335
5523
3357
2333
415
8754
8245
7413
2980
4728
7653
8812
9547
3600
4096
7585
1756
2028
2176
9123
8529
8199
997
8865
9519
228
9979
1990
2530
3112
4740
7379
2829
8169
3898
110
7651
4909
7667
402
3959
5771
9163
5048
9336
5723
4627
3168
7546
7725
207
3317
3128
2275
5497
3380
1569
7502
1519
3352
8926
7767
3511
4278
3662
6998
9792
7728
16
393
3774
9456
5807
3833
8378
5151
7468
5505
2409
6906
2037
1186
6131
113
4643
2645
3963
4098
4275
925
5301
2646
9128
933
8496
6184
3493
5372
5427
5605
8839
5630
672
7351
839
7824
4964
1670
3153
6747
8367
6236
7709
1907
5924
1518
9162
9778
50
6865
815
1792
7014
2618
461
8279
1257
1297
8846
9718
7249
3043
6190
5883
