6230
7418
7952
9425
7399
9224
291
4657
9434
6490
9010
1133
4691
2466
5438
5740
132
2168
2795
9164
7658
1597
7972
1388
6175
1267
18
8715
2095
2155
9825
8725
2894
9615
5393
6779
2048
9410
6907
9666
8938
2988
3612
1660
1458
652
3014
6032
34
6780
3379
3100
8186
4808
3158
4813
7047
571
9751
229
7498
8449
181
7878
3662
5786
91
468
1810
9552
1966
7558
9297
9421
3444
3548
5248
7757
1081
7484
7973
8597
367
9459
912
3408
6109
9181
3400
9242
5452
3125
3168
1775
782
1489
6892
9968
1616
486
9867
5336
4059
2374
5940
8263
4557
4218
558
9161
328
4936
8385
1306
7317
9498
6304
7881
1067
4346
1493
8448
2949
4532
9993
8523
9761
4536
4882
7296
4791
2911
4038
1466
3771
9884
9599
6270
4994
3385
892
2724
7821
8674
3614
7861
7749
6946
6641
7597
3635
7045
2809
4857
7698
6909
2939
9456
6497
5807
116
5470
2507
6717
4630
8167
6475
7977
3479
6441
7379
8282
3501
8429
8700
6884
9762
9566
5182
5294
1662
8367
9374
4773
6915
7197
7304
1719
7804
5809
6656
4208
6238
7748
6369
7205
277
1601
4411
6502
2191
6860
6309
419
4716
2263
542
1336
3174
1816
1934
357
4654
3803
6118
5902
2379
9032
7
4054
2786
4101
1151
8314
3739
361
6136
949
5453
3394
5809
9584
8186
4192
8130
6423
3695
1422
5960
5639
9573
9680
6087
3512
8935
10
1080
5659
6152
1408
6295
8913
3759
4317
2264
2915
9725
3798
9612
9138
5959
2599
9810
4964
4155
3192
9843
4918
2864
4770
1219
6217
4435
2932
7818
8269
133
5326
2738
9353
7820
2457
2677
1548
9889
2932
6081
4747
6449
6039
7435
1182
7604
3007
5335
3362
2969
5299
4644
3611
7451
5909
365
2525
4557
9166
8880
5456
146
7784
4278
5757
7082
6323
4819
9118
3855
3919
8520
1965
2965
8301
661
8363
6947
4329
2864
7808
9107
1427
4785
5491
4977
3308
1536
5859
8119
685
2301
8196
7918
6637
256
7226
9787
9984
7013
489
8421
2193
6458
9523
7125
1347
2925
9180
1498
6107
4140
1612
6225
436
1083
3792
721
576
5753
7424
8785
1344
4317
3146
6003
4896
9386
3742
558
6973
1512
6314
5059
9105
5549
6209
2633
5517
2542
7506
5170
1338
2345
3713
7368
1794
7133
6551
853
6680
912
1248
5940
2386
8770
4805
3233
7965
295
7251
537
1509
9521
6812
2231
1161
9727
6651
8206
1398
6248
3543
2351
3333
6138
3487
3858
1365
8312
6479
8046
4334
8516
5175
5927
5733
7402
3956
970
332
2025
395
8893
4810
7604
5
4702
8898
6195
4287
4656
998
1547
1591
3747
3857
8804
1522
2541
2775
1616
2871
2352
4821
321
9246
3690
9380
6878
6739
4718
9455
1180
6686
2912
6745
7293
1633
2011
250
2305
783
4011
9736
3643
3119
4681
2832
7324
7180
1634
2406
6722
9405
6459
4307
9755
63
609
7793
4102
450
5485
9897
5190
3501
939
713
8988
4912
9358
538
2435
505
3974
602
2555
4075
3060
514
377
9717
1794
5087
4024
5314
844
3139
1080
5420
9214
5983
8568
2145
175
5397
4866
5715
3767
6251
7257
9130
3077
4491
8265
2240
1157
3118
877
7725
8195
3129
1299
820
2449
844
4287
5770
2454
615
7007
481
1999
2861
3738
986
4206
3140
7524
5561
8961
6541
7598
5748
4422
8169
6555
9548
7281
7012
2677
8121
3825
1303
660
1694
2626
6759
2856
636
7638
5573
275
507
1302
3572
8598
9493
6121
2311
4290
3625
3304
125
5845
8270
7269
953
5304
1712
7095
4463
9386
7948
1183
3171
9150
4610
4342
4415
7676
9363
5327
9697
5961
1036
8143
4195
524
9781
329
5770
4820
8818
3928
2157
2771
2012
5625
3570
7511
2416
3518
2483
9825
8403
8499
6182
4009
1431
8317
4902
378
1696
988
7177
9002
1994
7971
3241
6830
8632
6232
8004
3765
101
5118
5867
1848
3891
3173
271
3121
3829
4762
7034
3992
9824
8156
9239
6929
6702
5368
7987
3628
5936
6795
5223
2842
778
873
3559
5804
7597
7145
3068
9292
2746
7161
721
7534
6700
9570
8972
6877
8383
7387
6110
2088
5167
8962
2391
9747
5440
3935
30
3902
1782
6531
8996
9102
6136
3867
1090
6888
5535
7153
3741
8868
2128
3056
2677
6222
8973
1675
6329
7665
2247
627
5659
8303
8786
7281
4169
4254
5288
9048
3024
2808
6054
9666
1873
305
1156
5626
6035
1839
1903
5946
6464
6903
7290
614
4847
8347
9573
3185
8504
6452
9268
2291
6969
8408
4768
1008
1936
1567
929
1520
6158
1050
7581
7363
8164
8038
7131
9241
9570
6252
9651
1034
1029
645
2065
3745
4587
6806
7430
838
4033
5435
3752
1176
5971
3745
6838
4956
9627
9451
722
7598
7213
2960
1169
4791
3542
7374
9184
3821
2906
4988
6969
7891
5757
2960
3370
8481
5193
504
4208
2379
6662
734
2711
961
4776
9847
5414
3863
9340
919
3558
8108
52
7660
3611
165
2509
4583
3829
5168
532
2186
9744
4427
4719
854
2792
9548
6871
5079
530
3928
7785
4347
5936
9024
6452
6359
361
239
7696
4133
8743
8257
9154
3786
9991
7563
8918
1483
7810
4222
9721
9942
2167
4215
2710
4699
2866
6666
1234
1693
4577
740
3812
8975
8854
1966
185
8283
9608
5990
1364
2366
9202
9376
312
1849
4291
2667
7539
3730
7752
1520
5184
9750
7021
901
1110
6436
3750
3687
4777
5818
9659
2410
5687
2631
5454
7315
1336
4812
7058
82
7712
4189
5042
6106
7929
561
5006
383
3855
3458
214
2978
4501
6549
9248
3705
5301
7132
9373
9497
9881
3018
1667
9319
774
4488
7363
5288
3888
9246
2993
5518
8297
1381
3510
4943
5660
2074
4540
599
880
3422
1438
9676
2634
2758
7837
7412
2622
8292
6258
3887
6289
2458
2634
8766
4387
8973
1770
1374
520
7398
5613
97
433
8241
4944
8714
398
5889
1175
7212
6114
6121
2216
9491
1111
641
6841
929
669
4603
6489
8921
7209
694
6432
8437
1206
7545
2587
2987
15
7583
5158
9020
4656
1555
2165
2634
9468
2053
883
3528
792
4253
6217
6507
1749
1389
4913
6872
4472
5733
9122
1451
2679
4938
5362
9002
5554
6624
4197
7843
8360
2937
1079
2593
3576
8897
2646
6294
6407
9563
1165
7699
3365
1030
6321
8444
5825
499
9722
3842
6364
7240
2607
4084
3294
960
645
7169
4106
8697
628
3015
1802
9435
7906
8964
5064
1042
4162
2262
269
5650
2900
1079
5116
9332
9460
4662
1028
7688
1149
5375
838
9873
5428
4375
2722
5510
9730
4279
2093
5147
9183
3818
6339
9188
3257
8109
5291
1395
536
9390
4660
4432
9176
5740
5002
2842
7442
2563
4706
7586
6049
1342
2028
6950
7291
1027
9976
1334
1678
898
4464
6197
8574
1632
6988
1053
5804
2519
3563
525
7207
1223
7642
3365
5918
6391
4888
8738
9195
2821
3338
8770
1329
4201
4147
9764
1283
6551
7571
7283
11
9437
3125
8531
6614
4209
8377
6758
3399
7319
5052
7116
6144
7961
1594
4946
13
7909
7716
8371
432
5353
4786
1195
2026
9744
8527
2382
8292
6510
3850
6448
2291
2738
101
6567
5815
7435
5038
4349
3065
7354
3728
5968
7577
4446
6862
616
2605
8407
1475
569
145
7661
1064
4581
4385
8030
4767
5218
248
7953
7674
6236
8349
6141
7161
8510
6174
203
8846
9896
2014
661
3400
1002
3694
892
2202
33
4287
3001
7288
3888
1661
9534
8945
6893
2171
4027
4510
4088
264
4558
7677
6935
8603
6830
7628
8708
9172
7931
4161
6598
6583
8828
7137
4435
1908
3275
2504
6820
7694
1921
5335
8403
3657
948
6057
3624
1439
2881
69
1489
4254
1050
61
5500
9578
8341
3262
9245
799
1505
68
585
6019
7570
4777
8034
4513
9188
6081
5370
1707
4266
4404
8228
2297
2947
8167
710
5370
2197
6652
5945
944
7303
4073
3207
8566
7788
3096
6778
1235
5189
826
6408
9161
6364
407
5132
4696
4431
1512
2783
4496
712
6744
2436
2903
909
3027
9312
2919
960
3458
9451
880
3425
2091
6819
4617
984
8623
3282
6861
4529
8718
582
2281
2857
2644
8220
5025
3468
5069
8459
5698
4515
6569
6151
4055
4264
1317
4391
8790
3061
3653
6033
5905
1754
4460
7340
415
1088
7555
9053
676
815
6266
2846
6566
343
4566
1617
3322
6936
5101
8535
8418
6195
8476
1774
4746
3196
6250
1113
8853
3705
7838
9429
9403
3903
8569
9970
1302
7475
7273
4578
2779
1734
4117
9319
4020
2554
6195
4374
6136
4545
2864
355
8184
6590
2437
4994
5810
5036
9010
7787
3065
3388
6118
1624
9342
455
4996
2734
5261
457
2243
9891
7881
2211
4561
325
1221
1919
9843
3118
2478
654
1099
9954
7402
9204
8357
7827
2551
1691
2700
655
1755
7199
4911
105
3048
8496
8510
7295
7315
9118
5572
3834
5732
2825
365
2600
4576
1202
807
2473
3682
9571
4870
8370
7444
5924
3223
3927
3172
6344
8551
7907
2953
1496
90
5846
2281
56
3021
2285
2053
6644
5844
2818
7307
2065
9213
1189
5921
7049
7325
4872
8716
6292
6909
791
1868
4658
5453
952
7417
3466
4752
5220
8389
3022
5598
6055
6554
3123
2791
4705
6011
6447
1338
4462
5603
1948
1022
9290
209
4987
2947
312
2700
1615
4002
9099
794
3517
6950
6250
209
2288
2811
8950
4421
2576
4802
4852
1495
6671
7210
4773
5375
7706
9564
6129
444
5052
6623
3310
6843
3679
6165
6142
6701
9255
7078
7094
7042
2306
6142
6205
610
7543
2268
4922
5238
7223
7653
4682
9396
4431
5665
9916
3238
7141
9564
845
7772
6519
5398
7896
8600
1467
4866
6155
6989
9585
8030
8285
646
4264
9134
9461
7561
3337
7699
5318
6675
6375
8653
7143
9705
4936
4936
6575
5618
491
9593
3188
4997
424
1904
9288
2774
2987
8120
2414
6675
5684
8965
4769
3287
2591
3639
2
1195
1488
3146
7685
9420
3543
2499
2933
6291
4788
1176
5238
2690
1441
7853
1053
4394
7660
5429
8737
3173
9464
437
8953
4243
31
2595
9888
7164
7373
8111
64
3069
4658
9093
9081
1495
9874
5544
3047
827
4268
5207
4535
3105
9478
4754
3077
7776
2443
4228
1041
2381
9970
6213
5237
6733
6722
5214
3668
1475
295
1210
4053
103
6747
3373
2336
3137
4929
2096
8524
4830
687
853
8904
5782
2914
7131
460
8890
9365
6644
505
4258
8369
5935
2090
2345
637
5219
1814
4456
8956
9009
4919
7840
1341
9478
8655
4828
8861
2973
9805
3229
9244
8372
9346
7270
734
2796
6557
9087
6809
391
3477
3451
1712
2251
5162
3729
2671
4121
9473
5968
7519
9327
310
8805
952
1963
7394
7530
6149
4761
7222
4280
1944
2195
1127
368
9520
9502
3486
4125
2789
7813
4925
1705
8842
9287
465
4592
2210
6392
3588
2979
3025
6074
5032
4878
6806
4733
9469
4387
7918
9306
6218
5895
7898
7119
1935
4168
1569
211
6873
3288
2548
261
226
6718
3579
4361
6759
9076
7010
2193
9891
1837
5808
6441
2875
8890
6100
7100
1386
8323
2873
6182
7370
3223
2653
3305
9783
6576
4713
5620
6558
2621
759
1092
5821
5988
9780
6210
8531
9869
4965
4217
4712
3717
7602
5753
1226
9555
5265
7488
5475
5886
5762
1147
1309
7310
3496
1289
8155
7480
7639
3871
1318
7596
2156
6682
6965
2734
22
5904
7904
5885
9844
2285
7311
4354
5803
3023
2305
5485
6075
9096
6040
4997
6510
6280
4080
2667
6824
3869
373
1701
3590
6866
6562
4903
8164
3265
3511
7512
6793
4259
8895
264
5364
8583
8791
1931
8073
5331
9353
3283
6645
6419
9906
3392
3897
1248
6838
704
8493
1461
1907
9500
4985
7548
3457
2426
3686
9828
1920
9049
8829
6806
2658
7305
9051
5930
2201
6099
9566
5908
1494
2025
6303
480
14
3741
2575
4936
735
5597
6756
3171
5817
5271
7892
5763
6382
5638
8230
965
1140
8658
8342
81
8942
6090
8561
7012
3762
1139
7648
7101
4703
2709
3642
9360
4633
2101
9864
9784
1768
1969
7298
3869
4740
6840
2733
5944
2042
2214
5456
4278
8946
1432
9163
2619
3429
1064
3161
9808
3621
8360
9765
6956
1843
4315
1671
2497
3350
1659
6798
5228
2910
2547
1423
1144
4387
750
5226
2554
7722
2669
8561
9454
9297
2276
9291
4719
8847
4642
5410
2588
7575
3678
8838
7075
4290
312
2686
4173
3704
5827
53
4676
8926
9531
6887
6866
6029
9993
7902
4603
4956
9396
5518
5983
3076
6643
4885
9435
9998
9961
9508
436
729
3392
8268
5583
2568
1007
2501
1273
1436
7449
1933
1670
6199
1306
8334
6502
8778
7260
7307
2675
4228
3799
3921
9123
4361
7992
6308
828
2106
5779
7894
2331
2498
3771
4591
4201
9250
6081
2782
3441
5077
1606
3920
650
6565
8673
8988
5972
3847
5600
5556
1765
5404
4973
1974
4429
8362
6415
3291
2386
6303
5528
2980
4712
4068
6273
8784
3728
5381
5620
6673
2436
2470
9225
1454
6811
2602
4912
4514
2391
1762
9574
386
1427
7389
3713
1952
7764
9816
2077
7070
3965
9978
5968
8949
6632
1317
4418
7054
1530
881
9909
9237
6508
636
7011
9889
7825
7154
4399
6322
9264
4995
746
1453
9524
7096
9353
1480
1054
6832
4283
4630
2327
7633
7815
7260
4299
4909
3956
4654
3258
4690
9623
8016
1353
6706
8198
3448
8890
9404
707
6252
3807
4665
5484
8596
6309
8884
2488
7969
3918
1825
8032
5774
2255
8935
4917
6740
9855
3269
5438
5465
2854
5341
9661
6974
2654
6835
6155
3688
6713
3760
7813
3879
8242
2972
1718
3294
1257
8750
9957
4162
2402
8820
8513
2443
3056
4975
1322
2109
3975
1195
1445
6047
3008
9154
9615
6701
2749
7597
3388
8700
4238
6919
7509
7026
7527
3424
1519
3685
9586
369
2822
3095
4404
8707
1719
1043
178
3398
7266
4528
6461
5128
3605
4076
409
9520
7327
976
2030
7832
5076
7488
7517
1456
8225
2012
1383
7473
8152
3028
3854
7343
2943
4448
9923
1297
9434
8873
9968
2453
1983
4376
1711
9247
5710
8420
4915
4987
9559
1251
2256
8565
5892
7821
9951
7720
6101
7514
5322
2191
3253
9248
5266
321
6416
9937
6261
4922
4560
6308
6149
4884
9035
8869
7822
7255
7188
1975
4906
2667
2048
9501
2310
8151
8340
4048
246
1774
6455
7094
3549
5995
1630
6579
7818
7827
5629
5735
21
2665
4065
725
735
9574
6836
5625
6895
8689
6350
4271
3925
9706
9541
1519
8184
6428
3437
6946
2747
7457
5590
5851
565
9033
9560
7611
2934
7226
1165
5466
3454
4712
2896
708
4352
2375
1753
3315
1246
222
9738
553
8931
4198
1206
4290
5072
557
5428
74
2987
7110
8446
1781
4068
9475
3151
1180
2469
8656
3448
6655
9378
6216
1976
4809
3256
4794
6152
9761
6888
5086
8110
5071
1933
6703
2705
2123
3889
4849
323
3608
9611
5099
3680
4569
6984
5029
4050
5806
2755
6827
4240
7055
3482
6385
1963
4852
4924
153
1264
4604
7652
8115
8440
8062
9668
1958
1511
1387
7926
1897
3168
1385
9089
2095
2355
5944
7032
385
5799
5300
5543
5156
7977
8226
8609
3309
418
4707
266
6366
4800
7468
8333
7326
6936
3329
7262
6394
2191
8691
4727
5311
1977
8312
4738
7423
8422
5191
5852
4634
2377
7991
9207
348
331
4699
799
4386
3419
2409
7756
5816
9217
1945
3805
6170
7728
4279
1861
3856
5681
9673
6511
8446
8338
4287
5061
8336
7233
3997
1888
7317
2925
2649
2509
6868
6465
9370
5896
4836
8845
1386
5891
9874
3331
1522
1138
274
7324
4125
8206
8354
260
3066
2639
2639
288
2550
3399
4526
5311
9849
1082
1342
9033
2878
5387
3052
8954
9343
5703
941
3716
7040
5661
2803
3970
616
4036
8246
3873
4663
1678
7127
4169
3854
7733
2968
776
6421
7382
530
3452
8860
5090
4072
1302
2883
5871
9151
6624
9686
4076
690
3411
3664
570
815
9110
8954
1330
822
9806
1668
3017
2259
2085
312
4620
7757
712
4915
1323
7878
9044
8750
5337
1417
7173
698
7752
2997
8923
2849
7402
4954
2393
4912
4306
1558
5464
5323
7000
3397
6147
1983
5222
2399
7858
1909
2910
699
2993
5413
2282
1209
8934
3105
2160
3992
8413
7466
9027
5457
3348
5013
585
6825
8389
9156
8304
6471
8042
2915
5622
1631
9364
5123
1764
9843
6203
2125
8457
6263
6225
8778
3160
2778
5703
2034
6988
4771
2004
1247
1622
5761
9144
7970
8484
5668
8011
3304
3680
9036
2586
6234
5676
522
5663
7972
8890
4187
8987
380
9067
6808
8106
4479
5875
8255
2236
1834
7532
8761
2277
5468
5077
3109
8431
2829
7796
4123
1466
9621
1476
1018
295
3507
267
1552
9411
2544
7153
2134
135
71
1220
9536
4568
2497
470
6416
3162
1803
4371
7112
3417
5613
1885
5592
422
9228
9284
5759
4738
3973
7489
5786
7097
4432
4000
7231
1811
3421
2404
2059
8634
3121
7368
486
9246
4688
7441
1062
6036
8119
2891
930
3830
7693
7620
642
3242
9156
2887
862
8684
8199
4457
6969
7512
8368
1893
7301
9236
7888
5221
3940
9796
9933
8047
5065
8931
8745
5044
1321
6123
1347
3348
5686
5019
6441
8205
9485
3104
9542
3226
3486
7562
9758
5071
7958
8260
3150
6174
9384
204
1242
8725
5662
4198
7932
4439
1390
3501
7606
6418
4955
112
9966
790
2782
7901
9378
6880
3821
7465
6682
5784
7855
5528
5382
2584
7776
1070
952
6295
463
8748
1928
4671
2600
4821
6163
1968
5439
9729
1495
2185
1953
1068
123
9588
9632
392
8333
5790
2076
8826
1162
6402
6725
6988
2369
1495
6310
2938
6055
7395
325
7255
9790
4033
5749
3296
8801
2224
1000
5028
4443
5701
2040
9286
5346
3889
7472
385
9211
8345
2568
4533
391
7928
9735
5963
9784
4723
8682
8437
9258
4596
5086
349
9513
881
5811
6028
1742
3505
3000
92
4000
3816
7183
6996
9480
8710
2563
6110
6928
7889
1403
3325
6142
3150
9158
4144
7077
684
8980
9728
9651
3413
8334
9832
1071
742
6644
9884
307
8379
6602
4751
1427
5071
4985
2015
9002
7399
1658
6216
5981
9383
9814
8898
545
4212
1537
7509
825
8285
6158
6422
9449
8691
7321
6279
5468
5180
289
1961
6888
4149
4510
8459
3863
7281
8041
8320
2347
6076
4670
5871
864
1899
2456
7843
7833
3830
6056
4406
5373
2668
3439
9578
8849
1213
1190
8649
4435
6401
6032
6044
9061
1537
8607
2600
760
2970
5149
8025
5803
9701
1892
3792
5739
5909
6962
5062
1008
7820
7945
713
8132
59
6843
6226
2973
896
2577
6251
5338
8135
1719
6204
3036
427
1873
1108
1594
378
9759
3599
7575
4222
5111
2517
9446
2115
9599
7798
8639
973
9868
6529
5794
5674
4455
9535
9810
9524
1415
5300
7004
1835
8908
7523
1207
2967
6808
8816
9982
2762
8361
5863
3622
2403
1056
347
4303
1210
2039
3220
1359
2018
2563
9755
4240
6175
5409
9598
8261
9265
8717
7382
8761
3322
6079
3310
9255
2679
9998
2365
3399
7426
5719
2146
1272
8759
2073
5101
8374
4858
4769
1640
9360
6016
6680
3935
7117
3790
1787
3562
7618
8639
5141
6597
9345
6501
9760
2528
8725
7509
5706
5926
1680
168
313
8910
3982
6018
4426
8787
7372
3742
6387
2143
9430
1601
9117
5362
1476
9839
1989
6784
2599
1339
7914
8904
8920
6731
6425
1572
9981
3278
6385
256
3164
5228
4738
4134
3828
191
6461
3548
1128
3684
6700
7438
4157
1162
6261
6000
4836
9699
3664
5227
301
1330
1943
1869
1746
1084
9195
5874
4898
5619
2832
8665
7359
4269
221
3
354
7259
310
4496
5184
3707
2974
9398
9543
7549
5373
9520
7020
2312
1402
1458
1039
3898
6078
2087
815
3370
4577
8796
8913
8218
2603
8234
2809
5854
5346
2330
5409
2633
7966
2352
7817
1884
88
4390
8817
6351
2525
5058
3312
6625
2882
1678
9991
389
1360
3193
3323
5540
4951
1551
8298
7093
1826
1692
1120
5114
6365
7199
2384
8656
9018
4730
1199
1739
7196
664
6244
7164
203
1472
2409
4382
8505
7988
3892
120
5409
1952
2892
9319
2879
3947
6723
9325
612
5899
6621
1262
1020
3334
3389
6985
9686
6625
4298
9969
9342
4400
4703
5176
1053
6440
7125
4757
5845
9086
6219
6890
8833
7341
4579
9570
9464
802
10000
1667
8795
6423
7810
3463
2864
1763
1215
1140
1696
8201
5379
8586
9865
4398
1767
8965
1130
5141
8449
1247
2681
6515
974
8654
7477
5546
7776
1396
8471
5388
3836
8142
4572
431
6985
364
5627
2177
4114
4195
6985
6378
3519
2291
7782
652
5837
7271
6285
264
825
6425
7865
6335
9849
7003
4261
9572
2376
1112
3904
280
5678
5338
1887
6106
4694
6993
7905
7990
6836
996
5741
6671
1955
3717
5211
2714
824
2858
4140
7734
9858
8460
8928
9833
5121
6189
289
7207
8362
3457
6097
963
9374
4287
4585
2218
8706
9532
4123
5231
2868
7030
6196
8463
177
5040
9692
244
6252
3762
1158
3002
9629
2145
4748
8666
1095
224
6031
6236
377
8382
7676
5957
2430
9234
2205
9993
5512
9089
5454
6058
9417
4376
3132
9673
9943
1278
8589
7610
2102
2335
580
8370
811
8367
7955
9868
1124
8104
831
1111
8461
1407
7367
9864
4827
4225
8952
6367
9844
6912
4462
456
8926
7546
1388
6907
2700
4399
1585
828
4676
7146
7110
8508
9125
7455
2497
7748
7342
1159
148
9118
1721
8710
9469
4197
5282
730
769
8506
6233
2591
1918
765
7656
2722
540
8234
3142
1692
5656
3670
5256
4584
5411
2669
5016
9561
2111
4187
4622
4505
3425
6279
9334
1501
4471
9801
9
6932
3678
5053
7267
2562
662
6395
9875
4551
9356
5138
6793
6616
7671
6506
6858
7121
2522
8829
6095
5016
6315
3446
2402
9145
2120
3577
5916
4964
923
2722
7664
1376
4816
1099
764
9784
4397
4678
734
1607
5158
9304
9382
3992
5121
2209
8342
1384
3061
1918
7392
8680
4408
3306
9167
992
7649
3181
9080
2567
8715
8514
3134
2043
6327
757
5766
3085
6675
1053
6890
2673
5756
7224
1671
3256
7143
6889
8917
294
3896
3493
8843
4995
3281
1595
4441
3393
210
6297
8890
4065
4509
8790
9549
9607
7463
1834
3622
3396
8018
7861
8186
1536
2267
9933
3402
5944
4274
7175
51
8074
9093
6948
3519
6932
2110
7700
7991
5937
7521
6930
7693
9031
7596
9108
7123
836
2002
9106
886
8683
7181
1401
8864
7162
2166
3436
6800
6247
5828
8537
3183
8562
9651
8507
4368
2450
5006
3972
6672
884
2930
915
1229
3107
5412
7912
3744
8873
4970
9574
3344
3239
1615
7904
5920
9495
4965
7648
1646
9315
734
1892
9895
707
9583
9938
644
4196
7930
9700
5406
9072
4244
7463
690
6562
2107
7227
2826
278
4493
2308
5063
67
4327
2203
3604
6106
7396
4820
4275
2871
6087
7410
2393
1261
7034
2671
7567
5549
928
3433
9324
8338
6524
9965
9929
7848
8730
5000
8935
2861
9433
9814
8194
9601
6816
6798
1118
7257
872
9001
8056
8760
7400
2781
6020
4892
8766
5974
4102
7177
7794
6354
3705
6662
5705
1060
2711
1465
5123
1121
7642
5909
1373
7030
7856
330
7336
4742
8988
9171
6181
7960
1871
7385
6997
7483
4513
2349
3798
1671
6612
6786
6208
7874
2872
6065
7975
6298
1754
2857
3107
3126
6843
3772
2075
9485
5805
9102
4307
1183
708
9120
268
753
5975
4095
390
3409
5874
1648
3748
2450
5055
8881
5891
7554
8166
136
993
8191
4916
4166
8632
2531
4795
7996
7087
675
2607
8616
6135
3960
8976
5276
8810
2726
6139
3785
36
6585
5148
3254
3163
4164
6328
9675
7274
9443
3041
259
1549
8399
1005
7593
9906
7870
4900
2040
8401
1910
67
4787
9228
9963
5137
407
4654
4382
6544
3771
4068
8550
7972
2503
5450
448
5027
130
6308
3881
9319
5063
1666
7569
3908
5559
7268
4013
5286
494
3089
727
4973
4823
2116
3611
102
9487
8673
3116
9907
7301
5095
3064
7015
8291
7893
4496
8733
2173
7923
9806
413
1657
6769
6751
1402
216
9286
9893
9117
630
7460
4450
3688
3011
7103
3979
1662
321
495
4220
7251
5748
9645
8855
8942
5392
5158
6941
6340
1743
5473
4563
4946
4887
5079
6060
3128
1535
9966
7520
2805
8280
7846
3305
2842
1959
171
2488
9109
9710
6315
9747
521
5472
9706
2638
229
9320
6088
9353
830
8317
5849
8664
3144
284
6333
3418
1569
1550
920
6073
7768
922
1910
8231
2449
5883
1874
8175
5824
887
3374
6702
2375
1310
3968
216
581
1147
2996
8156
8942
3951
7400
8246
9744
2229
7004
8968
7462
425
8340
7688
5977
411
808
75
5535
5981
1014
8350
4087
1388
5859
2642
2146
2110
7880
989
2365
1390
6663
6774
4283
1543
202
9285
6024
604
6374
8335
2038
9447
1685
4399
4375
9631
4803
7377
7222
2827
4604
4609
3315
1977
1642
9888
9264
1609
9938
3405
7597
4676
4722
4255
333
5207
2536
9200
6316
2815
8372
5831
6353
7371
7301
2161
8681
7424
7591
7435
2342
9811
7271
9159
2845
3069
8810
9980
6985
1487
2883
5428
90
3376
5665
9262
6897
8923
2062
8720
2187
2519
6579
2449
123
7015
645
6394
1035
5064
8987
4183
2043
8916
9173
4747
7385
2445
197
2249
5967
7842
1448
1412
2977
2600
3512
7494
3644
7443
6535
9149
5890
9724
3732
5464
1999
2046
3515
8536
9027
4572
3521
3278
5661
4594
9930
6883
3600
5646
4648
9594
1842
8039
2833
3929
406
2503
3190
2644
6336
1218
3059
5429
5329
5861
1734
2606
7699
9905
1685
856
8802
9979
4026
9632
5944
9018
427
221
8392
4672
1077
7735
13
1935
7423
7424
5138
6096
5952
2598
3511
6219
2341
7899
9169
6274
1654
2840
5886
4461
3938
187
3898
3748
1137
9868
7741
9654
2474
6823
7186
2474
5948
7227
5929
5454
2532
2647
3211
5003
4176
2063
570
9917
3569
8858
8949
1626
1875
2302
29
2213
6151
7010
1733
5269
6431
7232
6844
7567
870
1298
7250
4469
7083
7274
7723
7123
4251
9013
6702
4822
8244
3432
3449
5941
9804
1904
2904
1032
6504
4771
4779
3574
3668
5801
1589
4791
1469
5102
4962
4112
3153
8000
2352
5272
9653
3663
4205
6827
4974
7813
8874
2348
5024
4734
4574
6372
1918
2803
2457
4357
3146
2990
9464
6186
3158
973
6341
6020
5710
452
6054
7972
5654
6690
3540
3799
2602
7642
7442
5402
5101
2936
9733
390
5649
3084
8022
9672
5850
7218
2057
9895
4516
8720
273
3315
6980
1721
98
3266
6965
8623
1878
5937
8694
7632
6371
4909
2276
2756
5640
3027
7022
2481
6236
2109
6863
8846
8911
4192
9270
1396
3927
2856
3896
555
3602
5965
7501
4445
9232
6749
7409
8386
3556
7643
4821
2875
6694
7063
488
7137
9545
335
9457
4256
9309
3932
4551
6558
3014
2336
6568
3384
256
2907
8962
7358
1338
5095
6000
1742
8221
9743
6579
7876
4047
2484
6765
8747
7352
1507
9977
9054
6902
2142
1722
1171
7833
5498
9887
1741
3607
2803
8508
7654
7284
4959
2693
3981
1142
7125
6048
5399
8714
1320
6289
1078
2550
6524
5125
8730
2247
3593
3778
2967
6755
3363
4002
7853
768
6538
4956
4108
4406
1712
1293
7186
3240
2493
2019
6304
6987
6073
246
4412
4152
1762
7447
4032
8437
4937
2412
8676
582
3487
3629
1097
6383
3013
9427
9111
410
1959
6668
7060
2300
3368
9858
9352
3643
7025
9705
6563
4194
9346
5824
6752
9030
539
1087
652
2773
9715
7165
3632
6010
4400
4870
3468
9255
7474
585
6094
9368
3854
1283
504
5382
3719
5485
6839
4349
6076
5964
5710
5169
2106
2718
6749
9382
1056
521
4511
9413
8805
2214
6132
727
8056
682
9433
3557
3099
3425
1147
3576
2112
327
4693
8337
7580
5431
1219
4570
2548
4615
8803
1951
5332
4688
4415
703
9156
8938
2168
8651
4552
8586
3089
565
9875
3614
423
2212
3333
8321
9669
2747
1221
1175
9863
4746
1307
3093
5134
6270
5337
7740
4469
8405
6849
6059
986
3177
2779
8738
8716
7021
6809
1368
165
783
4466
2895
9915
964
6226
3088
1829
8128
8215
4781
4837
1161
6020
7477
8866
8208
8063
1941
9216
886
2370
5454
7119
6397
6151
7144
4021
433
2846
5787
7179
4048
5503
8524
6162
4788
4043
1035
3732
9743
5079
4621
6583
2284
4440
2445
5263
5080
7967
7590
3626
9903
5656
3885
1619
160
3546
6130
2706
1294
4749
1285
2197
4985
7224
3394
6877
3187
1389
7951
6477
6566
7442
5123
663
1499
5413
6572
365
7323
9151
6024
8842
4901
7529
258
5338
7478
7896
9219
4063
483
7445
9858
9421
8642
230
6825
9222
3013
6181
5931
3826
9195
934
1720
7478
7651
4816
8695
1935
2488
401
8371
3020
6104
4828
5427
2721
1216
8024
4446
3472
5410
481
7453
3387
3253
2651
436
7303
6672
8038
4725
8616
4049
5359
8147
3050
4704
3540
555
9659
8465
7819
123
9067
1284
9080
3703
167
7579
248
8240
1339
8284
456
1252
6871
6095
7222
1257
5636
8511
8117
8504
6971
8168
5095
4740
6047
8196
1861
2741
8321
2363
1200
7982
9799
1288
405
5090
5727
6516
6139
4852
1035
3602
4740
9879
4961
6481
6576
6196
6718
1102
2241
2020
4295
3020
8920
938
596
7426
629
499
2603
3912
5005
5891
7503
9250
2588
4520
3845
1864
5596
8504
2215
1612
840
4016
9999
6383
1163
9693
2145
4482
5964
9724
8721
3456
9594
5935
8189
3096
6301
7249
9937
8464
5999
802
7213
1246
9330
9525
8662
1052
6018
6350
7817
8615
1280
1982
44
9836
4836
5963
8693
1883
3268
6513
3425
7418
4058
5828
5493
3792
9737
8239
2829
5529
6046
2324
1600
4209
5883
8361
5499
4982
4621
393
3134
7699
6434
839
8880
8783
8520
7554
3284
2632
3730
4173
532
1948
6873
8460
678
1743
2421
8266
4751
2931
6129
7313
5761
5932
7979
5505
6392
4252
8674
9310
5614
6136
8831
1163
3479
3364
5875
7775
5898
5625
7779
3592
6681
7682
4677
7561
171
6165
7272
6954
1065
5182
6354
7112
9495
1124
2151
6667
421
4402
500
6326
6316
1069
1455
3401
3098
4901
5881
3277
211
606
8554
1904
9423
4260
1701
5702
765
2458
5905
3676
822
6528
2518
9617
1928
1677
2842
8059
8765
8077
2250
3993
5396
5271
9334
7758
5047
1424
9967
9919
8213
7518
7489
9393
7511
5812
5433
6108
528
6171
988
8693
1074
2795
7465
1552
1914
4908
9383
9763
857
170
1726
7959
6487
8376
5076
4276
8307
3706
8216
5790
1056
279
4838
3344
9839
490
4803
7472
3150
6800
3848
2206
746
5880
6715
5559
3369
1005
1765
8688
3804
6057
1702
2419
671
9897
2644
4307
1603
4393
9727
3817
45
4096
6092
3409
387
6796
4355
8980
9726
6107
7624
7404
759
6005
7701
7845
5857
7444
8039
8242
2296
9849
8814
937
2991
876
5259
1455
4398
3543
5818
3143
1112
14
9018
3826
6417
723
700
5349
6377
9276
2650
8771
9725
3750
5729
883
6695
7961
8310
6075
3312
1404
4265
6250
386
3264
8582
6020
9182
1155
5085
2417
6387
9683
6356
9577
7623
2076
8311
6736
6663
9143
1302
7676
8550
39
5812
5080
4445
3248
940
5283
8612
7846
172
5809
3500
8926
8110
3876
2655
292
4294
1685
7735
5107
5061
906
1293
1906
1625
1167
3277
5438
5115
4168
5056
564
4087
6595
216
6650
9160
9750
9682
3169
3064
821
615
6651
4825
423
7267
8440
6352
4005
3359
469
2552
9880
8503
1682
8587
220
1852
3730
1774
8150
7877
7734
6104
6417
9236
8058
6698
9996
72
4334
5151
7498
1345
4541
5347
6209
7852
4687
9618
1831
8614
5808
7742
9062
8373
8667
4148
1993
4318
4870
5412
6879
9381
449
1342
2423
3685
3523
161
1875
2082
5491
3002
8443
78
7064
3624
7946
2251
9299
1987
1523
8971
6819
7690
4415
9186
9054
8205
8040
9323
1529
8301
1564
6624
2711
3936
2715
1237
5279
8742
3562
1814
8074
2604
1029
493
6996
9600
6886
5748
7083
7523
9915
6358
1521
9999
6861
3971
8975
8931
3930
4187
1562
9490
7046
6557
2172
7458
9466
8662
4600
863
6455
523
4291
4173
9333
7471
1229
5443
6492
2457
5831
509
7329
5910
9184
9092
2984
546
6603
6822
7404
3178
4074
8066
6015
2765
1148
7119
2980
9341
8395
4429
2144
245
5377
7191
907
4253
3735
4730
5940
4531
6949
2260
7346
4817
5864
6177
9020
9743
141
7095
5335
6399
2353
4413
4171
4090
9156
3024
4482
453
3317
2496
3912
1584
2924
3388
4630
4681
6384
6416
4739
4215
5154
6527
3564
9863
8075
8448
1430
2194
6185
8686
4504
8133
6015
39
9731
9120
3792
8129
2043
6449
6407
3908
8523
1275
1796
5694
7268
229
6771
2232
5226
5011
7344
4040
7789
3066
9487
3539
1663
3222
9410
6925
3241
1072
6890
7181
1365
3655
8151
6159
9636
6109
1724
5127
7190
9992
3107
1461
8335
7126
1298
4754
9547
4435
5412
964
9830
3720
5437
3004
9425
4171
6503
8097
8141
5030
8362
7027
3446
4912
5543
5615
6744
4156
8281
8685
1699
7628
1660
3652
7589
297
9748
2174
8539
5707
5363
9337
3483
9569
7406
4941
4755
8087
514
2286
3522
7014
9264
6703
1528
8581
9795
7931
2976
7848
1216
5784
7143
5384
3248
5584
6149
4489
2889
1917
9552
9384
1315
1848
5513
8212
5860
9876
3401
4064
1705
7738
2343
2408
9196
1686
3332
8604
2574
2199
8886
9063
3542
6817
6162
7722
6611
1371
6900
1594
8263
780
1888
5021
8220
3547
3897
1521
6919
3062
3153
195
2513
1629
1124
2123
8371
5074
9176
5568
4917
5686
6989
2143
2586
6397
6563
5051
4345
8375
1413
1091
6627
7871
3302
9616
2951
2536
6524
5676
293
828
1116
3496
252
7523
6414
5630
2643
1560
9355
4546
2961
4578
5436
8935
5269
2662
801
8663
8100
7032
2161
8866
4918
7008
330
5118
7864
8075
7967
4319
2492
8631
9078
9292
5251
9130
127
8951
1899
1966
4286
6518
2644
1966
8405
5739
4392
7689
6537
9149
3943
1518
696
6630
3216
476
5314
6040
9141
2911
3488
9157
6758
1484
3734
1828
7104
6755
4710
445
5089
2481
5135
2228
732
8878
6227
8219
6276
342
9893
2467
298
2948
864
4011
6900
5085
4813
9841
4729
9522
6891
4147
8558
2098
2011
9062
3588
4614
6632
9238
5538
9590
7047
6306
6196
2533
8777
2250
9145
7291
3479
1520
7884
6750
8422
1835
1684
1893
5098
7564
3686
1055
4845
4426
8207
9908
5164
2762
1962
71
248
1779
2443
4000
8285
8713
8495
6416
9826
9493
2745
3829
9808
9901
3466
2510
8016
727
9759
2078
7873
6116
4669
8699
2451
7092
2321
7686
6214
6650
7950
4616
6563
8169
9090
6266
571
4728
8963
6977
1662
7663
7471
1163
1430
5680
2256
184
8509
9241
9616
2475
9613
739
7645
3498
5093
9794
7301
3537
7426
4064
5336
573
9875
499
48
2468
6983
7441
1137
2968
5116
9258
2202
1586
3333
1713
9468
9216
280
6669
3567
1164
8384
2859
117
2478
8081
1655
9958
5760
8197
8069
7600
6807
1472
8712
812
3584
9385
7648
2670
9708
6608
727
5495
3248
9062
861
5284
2219
6334
1519
1760
8236
5721
4390
498
684
6059
2976
8636
2370
8877
9320
213
4705
4476
6455
9532
349
8790
4335
3699
6889
3169
1045
314
480
9842
1610
7095
4396
9099
2113
1514
2069
4520
257
4135
4611
6526
7676
8431
2294
8420
9787
9357
2861
7142
2004
8532
5428
2934
1692
9703
1412
1248
8943
8757
247
7469
9064
8357
1181
8946
1248
1529
4065
8428
4634
8717
104
9176
7204
9326
1640
1330
4901
2007
6617
6588
9559
2522
5506
9735
6678
2469
8707
4520
7100
3175
7203
9919
8580
5753
3302
1604
5627
2564
8676
2248
3489
3863
8711
5578
1233
162
2037
5725
6111
5448
6623
3017
4757
9639
9125
8273
2684
9761
9509
8
611
2610
8596
4764
5717
2497
1352
6240
8556
6842
7605
229
3402
9565
9093
5281
4971
8398
1717
9927
7572
6514
4394
6366
9286
4526
5219
3415
8661
4526
4283
2314
9620
9756
7609
4128
1920
548
1547
6247
6372
9060
2279
9169
9206
8016
6582
2625
4772
8239
4335
8241
8498
7173
2006
6200
373
1592
828
1869
3931
2131
3620
4438
1892
1870
9833
1765
9780
4160
5668
8351
1044
9062
4555
903
2968
7990
3633
8589
8686
8565
6262
7438
7759
8753
9519
431
9671
9891
4081
6400
8551
7994
1084
8385
2556
7129
3123
8453
2880
999
4408
3543
1390
9740
9604
6723
8098
6304
3743
4758
1857
217
8192
5670
5747
4444
7596
7888
6894
7549
7924
8307
9040
5088
2793
7679
3852
887
836
9259
335
9295
4711
9449
3770
4920
4070
2495
6255
3537
4813
1146
7693
198
7224
2472
327
4932
8924
4693
696
3755
7243
9981
882
5612
840
4426
8526
6314
6317
3976
7077
6066
5544
9302
5319
3301
2759
3906
9249
4193
407
9219
7675
8540
7121
9008
1476
8501
330
9609
2301
1432
4964
6491
8468
5072
8981
2498
382
2950
2243
5670
9133
8265
5748
754
5983
7046
7173
369
2155
5634
5895
9430
9213
7371
4520
7400
4648
1731
6184
5752
2294
1396
4148
6719
7805
483
146
1383
3236
3991
2999
2056
7231
6349
3782
4513
5146
3832
6273
3355
301
642
275
8151
6071
6112
3397
5391
5852
2693
1013
927
4156
7021
6051
1434
4388
820
5539
9809
4339
5658
5647
2647
4546
4489
2431
4445
6076
3472
6907
9026
5300
7753
9360
8341
6717
9361
4174
968
1055
9923
2420
2372
1316
1951
1010
5742
5178
7686
8695
3858
3473
4099
5320
4138
9126
5701
3300
8843
5707
5105
1856
3717
4914
8554
7917
105
1344
2906
3426
2593
8636
8658
1604
1627
2433
2269
1037
569
8983
3840
6273
8850
9499
7458
4730
4870
1910
3423
9736
487
9658
2077
7594
3701
9436
3839
5675
1696
5103
1576
6965
6015
410
1033
8971
5916
1268
545
2765
9378
2170
8659
8335
528
5175
1935
126
8677
5165
291
1607
3373
7802
7974
3683
3764
3953
3741
3011
5443
1345
7660
768
9967
4974
5103
4472
2006
1536
678
2462
941
5164
7237
320
7679
3280
9831
4685
3587
275
8088
2930
5373
79
6791
1156
1421
24
3137
6995
3776
414
9922
6692
7732
6955
1777
9357
8327
6701
4171
4719
9614
3474
9778
7054
4334
1995
7107
7982
5085
1512
4391
6519
8900
5689
5789
5916
7707
4707
468
679
2785
7076
6073
9358
9537
3031
8421
6657
8245
7501
5236
8425
8638
1493
9417
6829
979
59
3436
7725
3953
9858
298
6432
5099
5685
5712
2576
2939
1722
4051
5161
1231
9211
6154
807
2817
1031
6511
3739
4171
3444
1392
8575
1031
1981
6014
9234
512
5463
7144
6886
7632
5998
9318
6354
2695
7274
1334
4251
1575
401
6263
8492
2977
1817
6817
6386
5870
6402
372
4416
9501
3336
9175
2250
1656
1998
4862
7991
7513
8067
6150
9089
8535
2758
1352
173
3208
1587
5377
2475
5901
818
2432
3091
8097
6204
9366
7188
9473
4723
2164
2082
9483
7185
5473
7821
7952
417
1408
744
4192
1305
7141
4144
7557
6891
3142
9050
4561
269
3951
901
2624
7326
191
8889
8910
4899
6752
6907
4885
1577
8598
7234
3303
9877
7351
650
1625
8722
7265
3402
2273
4281
3003
5100
1886
1287
488
7262
5090
1288
3879
2206
3323
7455
3571
7751
5295
6812
9813
5180
9654
1946
6816
7107
252
7382
4124
5660
6405
7968
465
4679
9323
6199
4509
3745
3212
677
716
9951
1730
7407
2398
5732
2978
7381
9871
8344
7669
4863
6417
5979
3160
8536
2190
4374
1758
6721
776
7391
4452
8101
7222
9413
5842
744
7353
4294
750
1380
4093
7098
9372
3596
9593
7830
3646
4120
9216
757
9895
257
8499
5238
7972
8534
5970
7958
5657
4641
7817
3916
4293
3506
5664
8209
6206
344
642
5287
5494
1108
1117
720
2899
2343
7022
6085
1115
3124
4918
6439
4229
3730
246
778
7102
8328
7371
5290
7759
1401
7957
592
6002
4869
4017
7107
7680
5847
5890
582
919
89
4009
2878
1897
2542
708
1063
5050
9192
6692
7442
285
5124
9643
8762
451
3051
2585
1840
1619
2373
1199
3384
9562
8754
7761
8780
2478
5581
2758
3253
423
7122
3862
2042
5178
3659
2038
9806
6362
1676
1457
8404
9909
1689
5466
3321
1698
6427
2964
6336
6148
5800
4205
747
9569
419
1499
4078
9304
5419
3309
852
2354
6293
9895
9578
9194
9580
2769
670
6622
139
5118
8193
2685
2260
2316
5560
6102
2750
8065
4995
4430
216
4560
3449
1622
8671
8462
2462
2000
7672
5032
9121
9322
6526
3352
5219
5934
8474
2944
4210
3611
7795
2975
3891
245
8561
1617
9666
565
144
3340
3740
9062
9511
1304
4310
2492
5958
2076
2726
4889
8195
9580
6219
7342
2218
4223
4919
2329
1544
125
5934
5646
4231
6570
7578
2591
6393
7902
2343
8174
1475
2481
2690
5814
3589
4743
8297
1455
6710
545
559
9001
2450
7664
9675
6358
8357
9762
7332
8371
7373
8586
3228
7180
7108
8301
927
3640
9168
7744
7225
4660
8608
3680
1620
1210
5975
248
9566
1114
1577
7004
205
6731
4376
6392
8025
3488
7715
5047
8729
1729
5176
9666
6029
5090
2068
3106
1536
4100
5321
1824
169
5994
5467
3986
1017
967
2721
8693
1042
1019
747
543
5553
5444
8227
8382
2524
4480
7896
4517
5562
254
280
3570
1777
4453
2479
5683
2080
1585
8749
8705
5338
3556
4733
8614
4456
3098
9948
3147
845
15
4925
6936
2814
9952
1527
9786
9861
3155
9904
992
3578
4849
6913
5660
663
6180
3472
7991
4681
9501
9584
6215
4971
3996
2990
7652
5606
7251
3101
4742
7715
4498
2331
4806
5987
6479
1716
1410
4745
8882
2414
8498
2830
6826
2453
24
9800
8698
4325
8686
602
5842
5784
1545
67
4121
5544
4154
4995
975
2807
6413
5814
3146
7433
347
206
3235
53
5626
9589
7504
481
5354
8250
7632
8393
1859
6062
5382
1145
8215
1210
4826
4082
3004
990
4873
374
9708
1903
1738
5220
5230
8876
2313
9008
7264
3098
6891
9597
9531
7938
4741
259
2995
2357
8403
2600
7336
7430
4313
6606
8364
6025
5151
8350
7022
5555
8513
8518
3492
9549
4603
6859
4652
9694
559
8480
1515
9579
8298
16
2797
458
6505
6810
975
5324
4577
1746
4258
9843
2223
989
6569
3366
5810
188
7206
6948
5106
9208
9130
9041
9981
9033
602
7505
9402
9917
2653
9218
9362
6233
6156
4456
3546
3449
7957
6520
3594
6755
7364
1911
1698
8518
1319
1930
7741
2152
6987
9252
5322
4834
2147
9347
7773
3395
5429
8750
4317
3391
5214
8200
7477
1417
4881
8567
6679
9740
6891
4565
1996
4160
7041
3566
4910
61
8288
792
5073
2604
6219
785
1298
5655
5813
812
6449
7677
7037
4919
924
5186
4195
4350
552
578
5487
5231
5652
1866
2435
556
7895
2697
2436
8101
1254
4619
8945
8665
613
3459
2764
6295
8696
5477
7861
1511
1768
5256
6081
5404
2147
9808
8059
5699
7755
7275
5728
3031
6491
7078
2882
387
5337
3081
8418
9103
407
9497
3934
9256
714
5903
9176
361
573
9625
3597
6489
6640
2568
386
2678
9005
1852
2385
9140
5198
6085
2890
1684
5548
8140
1944
5625
5299
6163
3050
7256
1798
8493
8268
3663
2573
4739
6760
6888
6269
7556
5223
4409
35
1978
5465
8156
9159
5588
5674
3178
8121
3142
7094
3912
1199
5190
2241
26
5890
5761
3360
9252
8428
9378
3013
8877
3971
3319
2560
8673
2370
3799
7774
441
9125
6315
5456
4157
2047
9519
2318
5281
2900
1724
5205
7137
1094
1329
5434
1650
6013
3680
931
7982
2694
9269
8280
5877
9361
3083
7279
3989
3594
3768
8377
1664
7053
8976
6931
8698
5952
7387
2840
8603
3367
8149
6546
8014
9368
5074
2756
2140
6388
8343
2368
3327
6912
5354
612
6208
791
6757
216
4508
5521
2051
3785
1674
8800
9883
9588
8429
6080
9009
9955
2393
577
6633
4055
6109
3444
4735
4902
250
8618
1246
2079
7746
1379
4925
9775
5650
4627
1108
7398
8943
7147
2695
6243
9247
2399
8306
9717
7954
2216
7085
8055
5493
501
8547
8124
4314
2544
4786
8936
9299
9719
7543
5625
1455
4217
1505
6095
9251
8270
9788
478
1320
7201
3103
822
1763
4095
4039
8580
7018
9436
3895
8084
9549
9376
6039
770
7058
5832
7798
8480
5466
5607
6326
4707
2222
247
8643
9309
328
5703
6742
6797
8270
4867
2984
5539
9503
1858
2817
520
3273
9070
928
2130
3182
6555
2443
6603
1975
2161
8093
8887
9515
1338
3188
1596
1971
8165
4076
3109
8626
4219
9397
2615
3710
5495
6876
8592
7764
1557
3621
7513
9531
3708
7158
2310
9444
3686
9371
5346
8849
1882
9953
4743
929
3929
4278
8630
8264
3111
6374
405
3043
7328
3262
4486
75
3148
7987
5963
1669
4757
2301
9177
468
2733
2549
9282
6808
8136
8950
1191
4252
1192
7445
4638
8486
6544
9479
7226
1568
2145
2163
2549
5819
5973
6357
2509
6945
8243
7178
9797
4941
848
8015
411
7572
6857
7712
5508
3324
5094
5641
3218
7013
627
54
7451
6194
3707
4387
3509
2765
3648
8349
5657
9343
7105
3186
5723
7515
1284
5541
8706
826
4890
8078
5680
8617
5679
2095
9428
8066
8245
9659
5871
8884
9782
2861
6610
9849
7604
2400
4557
2344
3190
5545
4495
7699
6168
8325
5532
1898
2055
657
763
3744
1397
6702
8384
4158
7205
9498
9224
6845
2635
8829
7057
7831
2748
1617
3321
1562
9068
2039
5096
7985
5482
694
5333
305
7169
4550
7061
9394
4899
3736
2130
8214
7913
8915
7993
2686
2289
4608
7884
3799
7464
1953
4647
3537
7726
3292
8682
1692
5328
9842
1674
3612
4022
4414
8349
6328
6199
3814
1451
4426
7652
5144
6290
970
8389
8627
3183
140
1203
1512
965
9261
9157
3907
9072
7590
3184
4614
664
7602
2241
4495
1383
8208
4176
7273
1611
7077
1423
4134
3156
9629
3955
4431
3051
8352
1459
8999
9651
2137
6346
1291
6022
1844
9205
1092
6188
2890
450
93
8207
7965
778
4560
923
1427
9734
9590
4639
2598
2319
7726
5226
2159
5145
4855
7685
7685
9368
6195
9821
2003
1692
2727
5186
5898
4067
3837
8125
6993
3395
72
1696
5438
9601
882
2791
6676
2067
9001
7606
3168
4026
254
2190
6888
3244
2914
5835
2822
279
7676
152
4035
4041
1824
1497
540
4252
3259
8693
5495
3357
3338
2934
4551
8572
8905
734
9182
1886
9708
3063
691
4133
2984
9119
4377
4117
3949
8222
4241
9833
7758
1273
1239
2687
1425
8476
2139
7483
9289
4613
3445
5901
9979
3436
4050
6869
8962
7755
2153
1422
8840
1218
6875
2010
8904
1599
9827
4592
2948
121
3463
6492
1147
1148
7067
2434
5935
433
4078
2511
7139
724
2917
8153
5105
3990
2600
5334
1290
3316
107
7714
6506
61
2171
7333
3059
3512
7725
1677
5929
359
790
2251
9563
9628
6577
9496
5818
327
966
2377
3848
3613
702
7065
8379
4766
6392
756
4690
7858
3739
2828
6688
8075
3983
5034
1231
7890
2740
1829
2103
4184
8201
3815
1472
4594
1849
5564
9615
2209
9341
8139
290
1005
5832
5115
2827
1210
5710
9306
5830
3476
3682
1412
1609
4654
7453
76
8811
2335
2855
8692
3302
4400
402
2952
3515
1448
9627
8114
2911
360
55
9030
2619
641
4811
5487
264
6557
1592
8215
8066
6952
3244
9882
2241
2053
7858
481
4292
5427
3802
4756
4921
3487
1282
9172
9158
5928
3027
1191
5156
245
4384
892
9637
5433
8720
2996
9028
2588
7744
6310
4494
5700
7067
9391
2199
5822
970
2129
581
8809
8696
803
3843
2943
7062
9921
2682
1210
2162
3595
485
6108
8120
679
9179
8981
5540
2973
3232
2546
4427
7603
4549
3487
2201
8170
7657
7462
6128
4481
9114
5145
1857
2720
2475
5296
6490
2547
6643
8362
9805
8494
38
5447
8185
705
8661
5484
9806
7980
8653
6710
7812
1464
8122
9047
4653
1528
7805
5089
3615
6321
292
6502
6331
656
2498
9345
6673
9505
4325
3579
2712
9820
7842
1185
4117
3797
3178
8998
5558
4742
8898
8470
9110
2498
8049
3845
9306
4222
2531
5318
3110
6415
1761
8262
1917
5979
8433
2576
4258
6733
6576
2283
507
9623
8084
8248
4076
4032
326
6394
8171
9985
7349
5169
4558
4038
5391
1857
7234
5982
1073
5515
149
1138
895
4666
5011
639
3974
5180
6376
384
8603
7318
875
3005
3478
7281
2711
5888
5340
8264
5938
2799
9276
8692
3113
5639
7651
3725
5852
1346
8330
3981
9248
2866
2281
3267
3815
3334
6772
7827
6811
8912
2463
3544
9688
9211
8317
3260
516
6997
7136
297
7978
2713
4362
241
725
98
5682
3905
3418
5685
8887
1945
4207
2174
6287
1846
3291
3716
1887
2872
7051
1047
6293
1458
268
5473
6534
3936
2103
171
8461
1265
1330
3702
3258
1945
7675
2891
707
5307
2241
1341
6639
2323
9985
5090
2309
3427
6875
2286
3441
7404
9586
6405
1622
2518
2185
989
7975
8723
5943
3164
8372
5307
7149
3807
6350
1155
7679
351
4150
2056
5470
7595
9115
8198
7096
8054
7934
2081
4239
4804
8944
8376
9828
5198
9968
5041
1735
3876
9426
4003
4555
2043
3477
7616
8733
1324
1058
4119
313
1277
142
7395
6112
9829
4104
7392
1292
423
6131
958
3269
7459
2901
6644
9858
7116
2607
1433
1428
5509
2998
8900
6481
4089
6513
9349
4308
5742
8657
8635
4476
1743
9799
4665
9178
9174
9999
5048
5987
2796
5518
9252
7022
734
1982
9437
2974
5899
2856
8948
8493
3153
7297
6415
1010
2795
6363
7315
5469
6041
2876
2328
6095
4153
296
7671
9344
9634
6265
3884
5889
4617
6885
4480
1043
8636
3258
6792
3149
1689
835
7904
3035
4028
2186
5631
3377
1400
7136
3305
6691
4371
4548
1622
9461
3069
2968
8175
4625
2168
3486
2974
5745
9305
5404
9182
2112
7858
6503
6098
7
9228
493
6814
425
30
1334
3489
1576
4630
2856
3802
1862
8416
7187
8831
4457
3596
686
6075
6495
5699
8607
6440
6884
3964
1262
5690
8947
2925
9905
7254
6602
3614
8069
9978
1433
516
2479
5591
3924
7463
8003
66
7288
6381
2276
7268
847
3204
5835
963
6342
3352
6982
1233
6180
1128
4239
1654
4378
7862
1731
3241
7143
2932
2753
5878
2057
104
7627
3469
2518
8332
9183
3913
4839
5901
8247
1587
1884
8598
6254
7044
3198
1708
8272
7845
7918
1227
8699
3796
7182
6905
7272
5063
2211
7628
674
7751
2956
4960
4416
7678
6905
1885
9288
7613
3014
9498
1138
5098
8955
2011
8529
9395
5254
8063
6429
8055
6430
3243
9085
821
9325
8984
4160
2901
3865
2299
2353
5144
5877
7673
5701
5348
6459
4175
8373
9960
6491
1934
4356
3940
9607
3319
3558
2024
6261
8939
6356
1795
7309
9803
9447
6046
2912
2206
6398
5082
6155
7434
1460
4173
6276
9845
9589
6261
5156
5987
7830
6441
7850
4430
5803
6306
5607
3543
5993
9626
8178
2866
2055
6693
2972
9682
129
8690
1845
7375
6730
2332
4640
9908
1628
5392
3669
5671
563
7286
2178
6970
2056
4783
8021
3547
9069
6683
3535
2205
3482
7586
1891
6512
3869
4017
8453
6446
2058
9252
6316
4718
7041
7678
9330
3642
865
1556
5420
3238
1963
2333
7113
7231
1295
4834
5285
2354
6518
7677
7980
6475
4378
3244
9127
5675
9225
8908
5356
334
1378
2267
4986
5754
619
530
1214
9899
9911
9771
4881
5140
1394
1683
7720
7194
1838
1073
7414
3895
9354
7754
2302
5129
121
2554
3853
7114
9255
8455
5675
1509
3379
3417
6771
6818
352
3621
5453
4102
7401
9669
2470
7375
574
3327
7675
5936
5047
6175
6373
7187
5960
3945
3004
8647
8898
2714
4632
7144
8223
7919
5912
4341
363
1611
7619
7755
6326
9544
1589
844
8303
4473
5874
4809
8351
2748
6229
9309
5967
8068
419
6174
3905
1397
9778
7440
4377
3033
5856
4431
981
9059
3481
248
6990
4057
2341
6981
1244
228
7494
1374
3420
7480
8898
8594
3426
8973
5352
6334
1
4933
6392
454
752
5228
5966
4366
4149
9732
2233
8171
145
5739
3143
588
5082
5337
4568
6495
8773
3169
6121
3021
6341
9249
6683
7439
450
2792
8454
5193
1413
4675
9707
7157
600
9348
9929
1879
5512
8534
5824
8823
8110
4065
2012
2323
3691
4893
5054
5843
6204
3578
2849
7681
1903
2216
9392
9562
6147
7742
4151
5680
6954
2438
8303
2414
8848
130
7267
5566
9966
2600
2307
4228
144
2888
1104
5168
7603
2817
6444
1675
1754
6768
519
8339
7648
8281
5707
7636
3570
5851
1309
3123
2717
8801
3276
7144
2578
9734
1167
8042
4082
3686
5297
3612
4825
2143
6456
3562
779
7054
6417
6813
4285
1987
3510
3508
4473
9479
4836
7203
6253
217
1677
2232
2458
211
1771
3893
6800
1311
5122
2105
4275
7251
6827
3505
9227
922
3638
432
567
3744
3308
4389
9680
3917
2140
3983
9506
8800
4311
3880
5377
6676
712
1323
4931
5879
7810
8643
8581
1047
8800
1332
3839
9616
2643
7130
9877
127
2585
4047
7223
5502
8196
5974
7633
3970
927
9146
1160
7003
5743
4556
3077
5422
8787
807
5981
9406
7093
9864
1679
3844
708
9132
3853
8880
8848
2413
7004
4116
6256
108
9352
8235
9569
5572
8303
7808
89
1931
6997
9186
180
4018
9608
6049
8620
5638
4678
8598
9669
2634
2116
3442
5506
769
2940
6477
3943
4924
5601
5819
8561
5462
7358
2881
3686
5758
9996
4639
5960
1657
5599
8248
269
2487
4241
8328
5100
5181
3681
2276
1146
8904
8401
1690
7702
5095
6215
4245
6371
7980
1316
5946
2948
5443
8001
1810
2771
4559
4424
7226
132
652
4474
9922
9891
3950
6247
4289
4968
1695
1329
4454
806
5325
6610
225
4453
2132
3850
9041
1993
7615
4808
5139
406
1167
9988
2370
7505
6351
3289
8296
7450
9758
6683
5173
2994
4457
4527
165
4013
9545
2390
1906
6088
6666
1736
9272
3007
3108
7700
2956
738
2426
2628
8704
9077
4972
6558
6222
127
7506
1482
2084
2813
4591
3540
5743
8511
6074
7798
4983
6948
9104
786
4617
5587
4510
5788
826
7198
8563
5351
8329
9503
3947
1836
536
3054
6828
3807
9783
7003
713
4464
8320
6630
4937
489
8952
3154
1939
414
38
8867
8348
1216
3524
1453
7263
6441
2976
5263
5280
918
4105
3010
5217
8559
7361
6323
7676
814
1077
6607
7121
7472
1532
5574
6739
601
6276
1379
2609
5587
982
4927
7968
4322
3623
2824
9448
2775
185
3549
3074
9889
2142
8370
202
4039
5493
8518
730
4723
7197
8392
9861
1502
6784
2420
1864
9426
5965
7042
2737
8123
7921
1792
6411
1229
6436
2862
5560
445
9240
3502
3741
8744
9215
5689
4724
319
4
6786
4413
5055
484
4971
5436
1658
4445
1827
9783
7036
9972
2735
256
4091
887
4573
5680
8407
9942
7508
6735
332
9352
4175
9009
679
8918
1196
6986
1074
5270
7165
451
2991
2275
3093
141
9441
6462
256
3933
6148
2347
2889
9240
6101
9313
2330
9445
2861
1427
411
3544
3220
9179
9217
4805
1146
4475
5373
7486
141
2324
9047
3270
8147
420
8304
7963
5190
3114
3440
4384
7578
6434
984
8068
6350
3178
3632
3548
8228
3744
7822
6318
6556
7366
3084
5297
4158
5732
7634
3059
2912
2359
4886
1950
892
9634
1920
5449
1256
5509
3730
6351
8673
4710
7626
2192
5316
3806
6662
1869
822
8713
1948
699
126
6575
7328
9407
7421
8392
7535
9515
9423
367
7877
4189
5950
7787
1347
7614
324
3148
3545
5598
4722
9930
7301
8355
8793
3517
8991
5568
2682
2437
8083
1449
7241
664
5619
6574
5991
986
7555
7744
2045
2467
4128
7725
2512
8579
8772
9092
2612
3874
3014
9503
2208
4086
4740
1182
2460
5640
1166
805
1265
5653
288
7934
5409
4476
184
873
6917
1853
7613
9647
2953
3617
8061
6663
7554
7810
9423
9458
5630
6043
7811
3650
2818
5480
4346
2938
3542
8769
814
4693
6567
6849
9904
8501
8854
4287
2450
8829
6966
882
5290
3351
6303
7026
2898
5306
5861
1679
7151
3565
9290
2166
1701
8125
8550
2968
6626
5112
4177
6644
3604
4326
3428
2419
5535
9650
7310
459
7819
8017
2848
2636
6535
6624
2405
4992
2728
8132
4279
5011
3853
2203
2844
2326
3822
2650
4435
8371
8540
1929
4255
8431
1564
6159
3172
724
2344
5879
8247
5747
2876
3212
9328
1488
3136
4427
4131
3287
5467
3071
3875
9867
7717
9178
2627
4308
1956
941
1101
9656
9525
3026
6957
7338
1893
3850
2952
7107
7368
6762
2994
6774
1263
8930
8649
8590
5241
7374
8495
8224
4288
4144
9470
7173
3767
3693
5245
7584
3318
4074
4046
2363
6549
3771
4805
9433
2015
9791
982
7249
4474
2161
8126
1613
4977
2189
3678
3647
9939
8643
7619
2191
1531
9119
5648
6615
6624
5520
6354
6803
2458
672
1369
3765
9631
2576
2578
2441
324
586
7877
7050
6705
9640
2013
8916
852
4235
5808
8273
1256
7104
4141
7432
8788
5960
9704
9543
9219
8023
439
3687
5601
2749
1407
8811
6978
6019
9979
6453
7013
7001
2024
847
406
2012
7088
6730
7015
1181
1445
4826
2489
6392
8053
438
8098
5910
3078
2352
3165
2395
3169
242
3684
8920
4665
1218
5244
7648
5791
4638
5822
2282
9021
1623
5963
9595
1407
2528
5836
3901
2819
6038
2263
7730
4629
5644
2690
7856
5251
1259
3462
653
7141
6803
7978
1180
9374
6761
7160
5436
6882
5827
810
9146
3713
3341
6866
3809
4565
3904
5363
9615
877
927
2277
7323
4113
8838
4985
8683
4346
9875
6522
9358
6563
8912
8565
6488
7336
6861
9591
3133
8214
8443
8820
8161
8483
6775
3692
6207
3458
776
5557
1623
2989
9136
5023
4128
7619
6114
4916
6891
8270
9692
4919
6
6077
3139
8958
2666
8019
2530
1803
1359
7589
6711
7355
836
4124
7775
4369
9341
9459
8145
2553
5544
757
5952
2874
3450
1086
3348
2132
2856
1724
3939
8954
5329
4722
8333
8256
6027
2678
9690
9776
8510
5111
8828
3128
7106
5926
4654
8347
6109
5901
8569
3078
2144
5530
9331
4589
6469
9606
9184
8062
7351
1737
9655
6702
4535
2517
6701
7010
4452
5792
4079
5831
830
8682
2522
2969
5896
6608
4295
9609
3485
3195
9024
1765
3561
5442
7482
1542
2866
4740
3255
5113
9439
1150
4569
6270
5349
1133
376
1180
1011
8968
1628
6530
3861
7058
9450
9210
3137
6600
4884
9757
7957
9501
2879
1564
8432
9931
3450
7422
680
2413
9419
6480
9561
1838
1900
2573
1697
382
9313
1142
9613
6369
9249
4435
6792
5830
7831
6379
3227
2667
2226
1096
2686
7637
2154
1748
5107
2575
114
7105
3422
4670
1510
7080
7990
2406
5184
1606
7196
5104
5283
3347
4236
4315
1704
4987
6876
6608
9584
2070
8826
4567
8679
980
6851
2594
