2591
6853
6841
8494
1858
2306
1472
2252
7341
1303
5314
2140
2947
4316
8377
6085
145
2759
1468
8713
8098
8061
8264
7448
9494
7938
2568
8500
4868
7551
5642
4296
3643
4299
3138
1174
8197
7983
9857
6910
5543
7485
1349
6769
4434
1767
2027
5227
2534
4595
6055
3958
1308
4909
2355
2357
1945
3665
733
6513
9537
3897
7189
9330
433
1418
8061
8382
6391
1598
4135
8683
8862
8032
2031
8537
3748
7166
1371
9714
6036
7228
2118
6173
5809
5913
3594
7277
3414
2954
1645
6841
1123
2256
692
6436
5562
5434
389
4396
3431
927
30
9980
1216
3016
2690
5973
775
4699
3667
8346
58
3348
4966
9698
5167
4743
6696
2966
318
5014
9105
7384
2584
6841
8492
2586
5881
3556
2443
2874
2039
3509
382
3977
868
7582
5999
41
7739
1905
4808
5547
3329
2895
4350
1370
8636
1120
8236
2183
3034
3884
334
1283
3611
4419
8765
9899
436
5351
1294
8037
3228
8929
5455
1257
50
2482
8681
1498
4790
3717
3450
8018
2138
7184
6666
9354
5199
9205
4406
5733
6207
8397
8976
1154
1372
5339
8125
5336
2996
9619
2979
869
521
305
7270
1072
7162
8664
9997
8091
4244
6222
8332
7161
2905
7621
1095
3085
9962
4713
2678
7849
4502
37
293
2591
3320
9373
2474
8501
8536
4162
9933
7619
4841
2615
4611
9021
5367
1940
3756
4762
1908
5730
342
8213
1788
1029
5889
3073
8852
4970
5214
8346
2144
7454
6491
4285
9594
221
8623
1435
8398
1538
536
5007
9259
2575
4865
6081
2437
5304
96
4494
7598
3400
2205
509
7007
4272
9141
7406
1004
9142
9319
8170
8313
6814
7209
6672
5908
2572
1336
7263
5966
565
6417
6101
5116
7751
8764
3812
8148
4993
5719
4139
9331
4445
9524
3383
6724
9127
6837
3754
778
4784
4143
8141
7844
9862
4478
4106
5642
7498
800
2155
1458
3247
2999
9683
2078
9335
2946
2039
9744
892
1129
1286
670
3867
2124
1592
157
6983
493
2315
5655
8836
6595
7089
7006
7972
8531
1551
541
6210
5189
5210
7819
1743
7061
4265
4217
2447
2816
5790
5540
9068
2802
7157
970
6520
1607
8577
9653
2544
8083
2197
3054
1033
4416
1044
7044
5756
4202
7099
2334
3317
3636
21
8869
883
1012
7979
8185
4476
4214
1393
13
5205
2439
1511
9057
193
3624
7516
7468
1070
7422
5635
6300
9434
7987
5993
7699
4919
5517
8175
6195
3765
204
7897
3402
4291
2876
5554
4010
8341
5942
5584
7831
4405
5365
7504
7226
7437
8910
5581
5552
1885
2413
4346
4989
8993
427
3497
7402
4590
8484
1599
7711
4313
5676
570
4029
8029
7352
5640
4230
391
6992
4464
7241
6120
4021
8746
1322
9591
861
9692
5869
4478
9358
5123
5085
600
7977
6393
2397
1137
4201
9352
8706
4655
358
8290
2022
7310
4995
9637
1477
7937
7203
173
5654
2949
6954
9614
6662
4941
6038
2486
4677
1165
7207
658
5270
1796
5632
566
275
6249
7195
8883
6773
9957
1427
6289
6363
1754
1399
2405
5234
7872
7110
5719
776
7219
5124
1696
6183
2457
3089
4513
7513
1069
4425
2352
6711
8158
2642
7198
4640
2177
2757
5380
8068
6019
6
7815
5802
4226
2412
4409
6921
2712
1384
8788
4421
707
8908
1095
3649
6192
6643
8990
1760
5695
8794
4675
7147
4666
7165
9580
3399
7371
3449
8877
7640
8579
8739
5954
9505
1555
5739
744
5832
6871
2852
8121
4174
1975
1934
5781
3843
469
3059
9746
4724
6832
4265
712
6122
2102
1222
6171
6757
107
9462
208
1661
3288
7974
7426
7433
4298
9120
1336
9609
503
1536
7510
7698
6731
2486
8668
5151
2063
965
9890
559
2198
3564
8934
8308
8417
6310
116
7381
1905
9474
9704
660
7313
2417
1045
8749
4425
2946
5602
645
4238
6495
8644
1226
8938
1054
2065
3338
1690
911
6555
3988
1898
5148
1240
6814
9643
4672
4217
3987
3666
4136
1784
2963
6906
4796
680
1453
8410
3532
8301
6172
6255
3557
5797
4149
5166
9448
1075
2137
9034
9272
8128
8605
1038
7185
1244
8480
3960
4892
5201
2058
5664
8623
4489
4389
3667
1906
2846
8379
9650
3747
2874
3372
8638
2625
1826
3154
866
1470
2321
6514
9291
2589
2932
5870
298
891
5736
4648
3514
4153
197
2598
1773
2388
699
8158
163
4145
1720
2035
7596
9612
9655
3312
5417
4318
801
4230
6114
3988
7849
4463
2939
8954
5703
2553
9043
4798
6030
4684
8589
7317
4424
3654
7723
8374
6024
8729
5278
4151
3168
2692
1531
9232
5526
835
2088
4242
8061
8561
7595
2928
4271
9475
3877
6496
503
4799
5065
9095
9608
7524
3320
8723
9156
763
4248
5512
3051
2408
7849
2095
5535
200
4618
9644
38
1077
9007
9145
5060
2951
2982
7337
5805
4465
6912
993
3890
8784
9123
4858
7823
8846
5216
1429
1043
6712
3414
5265
423
9476
2778
6343
6225
3560
2093
5619
3267
769
1761
392
8981
2028
9195
6188
9567
4696
2552
844
6214
6952
6793
9099
985
6454
7036
9414
2506
9312
257
5891
3281
5188
1743
3847
3489
4636
4056
2184
1687
4676
9914
8484
1499
6342
1464
3255
9957
3390
1025
5615
5871
5107
9475
5127
3642
2085
5814
7442
5035
3907
2513
8453
9917
5852
7109
3247
1578
568
6171
9172
6905
6730
8594
4122
4287
2605
8312
6903
5240
7791
9126
459
2197
4677
7144
2418
4428
6636
2941
6695
604
4125
6388
8636
5112
6649
6638
6478
4514
3169
1278
8871
7753
6513
7531
3145
1768
5323
4676
6488
8733
3924
3737
7048
8829
5662
5941
8918
9205
450
9739
951
5516
5000
9790
2336
443
9588
4570
4583
4269
2772
294
5565
2161
4995
9957
9835
3083
3344
1221
6075
1794
1264
9152
5587
8898
2148
1767
5779
6916
1783
5022
5620
4995
3143
4468
1103
984
590
8337
2495
6746
1150
8840
285
8056
5315
9079
8899
124
508
2492
441
8651
1441
6761
9454
7021
9954
6481
3887
9735
2168
5543
4149
5452
2980
9601
9912
6987
4971
9509
9475
486
8851
1083
934
2531
3709
4843
9541
1493
6467
5035
1261
9961
9157
3459
8704
4509
6735
9280
6392
3612
525
4665
5786
2728
5766
161
2529
4815
4821
7061
2317
2808
7327
2835
1504
6223
3501
5891
9692
9709
7913
9729
7930
3599
9330
1260
2091
5057
1234
6034
5455
2088
7435
836
4885
2746
9378
1447
3805
7134
3032
8277
1132
758
130
5562
4796
5356
4722
8776
2164
1467
2482
8332
8114
1130
10
9892
9687
2758
5320
471
5092
1723
6826
1556
5647
3291
4820
9502
5234
9746
7206
2267
2529
8173
7768
1438
8098
2979
5672
8921
9183
1745
1427
2667
6057
9652
6533
7629
8222
4751
3760
7981
6208
8841
9972
4656
3445
1287
5847
3154
3153
5065
7286
6812
4601
6511
6279
9138
6832
8486
2409
8512
61
8141
146
6091
2742
1627
7429
1372
6804
823
2081
3959
5707
6588
3599
8664
284
1927
3932
6120
6544
8870
3501
6413
6904
1601
3679
4430
6000
5290
1386
2035
3283
870
7712
8959
7338
2199
5879
322
2112
2545
5980
5824
5415
1608
5023
7476
8731
3692
4490
8709
453
6038
1023
8046
6757
717
436
9407
3069
5814
5804
3825
995
7241
3348
4274
8012
9383
2863
3335
7753
4501
8930
3732
542
2852
8985
5788
9746
8218
6807
1793
4156
204
3345
2185
9375
1559
3454
231
1535
6962
4036
5053
8204
6958
2123
7465
6840
5886
5014
9152
5998
607
8395
6597
2668
7730
9315
7334
4769
8275
810
525
4046
5185
6428
6579
5181
3730
7334
5582
2079
5770
4584
7939
7024
9851
7642
5120
6703
2931
5536
9911
1205
4251
4309
7145
1899
6836
1124
9634
808
6452
7489
5535
2693
3618
8929
4585
5623
9552
4842
8138
5995
8296
6237
1345
2270
2763
2212
5915
4181
3656
202
9866
4855
2086
6627
912
1460
9433
6671
3585
1333
7261
2413
3275
2803
6299
2435
545
8485
5295
1264
633
9117
5099
5496
9005
237
1066
2071
6996
1134
5625
7934
4016
6660
424
4824
3743
6751
3925
6612
8990
9323
8127
7062
9626
4300
206
8048
3598
3352
9486
4004
1333
9055
30
520
7000
1727
7214
33
2918
3957
6269
7443
6775
1942
8538
537
4397
505
7693
4720
4396
9357
2425
6541
6974
710
7704
3410
7311
7532
3353
3947
4110
1003
5668
7254
9597
4442
5480
6398
7629
6640
9570
8418
9647
4424
5476
1680
5133
5123
3559
9330
8782
8203
2990
5808
8567
3912
5856
1922
9410
5726
4500
8591
2710
5315
4097
8974
5001
9457
8218
1118
5866
4910
1526
8763
8173
9709
4884
1442
6546
8379
2710
7594
4822
3866
9831
6988
9702
7750
8289
2122
7454
993
7677
6884
3999
5821
9627
6839
2969
9637
7814
3023
4175
3443
4432
8383
3803
9430
3070
3549
2943
7881
1095
1576
8100
7447
1537
4231
594
8452
8773
397
7847
2472
9834
1531
9455
2953
5549
5491
7959
3528
7821
8001
6586
518
4503
2202
9955
4203
8825
4178
2592
1905
7169
1011
4750
5301
9545
8344
697
3579
4287
7758
1044
6939
2910
6059
3626
1711
8533
8394
3587
3718
2111
3498
4146
1212
9186
4452
2571
2606
1611
4740
4139
7935
3243
2153
1690
7086
1597
1526
843
5434
3318
7452
3628
8443
2437
3799
7723
8693
8077
6800
4904
4261
9273
3345
4125
6862
5450
9071
3312
8267
7464
1369
9144
6996
9299
5249
8800
5358
8989
8013
1972
8842
1628
5091
3435
4406
2845
3049
7393
3990
5163
1494
1600
6908
4073
5674
9098
892
2593
8443
6871
8037
1523
4296
8523
9688
7120
9689
3425
6669
9330
1633
6114
3146
5240
8799
4372
1209
5117
5865
2757
8040
2975
4775
5579
272
8987
6254
2809
9144
7671
5958
4982
6904
2240
4565
235
548
5994
5286
8459
6380
7404
6705
3957
7290
1760
9699
6160
4379
6769
4418
3011
6314
9658
5891
8882
3912
9584
9277
7588
853
9084
5650
4605
8166
5808
8310
5661
1746
9375
2199
5158
2265
700
4953
4064
1066
8341
5623
6013
1548
3478
7404
6121
3930
3366
9043
4802
2102
6729
6397
7087
2697
4585
3467
426
4786
6425
4998
9042
3022
6912
8193
7273
1581
9700
1839
340
5927
2946
3360
1522
8059
363
3209
9899
1268
7001
6332
3577
6247
1636
8306
8455
6928
373
3265
1600
9774
148
7676
9459
9283
2266
8766
1214
4332
7463
4420
2283
6113
3903
8448
8219
833
8225
2125
2132
9885
9447
5736
8872
5943
2529
5127
6609
1102
3282
7621
6477
721
1350
9753
1271
8806
7398
2920
2718
3850
1283
1894
9901
4975
8388
7965
2105
7461
8115
827
3552
3891
5573
5599
4579
8962
9783
4728
8882
2361
9100
460
7236
5870
6897
2967
6513
4572
2252
4352
6652
9900
8726
6958
4696
6961
2366
3672
8205
3247
559
522
321
7203
548
8197
4441
5133
3739
7489
7298
6542
5491
2690
5555
4437
5085
9702
5517
8159
4765
4292
8713
2442
7691
7248
2386
1765
8718
9047
4548
1871
2092
5640
2324
557
6493
8872
755
9337
368
2045
1343
4655
3013
4850
2178
5129
7110
3660
2101
7084
7087
7476
9952
3526
5919
5857
4136
4506
4357
3935
4377
7877
6292
8955
8984
3140
2445
5257
9090
1343
3740
4938
974
8683
8537
3218
7903
2089
1118
6406
3335
3730
8170
7550
6394
8697
3216
8486
8187
5695
2583
4557
7777
9333
3160
6524
9051
9382
1678
4800
1812
7763
7711
9356
4178
7160
249
2219
4655
5410
5078
5654
5648
6628
467
7978
411
136
5977
19
7439
3768
5453
9017
6536
7688
2102
4216
3868
2206
4463
3594
3780
201
5055
3730
2434
8566
6854
2335
8702
7990
606
812
751
9150
7228
5508
6349
9732
5145
366
2056
2448
6102
2726
6395
511
7591
1301
1673
7588
141
1054
5995
8536
17
1394
6105
2965
7912
3199
2745
6580
280
8940
1770
7343
8417
8402
6060
995
4100
1864
7119
84
1697
6907
6208
8513
7650
8651
5280
4076
8604
1471
429
2725
9016
3814
2913
1773
7611
2484
1896
7075
7110
2877
7816
6664
4533
9282
6613
742
316
7110
6094
1078
8659
1243
1488
2837
6235
6881
9294
2621
383
1867
1744
8468
4057
4164
5081
9001
1061
3797
2089
2362
9119
1030
3492
8773
9196
6965
3941
4961
6796
9996
9153
6108
9445
4234
4750
8539
8648
8173
5949
537
5228
7650
4732
5996
8172
2591
5269
8733
9698
9017
143
6198
6949
8313
8796
4818
4175
943
8337
7484
8606
3584
2593
3350
6718
2366
11
4361
3484
5671
5025
9919
1427
9177
9842
6609
5113
3246
9642
4854
9056
6265
1191
4886
3611
4021
1189
4478
2971
2515
8046
3133
4421
1308
1537
9649
481
6078
1609
5502
7725
5902
6988
5213
9444
4428
2756
2974
9024
7189
7488
6648
6609
2830
8989
8487
6455
9717
7596
1508
9235
6858
8863
4765
262
3165
6303
1331
405
9507
3064
6570
2230
2049
7963
2401
5560
4515
3265
8357
9833
6030
3406
690
7811
9251
9713
602
7415
1460
3153
7731
7602
1978
6145
5545
3107
9230
7548
893
564
6003
3294
5858
7656
5047
6561
9324
7495
4417
7090
9902
4932
7877
5285
844
7245
1459
9158
8393
6633
9628
414
7861
9281
2821
3921
570
7278
187
6515
5265
6719
7216
9783
6775
8870
858
5129
6661
9752
2840
8754
5626
9118
3686
3141
8553
6076
6504
6065
8221
3570
599
8798
6226
671
9596
9239
5509
3164
7457
8028
8495
5756
7892
9619
7028
4199
1445
2604
5469
9513
1100
6122
8523
3799
4346
7664
3762
52
3285
518
9381
4240
8743
1401
3589
6921
1275
4214
4267
194
3273
9731
4461
746
6856
3371
4627
8667
1816
1053
3674
5089
4998
4294
8876
7795
7838
7378
3736
4966
4362
3919
7629
3219
4077
1271
2150
4078
8832
2492
6444
5116
120
332
3307
6785
1272
1403
2278
4405
687
7718
4370
8520
8017
9630
1022
8721
4615
4643
7847
156
3104
8097
214
7830
5475
81
725
3069
6638
9154
7489
353
6195
5215
4533
3379
8390
6424
9643
1845
3574
1465
2284
1605
6554
3258
8053
6432
1547
3682
8305
7478
296
9541
4308
9472
6034
7043
3219
1640
7470
4012
4555
6223
9007
1290
7774
9050
1128
1174
8930
9583
6229
7958
408
4904
9499
1375
4171
1349
3777
39
8081
1887
9579
2031
5093
3340
3296
960
178
9909
6167
1552
9799
2806
6176
3832
2207
4166
808
4352
399
4090
1185
7993
2620
873
8744
9072
4578
642
4620
9841
5894
393
1831
9605
4843
5042
5508
5709
6163
4108
194
3913
3520
7921
3599
9738
1495
5626
9528
6697
153
4366
9140
1899
2627
8711
7913
2801
6823
5063
8745
343
553
8440
8557
4488
6576
218
3632
2001
1914
5079
8596
658
7126
1522
6333
5750
4274
396
4007
8627
1802
7200
8558
3504
784
3003
6857
5516
5990
1494
3546
7054
6568
3634
2979
370
1858
5032
3080
1983
8860
4215
2185
3266
9105
3394
36
3971
6278
4420
2067
4990
3266
2930
1082
1956
1472
7176
3321
6749
298
8295
3271
5264
7545
7052
9945
3359
4539
6916
1961
7547
8817
4686
1978
3835
6682
3090
7682
1636
2986
5100
6338
3937
7556
5605
8147
560
4702
3900
3891
8425
6660
2552
5692
2058
9862
1604
1349
694
1713
2364
332
5213
2066
8954
5206
1351
3954
9078
9569
5458
8711
6768
8885
9795
5298
1433
3067
2726
7365
7235
7603
3443
3321
5532
6312
739
8273
9348
1579
3523
4347
7411
8455
6124
2621
9012
8234
584
9319
5471
6436
3154
4501
9556
7503
4817
1886
9138
8538
9572
1452
6869
9892
4658
9066
6042
6782
4709
4754
7974
6246
8190
2234
1193
8861
433
1800
4625
8016
511
2747
6002
9329
3596
1710
4642
2250
3575
9422
2841
446
224
4529
1033
7788
7086
5436
8333
5316
2613
6461
6782
7769
9190
1526
1385
3002
391
4632
7186
7784
393
9135
3633
8982
2892
3079
2719
3840
79
1125
5163
7065
2467
9984
2798
2315
9872
7178
2559
8859
440
45
1284
3849
7044
5819
4501
8013
6436
582
6738
453
6479
4456
5267
5500
5389
1816
3627
2919
248
6426
8602
7950
2194
6127
7595
5634
1878
6088
481
5792
6113
1892
7222
9084
6703
514
2853
5027
1898
6633
9612
2147
7297
6774
6099
9533
7288
3356
8649
4021
3219
7821
9260
9489
8471
3234
1881
1290
7275
5291
4492
5399
3197
6617
5692
9116
6896
6098
5264
2490
3553
2828
566
2989
8910
3055
3142
1407
1860
6124
1016
786
7524
5534
5390
3199
2778
1798
969
6387
3384
3353
9772
2409
1401
7846
8419
1695
983
1354
254
2522
5330
8111
8944
301
3115
3573
5865
8442
5766
5396
3370
7704
700
6394
6349
652
505
1855
8441
5719
1101
9126
2508
460
8505
9741
2370
7816
8279
9869
9338
560
3096
2341
1440
9945
6005
2331
2005
1064
8007
7676
2058
2417
3462
1880
6529
4541
5895
9498
2450
1871
4498
6686
3577
5956
3729
4858
505
5310
5369
300
6754
9786
1749
2516
6032
9560
6971
4737
3685
5280
5251
1514
8538
8223
2557
7189
9809
6630
5666
7210
2339
2683
1892
5010
6840
6743
1309
5446
7097
3877
5408
9719
6071
519
618
183
2973
5880
6692
9091
4475
4449
9550
5336
3224
3226
4034
6840
7953
1996
6818
9609
3477
2372
1795
2487
1001
6532
7968
1537
4492
9682
5504
447
9688
6570
6628
573
1717
1513
1767
2465
8253
4188
8148
5556
6324
2031
9920
8772
4993
2387
7285
5508
4374
5537
8242
2068
8783
6934
9116
2151
678
5338
1110
569
9181
6989
9582
8635
7445
1554
8552
4394
4173
6466
4212
5852
4666
8688
3874
4191
5045
4737
4077
1722
2070
2305
9163
8248
1307
3313
246
9439
9906
3638
7615
3549
5581
9594
8034
7326
1976
2501
1303
958
2081
4098
3667
5908
1318
1341
9203
772
2425
6680
8644
8458
2950
7930
4804
8783
5299
1270
8926
7264
5510
3198
3836
1356
6252
828
3785
763
7886
2294
7244
7503
4659
7067
5385
4884
3682
3289
4826
5188
9729
9651
7196
2153
4622
7732
1449
8022
9271
8328
1096
1112
2188
8551
8942
4670
2304
9283
7178
9693
3250
6804
5468
4977
5489
4589
7829
4615
6268
9073
7941
2339
7958
3890
6908
8943
9886
4
4149
3244
4380
7332
9878
6630
2176
9074
2726
221
224
8349
2644
7477
1796
6031
2085
2365
6012
968
1651
2919
4261
1366
2987
2452
3378
9011
1015
1167
5881
289
3990
5269
7413
7711
5328
8140
4472
8427
7007
5426
7483
4161
936
205
5459
682
7391
2005
1500
477
723
9396
7618
5964
3704
2318
2598
136
9307
6750
9616
8503
8284
619
7280
3830
5380
2699
6640
5283
3139
7190
4462
1340
1756
9365
6183
8446
3291
4238
4609
4582
1541
8261
5141
9802
3330
1775
206
2745
8910
6388
7975
5062
7128
216
8462
2627
1945
9457
7593
933
6742
3866
4699
9103
8470
1975
5825
5871
5779
1309
8382
6644
9645
5446
2469
6184
68
8565
2148
609
2436
940
9040
3703
8884
3343
3926
9888
5290
9408
931
8758
7010
3698
2039
5501
1193
1178
4728
9418
9476
5733
5825
4162
7031
2366
2386
6751
7447
5647
8439
5022
8358
962
1630
8339
9927
1143
4268
3953
5527
2233
7791
9387
9423
906
1282
9572
823
2345
9680
1493
8261
703
2518
5633
8921
277
2196
8017
2206
528
1419
8301
3102
4602
5330
6596
3717
995
7468
9578
4521
2218
7596
8619
579
9493
4811
3740
3784
2348
7550
207
1784
5680
2186
8127
1324
3007
6144
7368
4515
8442
9226
2380
6385
2874
9673
4734
3015
9338
7459
4456
4011
2724
1876
3381
2197
2173
1069
1150
5731
4796
2230
302
9971
138
3022
5402
9854
3555
9272
5251
8136
457
1919
5892
5591
245
2215
5345
781
4883
855
2772
2659
510
1260
8282
2713
4298
7748
9373
2892
258
7213
3638
3912
537
209
2024
9031
6619
8649
3554
7865
311
5457
4136
8925
9484
2570
2255
5291
4361
8022
1604
4072
420
979
3694
2533
8314
6756
1362
8483
647
1633
5179
6026
4533
1021
4389
7395
6755
1794
6104
5515
4973
2884
5328
6139
1983
5706
6733
1447
4226
4730
6024
4326
9131
6873
6572
4206
4492
7921
1640
9808
2917
6271
6576
9828
9960
1701
6314
5056
6534
1740
5428
9862
936
5770
6475
8399
8457
356
1029
3985
6281
8256
4558
4654
8958
7640
8806
45
3209
2725
7119
730
2308
5522
69
881
1987
4595
179
3749
9696
9777
3397
6452
3910
305
4626
2777
2726
1503
7090
5445
6085
7989
245
9909
9940
9776
6280
3012
4841
7434
4905
4074
2899
7162
382
8456
3196
7881
559
4161
3837
9942
9816
8290
9342
2529
549
1928
5663
4527
4867
6504
1089
3762
7347
863
1065
4535
7084
6127
489
8337
9419
1582
1448
3400
7493
376
7199
2079
9135
3243
4391
4590
3420
8668
4399
55
127
5880
7244
2519
1177
4277
2357
3223
2987
5495
6492
5352
3311
8791
4931
7152
5716
5842
2507
9321
1073
4930
1151
7173
774
3058
1284
8917
1265
2880
2651
4423
2818
7867
4261
4010
5563
1104
7624
1586
6687
1295
810
9005
5589
2501
1080
1813
8375
7675
8017
4379
6706
2338
7769
1943
3534
7010
3837
4193
6674
1519
124
2151
8921
9273
458
790
9393
9743
7435
5573
1749
6802
3586
5403
357
9293
5825
3799
4005
3801
9559
7662
783
9360
2261
6289
9862
8871
7262
268
9628
5997
8566
5030
9923
4470
1961
9422
3744
5691
6667
3353
9469
2423
2282
5028
1846
8661
431
3250
373
9807
8203
1875
9358
2730
3467
8309
6759
3025
3819
6512
6652
823
2422
6409
954
8669
1509
2918
2479
5123
4624
6041
2199
4128
7277
1300
2788
299
4169
9703
9667
4013
3550
4468
8432
1951
4781
5603
3735
756
8504
9608
3944
6813
9654
6845
7361
3255
9310
3399
4898
6565
73
2368
9831
5501
5962
6042
3788
6903
6212
3789
1106
3962
5647
599
4878
9721
1206
4881
8192
3207
114
8865
6180
2204
6140
707
3926
2460
6849
8536
6664
9907
7455
739
9548
3670
7510
620
9904
6215
6435
9130
2837
4519
6124
9070
8833
960
234
8706
4001
1213
5448
8328
1789
17
5967
5130
6302
3147
5410
5894
6947
2508
8216
6825
3061
6237
420
360
8024
3630
6025
9083
6198
4898
3399
233
4189
1787
7718
7601
2958
3608
7298
981
1509
8938
2916
5857
4910
2156
6309
2543
2243
4671
4442
345
872
4720
5341
2945
3184
3800
66
9786
8712
3800
5344
7608
2551
5260
3755
3266
8247
7120
8330
7570
2387
5943
8610
1957
7261
4932
6784
7316
9124
1547
3528
5114
5176
8319
448
6937
915
1342
3007
8654
9213
9172
5778
1644
6022
9934
4505
4352
2571
742
2916
1292
8602
5658
2222
7902
4605
1719
9344
3776
8422
8370
1499
5894
4043
2610
198
3320
2201
9211
8576
3712
4513
4478
8311
3697
9770
3600
5617
7269
857
706
4438
821
9916
3827
6029
3441
2849
3625
5252
5330
1958
6873
4160
7038
6702
7258
3132
1579
1063
2681
3635
6553
2279
4972
5726
4315
5098
4785
3869
8420
1280
2087
6322
322
4394
1880
5149
8117
3249
9859
4361
5442
9466
2571
7073
4500
9495
5431
3442
551
6440
8821
8016
7741
779
9061
4071
7042
5462
6880
7752
2031
7543
7786
2369
3034
8514
9333
3060
3443
9817
8921
1453
6691
1700
345
4088
9331
9259
5934
157
9097
2771
7167
2311
2458
1964
2824
5165
4636
1270
8138
2787
4467
5395
3453
9293
479
1692
53
1176
7180
1433
7435
5745
3398
7799
2517
2994
6927
1943
5068
9410
3922
1858
7387
8963
8592
2450
2553
2109
4479
4221
3235
6643
9505
4831
4432
7714
5051
651
2725
6080
9917
9789
4718
8875
4648
9966
1097
7538
3170
1113
828
5602
276
2992
1991
4696
2500
6373
8228
9753
5212
8364
1869
2327
236
5721
9557
5305
9397
6521
443
5966
6099
8134
1744
8751
8357
2698
3435
3017
7925
8121
4451
6110
2269
2512
1805
3665
3571
7637
8303
6656
5321
3907
9704
562
8160
2377
2963
6809
1184
9244
106
6209
5677
7941
688
7389
9923
6372
1610
8295
7738
2676
6636
5642
4226
1676
7754
8916
8246
1065
6812
3543
9358
302
46
4521
4960
8070
5168
4723
1707
9644
6586
293
3018
4499
7647
8164
6760
3246
2283
1165
1155
1383
5712
3025
6946
258
3940
6284
2507
245
6153
909
9603
4077
9723
1873
7672
3124
7058
302
4178
3691
699
1910
4140
2397
9560
9206
5736
4908
7680
4785
8442
9674
5223
35
3719
5703
2907
5610
6720
7682
8950
2170
8156
2688
5514
3036
748
1347
2394
6312
8334
6431
8894
9675
7274
8882
346
3379
5962
5844
6486
8834
634
3695
619
8276
9916
6930
8813
569
5753
8484
2014
5920
6167
5652
2749
2055
8144
9558
7238
5656
400
8154
3634
8828
5092
7108
2141
142
1134
8121
1329
1845
808
2706
8196
8184
4881
6810
2595
888
4334
8978
4025
6591
4777
8253
7526
9005
5620
5075
982
47
8965
9464
7868
4686
4249
3815
8196
7230
9131
5331
6639
9135
829
7021
3492
5281
8856
7135
5780
7609
392
7958
6376
3242
6821
1641
4024
3569
2072
9801
2603
10000
6263
749
7256
7765
7407
2114
8318
5503
1845
2829
4271
3986
5752
3889
2002
5897
933
3795
7866
2814
1038
8696
6083
4815
8535
9290
6661
2235
4222
6157
525
471
2352
9873
37
6878
5769
2396
3871
1950
2708
3264
8322
1299
6021
9601
4671
1581
6368
6982
5633
1955
2261
8747
8692
5073
5585
4277
7623
9696
251
2486
8789
255
96
7476
4085
7785
1110
6953
6823
6338
7410
1124
157
6339
1584
8048
1431
3631
1316
9035
4866
666
9524
2822
3515
7669
3755
3090
7719
882
8250
4357
8393
981
8192
6389
6084
2888
798
2422
1466
2478
1907
6258
2923
3881
5906
8182
8254
8588
7632
2163
631
6252
6282
5611
2632
233
3069
6367
1890
7119
4959
325
1224
3095
1879
6686
5077
4286
5742
2572
5637
2107
3524
1656
3177
6551
8985
2377
8227
4338
6894
9367
2951
4518
8803
7948
6127
7014
3521
8807
9259
8133
5854
2227
7991
5732
4602
5130
8085
3732
8281
4010
5378
1775
6706
5336
1434
8906
9835
5204
6921
8908
767
2309
3595
9366
7282
5939
6614
8634
8475
663
4504
8689
168
4046
4010
1411
911
5930
519
8550
9161
8588
5954
5738
6973
4729
505
4705
7957
8405
7536
5985
579
6244
7085
1096
9585
7092
3082
6058
4369
2249
2785
9121
124
8968
4770
4134
1560
8856
4436
1451
1056
5897
5797
7013
900
4902
2905
268
9633
5627
6981
552
6804
3233
4977
3038
3012
1781
1578
6792
8088
1268
6148
3945
9898
8163
5700
4542
4906
7203
603
8160
2181
122
8002
3847
506
2536
776
6022
7355
9520
2871
8291
8149
8226
9789
6752
9104
1646
7149
9111
2103
8239
3889
2777
6533
2752
6581
749
5617
2092
2240
8959
3177
6644
3168
8520
4811
2938
8477
1826
8669
9349
92
877
1352
4201
6209
7866
2586
8499
2217
2021
5917
6019
9977
8623
7390
5569
7239
403
4398
7785
7263
8118
6242
5079
5397
9482
4541
3516
2198
2276
5616
2738
7600
3982
9751
6167
1920
7430
749
9385
865
3447
1367
6865
6479
6526
5889
4005
2255
3212
8288
926
6101
2219
6491
5563
2403
2499
2756
6230
8915
7645
501
5680
5703
485
3947
6627
1707
2933
2027
2800
4057
2885
4146
7712
8937
8420
1376
4275
211
4546
6689
424
7657
2055
3213
5546
6412
3788
3938
8740
1491
7815
3608
520
1492
2416
5846
6186
797
3219
4204
2803
8863
1642
4757
6058
7719
4493
5364
2694
1588
6636
425
6367
9390
9075
9586
8393
8041
8754
588
4971
1559
1451
6951
7336
6704
1708
8329
1664
8249
9433
9120
1986
2810
3714
9338
7653
4282
4282
9924
514
4756
2537
8158
5090
9084
4059
8048
8358
2348
4504
6243
2085
5287
4709
9665
75
467
9431
7950
724
239
4419
9505
6609
9218
1885
6934
5159
803
523
7495
1901
1183
5429
5950
6273
9486
132
702
4022
2681
1624
4025
4337
1025
7692
7973
3215
864
4586
7671
861
4334
8094
8206
5969
931
5086
5392
1556
9486
7014
112
5715
1565
1265
9754
2796
6546
8191
5310
3088
5040
6198
4946
2034
9755
9792
3507
4552
2868
2975
9803
2919
3777
3806
4101
5064
7915
388
1930
4377
1859
102
1555
42
3259
6267
4969
1887
186
4362
1911
323
1016
1908
6850
9419
1827
3993
6725
3105
2599
5782
6991
9170
6583
103
5718
7812
2761
2440
4061
6598
7419
3083
943
1037
7146
4409
2098
12
3394
3340
2600
3519
3751
898
7497
8645
4668
6359
7915
3999
5098
790
2398
5064
8608
7050
36
7459
2229
7181
3045
4829
1236
1774
9948
7496
5279
2604
5813
5250
9782
2866
7466
1454
4453
2696
6584
559
1482
6552
2940
6850
3056
53
7839
3116
9799
5069
6622
8239
1859
5116
4882
7035
305
8443
7050
9200
2241
7335
6979
4768
136
9266
7199
1487
8421
7245
3637
7637
1250
8908
9479
4636
5605
4108
2102
2018
8985
8590
8848
6292
5551
6073
6828
1825
858
2684
6663
9718
6666
8631
1753
6156
265
7620
889
8097
27
9013
596
8476
210
3851
6574
9581
82
4514
7443
6382
7032
9412
8079
2889
2925
9717
3673
3565
2320
738
7402
6517
8270
7752
8770
4706
7342
6560
2568
8600
8021
6591
5204
4230
6524
3963
8643
5865
4591
7134
3213
1199
2701
3891
9521
3517
2418
2896
7982
38
8022
8979
8754
3935
7934
4042
107
6541
5468
8513
4080
7159
9707
8263
8272
1884
8599
9972
4590
5599
8722
4051
8043
314
9020
3090
2794
2486
1532
7066
8306
1924
494
5234
7190
1640
404
7447
8199
3120
2728
5141
752
4435
9639
3434
4353
8783
8536
9927
2161
5517
9564
8357
5256
3118
992
7360
9493
7587
4588
3424
8202
4690
8349
6143
6720
1500
7071
6800
9121
3574
803
9035
1581
8264
874
6088
9149
9910
8566
790
3800
9596
4662
4528
3044
7559
5372
7658
3788
3126
3836
6174
3007
8789
5173
3224
8741
3468
7787
6573
3739
428
9416
9806
9127
3088
269
2975
9731
2912
8871
8020
1792
4990
1782
8283
6177
9521
700
747
1719
3539
7604
8117
7867
7972
1292
2720
2572
2076
8954
2503
8695
7393
9487
4872
3632
7850
3983
2138
3190
1080
8050
6232
4309
8298
2139
3674
7519
6156
2059
6051
740
3213
9803
8373
791
6206
8451
7618
6159
1193
5954
9201
8963
774
7709
5959
9476
1622
9594
5726
8794
3955
7434
6661
1432
6380
1568
864
4903
9016
5201
5750
3406
8922
5969
6063
6874
9680
1686
386
5987
8040
2100
408
7333
4728
1366
9312
5857
189
2572
3368
4453
5654
8504
5090
495
7990
6404
6478
1964
3306
26
3626
6313
8977
196
3597
7476
2417
2492
3380
5597
5947
6107
2653
4358
5500
3114
3444
4950
438
810
7463
9545
5538
1242
4528
4955
3533
4229
727
3529
663
398
4940
2248
7844
5794
8976
2649
808
5961
8398
1126
5724
1292
9827
4240
4074
8222
6297
1646
5542
4088
107
9946
4088
1860
8672
9431
1497
9433
5057
5704
2114
4753
1590
4190
8777
4726
2746
5863
5285
4883
1884
4959
6737
3019
1588
7455
9749
8745
3382
2761
9084
6749
3774
6224
8595
5939
905
437
7943
3579
1854
693
6781
8242
4455
7505
3369
6425
9501
3039
5906
65
13
3597
5757
9978
8141
1355
7291
5871
8663
1876
4115
7442
9568
7069
3551
5221
9366
3650
7795
579
8534
5609
9004
2994
9492
3592
5508
2149
1368
5456
1229
7140
7825
4795
678
6645
1095
8494
457
1702
9314
6185
2314
8639
8896
1087
7287
9564
9361
2071
633
6468
4870
155
5084
5669
6614
489
6463
995
2651
6030
8297
6014
9491
3923
5142
727
770
2838
8928
5499
2583
5826
426
8453
8809
623
793
3514
6052
8459
5941
5021
2429
5856
2240
5509
6913
3725
3793
6853
806
9239
6335
2583
6350
3285
8970
5932
1893
1801
7323
4887
5308
5607
6468
9211
3363
2764
4045
5238
5360
599
7968
8906
3394
4917
7677
2958
765
3994
8589
5566
6805
7128
4442
6784
1068
3267
9928
1039
9035
9314
9608
7009
7632
4699
1413
7639
8227
6809
5716
5664
8517
5298
2522
652
9520
6648
9658
9574
9346
2573
929
7066
8094
1444
6772
6111
9510
684
9759
7268
2788
2869
6164
2349
5944
6772
2284
5105
2703
132
8911
2954
1204
3194
4605
4223
5850
6692
9931
9078
9129
4464
5389
3870
2400
7732
9062
4190
6033
4012
1602
3270
3736
5506
929
654
9817
9857
9831
6695
4652
255
1027
9658
2316
7319
2978
5889
4330
164
419
2617
542
2473
9521
2355
4773
4866
8497
9888
2249
4390
934
4364
7035
6413
1916
3366
563
7560
914
4656
7306
2740
4333
1281
75
9075
8856
3978
7236
2382
1061
4219
3864
4249
7513
3651
6498
7199
2270
7384
4106
8058
517
7636
3059
9740
2568
5304
6623
1691
4293
9842
4277
7490
4961
5437
5437
3705
4371
2848
5568
8874
7889
5919
3469
5336
8930
7381
3159
1141
3135
6182
7757
2750
3715
5725
7450
5877
2912
3156
4385
5305
5837
8216
128
2632
689
3908
9225
8083
4302
5875
6736
2118
1591
7719
4996
4109
3042
8605
22
5468
8699
1576
5133
9169
2075
9012
7117
932
7933
4031
9907
4108
4008
5631
8358
4898
2364
296
2886
7883
6478
5073
1232
7806
2380
9030
7730
5083
7558
3586
2938
3778
502
2803
459
4017
1821
6752
7569
8979
6622
9062
6530
3479
2935
3856
3458
8768
3680
9029
3535
1852
8874
2751
2076
8776
9836
5149
8085
1799
1990
4553
492
7803
7909
9471
5560
7815
9498
1289
8062
5444
4162
6292
8755
5659
8908
2813
6566
2247
4903
3136
9260
1957
2501
3757
4577
8607
4768
6198
8461
9597
2925
7708
3163
866
8025
9600
1778
1654
6625
599
4822
2901
160
3697
5913
5560
7754
4407
5876
2603
119
509
2827
7499
341
1454
4951
3333
804
9894
3383
9494
2446
3073
3518
2194
2931
5442
438
1429
9329
7127
3274
4823
397
6541
4465
5419
2990
7864
6408
2615
4699
1866
1852
2504
6038
199
4270
6734
2980
8785
5208
6151
2843
8643
7072
7004
125
2967
4680
2524
6122
2176
2751
1318
1853
1269
1530
8499
1399
4108
3524
9354
2224
5197
5700
1258
79
2971
9251
7240
1876
139
3386
5896
6719
4996
1221
7090
3250
1532
1920
5745
3118
1012
3388
2614
6567
8563
2852
6252
8419
2170
3625
587
9871
5428
7025
6242
2197
7061
7678
9445
7785
3382
689
552
4384
1524
7769
7785
2381
9402
6086
8300
3571
760
1970
8994
3615
5870
4866
4931
4049
1459
4507
4570
6722
8350
1131
2966
2560
6661
2779
7318
9847
551
4439
5467
1091
9111
4219
3892
1566
7391
8370
6046
901
6998
697
1017
8058
6482
3056
712
5453
2227
697
988
2962
4980
7241
6612
5140
3930
8675
3821
7145
8889
381
4020
1895
8459
8285
3192
1089
1826
3556
3070
9281
1396
9343
9801
1858
5384
2475
4073
7294
8724
3349
9712
7390
3161
1903
361
3454
2887
3140
4815
9345
8050
3325
9402
7062
9739
7645
3896
7680
3686
26
7878
1314
7069
1979
9337
1072
9893
2331
3678
3642
6276
6921
9806
1221
1631
1419
9930
6939
8494
3702
9203
5841
8477
6579
175
1837
3956
8873
8018
5142
6073
6097
5191
187
7113
6842
6944
3219
4660
1969
8627
6710
5807
1816
5655
2085
6204
9453
1608
2176
4654
9463
7069
5431
790
8121
3063
985
3167
8401
5796
6500
9964
6446
5529
9891
5073
8640
6711
3175
9289
5756
8166
5846
4761
2449
9062
8221
9428
4717
6625
5542
5770
4920
2675
4974
2317
9842
1023
5732
9490
6870
3162
6574
4161
7980
2024
5744
8632
2546
4123
6746
2248
9385
1742
3806
6960
1193
7129
8077
8852
254
3309
2889
3749
2227
4222
550
2561
603
262
2041
2469
1735
2548
3124
1344
562
1890
3526
2111
1864
7289
1067
4225
1047
6125
257
9651
6814
1283
1726
6190
2942
5098
1319
3499
6533
3790
8861
5006
4056
7450
7072
5437
9162
5929
7141
8579
3099
9333
6372
5336
7590
3872
3436
3191
4212
6436
2132
7477
2504
2315
6298
8828
4213
4715
9950
3190
7025
9671
7268
4890
9764
7243
2853
8280
3749
6563
6346
5562
3626
4081
6526
8761
3089
7822
8000
96
5247
6572
9859
8182
3735
7678
5171
8943
8653
7374
818
4434
203
615
9516
8564
9668
9134
1593
681
8137
5244
3525
8078
3568
6413
3944
4033
1250
9511
1118
171
5551
2321
8317
7146
8962
9
8822
6824
2783
3343
8750
7909
5548
5096
8616
9168
5770
572
1340
2747
6836
9731
8185
7010
9093
1396
8171
8341
5040
9246
20
7204
8523
6183
7514
569
8976
6537
744
8116
9822
1677
3153
5144
3024
5884
9992
8157
8709
572
7671
4132
8831
6946
9348
6232
3575
3106
580
3449
8214
6199
3339
7293
2454
217
944
3660
7855
1829
5068
5505
9307
1762
711
8978
8355
6864
9376
32
1911
2472
7617
2076
7062
2098
2314
152
4664
3692
2763
5383
4562
7840
1513
5424
8232
6522
442
4589
5180
2092
2
7015
4276
1751
9077
9836
4911
344
9089
3930
2719
725
3237
6465
4533
4004
5269
2995
4577
2355
5947
7699
3230
6993
3819
9701
1595
6831
1825
5879
2576
1445
6784
315
7513
4878
4886
5563
9380
1643
2399
2324
4060
9368
1871
975
5301
3990
621
8667
3659
4951
7320
4259
8238
6634
2881
280
9306
9080
6282
861
5318
8277
2780
9000
4474
3539
2218
3169
1299
419
2004
1667
5505
3822
1098
8057
1116
9453
7069
8770
7688
4267
708
2109
4744
9055
7971
8131
8581
2579
4279
1029
8702
3950
244
1631
6189
5641
1889
9870
8042
2811
1042
4243
675
9939
9611
7391
9015
7697
5544
9893
4719
3381
6890
9084
835
5697
2649
346
5388
1262
5306
805
2135
5356
8520
3286
6489
1750
5914
1518
8523
1573
4639
1782
3066
3143
8430
6534
7545
732
279
7896
3897
1688
4435
836
317
6226
3155
9302
1358
7599
8008
8458
4660
1770
8924
2752
1569
3534
5017
2496
5284
4071
3800
3846
2599
4293
9723
6143
189
7003
6740
3997
3981
3749
3912
1259
9735
1418
1247
1475
4393
250
7753
2314
5227
9248
9725
1035
4756
2867
6682
3814
7534
4695
4428
9664
6183
806
2956
9531
8509
7929
3042
6161
1630
709
4497
8043
4453
158
3084
3363
5378
59
6453
9778
7614
1524
3746
4334
157
7530
9030
5439
1369
7231
1771
7747
4353
7149
763
1580
408
2190
8254
252
2658
9933
2500
5794
2212
7793
4597
6529
3368
7749
5507
6996
6650
9706
7530
8640
8664
7866
7678
3681
4022
408
1028
7855
5098
2933
9277
9695
592
8743
4200
8613
8518
8943
7299
8802
5086
8248
5053
3468
8464
4798
1111
2771
8204
5808
3907
1263
8056
5988
5063
583
5496
6022
7549
3018
5178
61
4735
7507
2499
2198
3102
4766
6205
3273
5453
2861
5607
2448
8232
9051
1462
9237
864
4387
8167
3609
4382
7825
2622
4109
1696
6907
2030
8227
9945
6241
6067
7095
9749
888
6759
7208
4528
3547
3458
4281
7550
4253
6007
9413
6705
9083
1362
4839
4359
3252
9803
2412
4376
6258
532
1802
5460
6661
3628
9596
2634
8746
253
1060
2025
9073
2770
6577
8845
5330
8643
9015
2156
3904
1965
3877
4693
132
1799
7944
6763
9033
7790
111
9838
9436
9941
2763
698
917
7006
9070
4685
3050
7926
5170
4378
6305
8569
9991
3578
2718
6515
1755
2818
6135
3345
4563
7970
3200
8781
8729
69
8711
948
8799
4841
7202
6696
5885
1589
5475
414
4878
8942
4942
7881
9937
1069
3451
423
701
9844
9700
6797
3018
2256
9708
2955
1512
863
3230
7842
286
8054
6355
7229
3892
7196
8003
6032
142
3059
6670
6473
7352
128
1455
3311
2434
7676
9666
8176
7301
9170
2210
7480
8877
1745
835
6669
4051
7994
8858
5356
7037
9276
1789
4096
2224
2088
9799
9002
7413
3865
7611
4115
3485
9692
8808
4113
4882
2634
6815
9789
6516
884
6584
3333
9351
2781
7332
8174
1983
5116
201
964
976
506
3487
8083
3488
9106
9803
4388
7792
2862
202
6935
5348
5324
3493
8705
8549
1263
7297
3166
4201
383
1058
3224
7534
4120
7294
7102
7721
5582
2326
1734
3652
1867
4258
6298
669
1809
3615
9484
631
897
4443
8293
7962
4729
5039
2414
8825
2312
3956
6647
9164
5248
666
3691
3767
2732
648
5599
5582
7308
612
6914
5092
7412
729
9983
3048
3439
1334
30
3647
8876
4400
9056
1287
1526
6264
1092
4320
6376
5097
3776
4343
9778
6134
2050
4872
8535
8372
4507
6537
4630
5398
191
3644
3196
8530
3517
3323
6507
2754
7084
9340
2672
8228
7704
3070
1032
7302
7944
10000
2478
4830
8720
6931
2873
5286
3047
9309
9281
306
3537
2903
1301
6938
7506
107
5868
8950
8260
9893
8268
2187
7149
544
2759
7437
3732
7894
7076
1382
9706
6431
6971
636
5046
4090
8597
9503
2078
740
6645
3329
755
6421
6069
8372
6455
9405
6133
7209
2070
829
4795
7533
3009
1593
4900
329
5149
9603
4244
2653
7743
2533
5324
3334
1347
4758
1025
9244
6227
2409
4088
9830
5703
1447
6127
3568
3377
2095
38
8317
1116
8011
6251
2992
2929
7510
4274
3440
9980
3244
8925
2127
4711
2310
1834
9928
9333
8482
5185
6108
4080
2750
2145
8274
803
8379
9364
4002
2008
3356
8732
3023
6234
5612
5503
7644
1573
5344
6392
5297
7341
5955
3006
3298
3763
5989
8206
8641
4111
8153
4668
6541
9149
5997
801
2391
670
8837
6548
6315
202
3994
5739
8073
7198
8808
3818
9229
3157
9115
3000
5406
1330
5582
9789
5791
2315
5368
4763
6399
6425
8569
6155
5928
4675
4433
6130
3
1115
6211
8490
5547
2078
4875
3184
6867
50
3245
7801
6403
573
7120
3388
1823
7163
1561
8964
5522
634
1616
2066
5861
9250
6855
2819
9598
4588
6514
8711
6824
5373
4467
1917
5447
5518
6921
9247
321
7592
5651
6424
4626
3287
2264
1499
2703
4188
5216
3983
6023
6146
9349
7155
4979
8828
4947
4356
3318
4981
7116
3305
5456
7170
3663
4385
4722
7736
4136
9581
5676
3705
3286
6894
6318
4193
7059
7462
6808
4137
7204
1471
9851
5920
6433
5935
6259
6235
2070
1854
4476
5701
9489
5710
6861
536
478
2167
3313
1391
2359
3117
7074
5714
2205
4141
9793
2973
4202
2276
8241
9358
9590
2729
1005
4660
535
9888
311
1558
891
2556
6963
4332
3780
2888
6222
3639
8004
2458
771
5773
7035
753
3112
1539
5607
6883
5539
3823
5627
4867
5391
7949
423
3723
2263
9810
68
2124
9072
587
6447
3595
7578
7234
5389
1317
4022
9044
4190
5309
4349
2786
5504
7083
7773
9686
6630
9626
2397
2210
4910
6918
9195
5619
2632
3568
4282
253
7844
3268
2690
3582
2241
25
6231
4354
3624
3554
3908
3220
4599
8481
9149
1680
3642
9633
7398
5666
1583
7015
3667
9567
6576
8064
1212
6961
9407
5755
3201
4294
7676
5685
2344
4361
2880
5612
3002
9577
8771
8452
1773
2288
6980
4852
8504
6559
1357
8178
6797
6250
8368
7478
9689
3391
5253
4376
8281
6429
5253
4299
6074
307
2262
5992
9042
5254
2471
6518
7371
5714
7774
7418
2188
1579
2453
6787
9388
7845
4088
5874
5467
4222
2823
2099
1704
2403
5717
6007
2474
1183
4811
5022
7991
5027
9132
255
7379
7797
7429
1044
4372
1259
3105
5574
833
3547
5427
2101
3647
5754
7147
9608
1437
3658
3940
14
6924
4365
6427
2103
840
851
1557
385
7838
2841
943
20
4977
1140
9368
60
7046
8171
6637
8525
5972
3579
1484
9628
6372
4772
8383
2182
4843
6501
4400
8545
8465
5154
5712
739
924
6694
9561
6919
7567
3799
2316
5433
7023
9219
913
5385
8757
7982
6146
2085
2003
301
6637
1546
2079
4934
9198
3898
6905
552
2474
5362
1887
8703
6654
6955
2403
3540
5562
1724
2025
548
9306
6797
2086
6617
4126
5265
586
3142
282
1446
5999
9917
2618
112
6775
498
5485
1273
3931
49
6013
1785
3245
4042
5808
1379
9651
5279
56
4515
7626
6539
4313
3511
1064
5855
3918
656
1679
2362
5348
8325
1055
7722
9954
3595
1887
1591
5349
8569
9183
1021
582
9581
9202
290
7128
7668
5364
7055
2536
2020
9830
6319
9744
5176
9200
5544
214
1914
6621
8934
8968
9776
3003
9529
4011
3648
1452
9191
4177
1266
4036
8040
6942
6577
7866
5778
492
6904
7751
7183
1813
2246
5979
5131
3741
6415
612
4955
5812
2910
9849
1584
9841
4084
7202
4214
5473
2555
61
3140
7278
6440
3442
5641
1343
3525
6138
6356
6463
7018
4887
4931
1756
7299
8579
3396
8913
2162
9807
4244
330
9
9502
1600
8847
5166
8163
2229
3132
9719
4023
2854
8825
3298
2393
9267
2740
6899
8793
4484
2097
557
8574
7573
2573
7519
1080
1544
905
8794
4789
4698
1720
5014
4457
6270
1676
8382
4424
4372
4472
4201
5339
4030
6936
9268
4578
9068
8802
4735
4293
2394
1175
2023
8864
3934
4280
8290
579
2535
2650
7828
6814
2999
1959
768
2379
3484
243
9375
8001
8577
2144
4620
4177
5465
4536
3267
6442
4863
4128
6415
1463
2052
7478
4836
8437
8862
4604
377
5405
839
2182
2713
9642
6371
1938
1066
1617
6498
8486
6875
6464
5992
3354
5052
1415
7688
1177
9974
161
2908
7597
4599
4279
4974
170
6633
6958
2536
6191
2915
1396
3164
674
3824
2169
2523
2155
9600
6663
7849
6719
9269
6406
120
3724
969
7048
1146
1915
20
1538
8288
6088
4250
6443
5447
2231
9664
1689
7150
5888
5455
4952
7758
7584
3261
3336
3065
4903
9082
8272
3943
6626
5017
4450
9836
5982
1707
5317
4871
3153
9817
6535
8834
2215
9335
3930
6010
6595
991
8536
7919
8565
5273
3582
6310
6155
6676
5974
6429
4488
5818
39
772
6194
7222
8186
6309
7702
6750
474
1607
8366
6968
9951
1626
9016
1139
9873
2363
7484
5457
8989
2789
314
2581
4338
5646
2246
568
380
5809
4631
9035
5381
3161
2416
814
1593
9340
791
8513
6554
9528
5677
765
5168
2706
9387
2368
110
2289
7903
9734
1271
9523
6090
636
9786
7949
4297
8932
8809
1581
4355
5120
372
2897
4253
3374
8182
1563
4073
6001
345
973
8986
3865
6993
9589
9121
2086
2136
843
252
9449
9577
3288
7642
9211
2656
5190
7600
9466
2665
6098
9400
9417
7221
7965
9037
3627
4694
6848
2308
5934
5352
4657
1791
8940
8566
8096
5111
177
5301
5186
1109
5474
5861
31
2807
9020
914
5303
8835
5171
633
1302
6196
6506
8792
8386
520
140
2047
6308
8447
8242
5081
2365
291
7691
1449
9203
1969
8925
4621
497
5988
5251
2133
9021
8802
1721
7645
4802
6180
4528
5825
1604
933
4057
8759
8121
4839
407
3283
6669
4552
7691
2530
936
2806
1110
5699
1533
2423
2740
3317
3579
9518
5308
2192
7661
4855
5199
2193
7915
8270
4393
3750
1146
3415
7137
6382
8471
3724
8506
1845
5028
2196
4066
771
5139
6630
3634
9584
6414
1012
4826
7021
826
8293
1750
5304
3061
8454
7390
9910
6159
5304
9911
4697
8109
3096
1219
9567
3841
9783
4704
7588
852
1736
7460
2237
2271
5490
4261
4832
1978
4569
9260
6611
8000
1227
4960
7835
9226
5467
9185
7695
2075
3148
1600
1677
7322
3760
8622
2902
5275
9449
5238
1052
587
9543
2763
452
7948
5513
6557
7114
7982
9157
4295
9095
759
9219
5309
8278
5880
8037
9093
4362
2333
4899
7987
4228
1456
5469
419
2125
8975
7477
4608
4226
9552
5386
9454
9910
1954
8910
6135
4961
818
1097
7618
8014
7068
8882
6447
8548
511
5919
6052
6591
9873
5792
9803
4667
9076
705
3423
9632
8343
4251
7527
8054
6109
939
3163
6626
7877
286
9606
8931
8014
3994
5158
7268
9057
3917
5161
2182
8032
5366
7330
7528
4255
4950
9895
4549
3181
3225
1690
6209
5091
2879
3161
9309
5234
1026
1460
6748
7114
3059
6051
1589
5354
7571
5946
1347
9456
6240
2411
1144
7894
5414
9395
8363
5152
4232
3465
2812
944
4700
3983
6248
4870
2367
1042
3345
6634
6015
2056
3898
9077
6660
2972
4356
9510
7942
745
4795
4332
4845
7409
4419
5802
9957
5793
1419
8720
2855
61
3845
1576
9546
3908
4609
602
3298
6016
992
6356
4047
9082
7302
5225
742
3500
884
3211
1508
5241
6851
356
9047
111
2004
6136
9636
1917
2992
6039
3712
6342
2058
3855
5218
4167
6509
4551
2246
4950
3014
3073
1362
1613
2994
8438
4954
2129
8707
5947
3551
5280
9578
5385
5005
6942
212
739
8310
4330
3166
4174
9739
8338
6979
4587
4807
5483
1000
3543
3887
5947
6992
8112
3846
3836
4958
119
2942
4980
9936
2396
1293
793
8302
334
5526
8346
35
3175
3523
1833
3006
312
1278
22
8459
4321
869
5830
6632
8398
6769
5774
2676
31
9275
5291
5846
7897
3850
6539
3773
9151
7734
5602
9287
5841
1534
2865
2464
9723
7526
4491
6463
896
5527
227
3462
1261
2793
8568
145
6055
7057
9766
5118
4123
9937
6016
7036
4319
9410
3403
7021
3343
1721
9494
8965
183
7458
2105
8537
7609
6218
4547
3210
4437
825
9755
2414
3077
7542
2545
9809
3257
6415
8422
4543
8381
6151
8
4027
8677
8101
2841
2374
2913
2285
5668
7318
9346
5376
5889
439
2576
7186
4545
1396
8710
2493
3146
1806
928
5259
8840
397
4727
7302
6333
9098
7649
6710
6995
1592
7496
1812
4931
1759
4318
3475
980
8286
7583
6679
5321
6701
3006
478
3779
5583
8759
9187
2279
2390
9633
2499
1411
451
9970
8090
4248
1222
5162
25
7920
417
8303
5128
2036
7399
8642
5111
1150
4945
5685
1512
438
4147
9468
9748
6832
7720
9701
660
5847
1887
1669
4031
2116
7845
2803
6762
8336
4173
2240
8032
7614
1724
3347
5652
3711
7785
2895
8368
8722
896
1374
1771
6245
1006
5075
4743
5662
2847
5001
2204
5814
6662
2605
4127
2916
9867
7261
2105
2218
465
9699
5901
5264
4693
4510
5981
8064
3420
2353
1283
6095
158
3030
2211
5013
9716
1858
5099
9764
1229
6306
4479
2191
2487
3626
2846
7510
5526
7881
2108
7152
5678
9414
38
4809
9867
8519
2242
9444
4508
987
4212
3470
5696
4367
2579
559
6478
8998
4223
1211
2192
9173
3311
2923
376
7370
5191
4507
6339
7438
8990
5032
5608
2557
3038
7140
3127
3576
8
7902
6581
965
8791
8888
8035
9937
7269
7473
4810
5070
7672
5751
8274
67
8475
9039
4194
6506
3603
7056
590
5809
7081
5407
548
3441
9235
5362
1820
1520
6299
9146
2735
2075
810
8031
9397
5071
6662
2252
2211
9649
597
9891
6267
7284
2418
8574
7430
5997
5132
4938
3507
1838
2060
5550
7134
7467
9898
2794
2161
6343
1043
1246
7785
1114
1436
695
4891
8890
8822
8919
8024
4143
1172
1600
8433
9179
3841
6577
6024
641
6794
3312
8924
8322
3081
4742
9579
9995
2157
5716
3832
4286
6273
962
9088
122
8245
7408
7486
7091
932
3365
9697
6638
16
1852
5911
9709
2555
3947
9597
2717
955
2911
4131
5958
8347
194
1104
104
4565
3466
5504
3246
4684
8131
5918
1916
7874
645
7917
2585
5285
9728
2803
1221
1538
3462
505
2678
4794
7797
3973
4564
8387
9348
6687
8564
7712
6039
5466
4147
1992
5074
8947
9251
2325
1229
779
3696
939
8836
8021
4135
6062
8997
390
5419
3793
9442
2508
4572
5868
7102
1596
8709
4450
3288
5636
4593
2000
8770
6868
1750
9237
7369
8724
1099
8876
9996
5618
9074
8552
1466
1148
6643
6176
3877
6489
6145
675
4194
9188
7319
5807
9502
7977
8117
1956
3086
9263
5154
9725
9228
855
3666
6556
9996
6199
5477
4636
6611
9352
9863
956
9335
4749
2356
4838
3315
3300
3196
7363
1485
2467
1439
2418
6715
5285
8501
5134
386
5602
8077
3530
6522
4507
9080
5698
4539
3710
510
3807
8319
8856
8519
7894
3093
1522
3635
1280
9376
176
1512
4537
7282
9215
5073
8147
1737
5606
7817
7333
4334
7410
3690
3610
6944
1129
4534
4533
2531
4289
672
1163
6358
9524
8709
5125
4482
6841
4300
7797
845
1518
8283
4725
485
3843
1761
1163
7220
7836
7179
3956
6322
5547
2492
2050
3890
9351
119
462
1047
1509
4242
8107
9174
7177
8152
8426
4526
6441
6250
9453
5190
9302
3806
5369
8807
2503
5628
5281
7367
9730
4826
6535
763
7028
7220
2099
7332
9708
2822
8027
6847
1029
5046
6030
8413
8425
7289
4601
8421
3056
9033
6336
1857
6230
274
4657
3140
1262
1151
8262
197
5220
9842
922
1188
8886
375
373
7024
5461
1727
9497
6225
5703
8355
5813
8656
4871
4156
1118
5714
6907
2353
9320
6428
8350
5536
6709
4613
4837
1849
7447
4759
3495
1296
8296
1341
1661
3223
8979
8066
8674
1254
1984
9205
9188
9397
928
2825
9654
8521
9215
2573
3526
947
6276
7384
3079
6680
1170
8899
5713
9597
8370
1976
290
1133
2498
240
7125
1360
3777
9630
9269
6889
7398
522
9866
8726
4869
5299
4552
4980
5638
8895
835
5736
2341
6935
8266
6002
6054
7633
6099
4124
2670
2983
3991
3697
7094
9930
4572
4629
4811
3612
6363
5699
7402
9013
8485
8762
8760
2510
8658
2221
8395
8418
4905
365
162
8723
339
4169
5454
3712
404
9002
7569
5386
6764
6340
6906
2858
1768
6265
4407
1388
2636
9868
3998
7818
5426
5625
486
35
557
5016
291
4770
9926
1148
3062
3364
3913
7080
9823
9076
1708
7300
2925
4042
9820
5688
7832
1629
8295
5132
234
1355
757
8540
5584
2383
8012
9637
1023
900
2780
5149
35
613
3222
3817
566
9108
2995
7144
2488
658
8300
4609
5555
4860
955
999
1714
2532
2965
6464
3441
2204
3443
1910
1390
6948
9526
3935
2503
5220
8380
8442
1824
5641
4515
7519
1274
9077
6353
9914
5139
7157
5456
9829
5071
7773
804
2226
2586
67
657
9419
1552
3771
9507
6680
6021
2940
8571
3562
3475
9944
4499
4602
7783
387
5368
8936
5787
9025
7939
7530
811
135
7575
169
5313
9135
236
3166
7291
9193
87
3151
4785
4558
3722
2753
9011
6202
6996
79
7475
7210
7916
9081
7982
6020
9923
7609
1424
5440
4489
4777
5490
9882
7577
9906
7361
4408
1775
3414
8689
2056
52
6121
5183
2119
674
915
7646
5350
8481
6045
3244
4236
5580
5663
3582
473
329
6844
6585
1325
9026
386
9858
5734
9141
7721
2987
745
6279
8278
4957
7708
5769
1291
2715
3745
4990
5277
5853
9478
6115
4501
952
2038
8623
6300
4771
3911
2259
3559
3287
4625
1715
1178
5693
9126
5835
2792
8072
7839
3811
3555
2163
7146
4898
5415
8112
7529
9387
2837
1844
283
5805
9638
128
133
5374
5246
9868
3114
303
6501
3367
4931
4362
9542
772
20
2419
213
8806
733
3755
2757
5743
2451
9749
5032
3444
2453
649
8274
8220
1546
7368
6244
9989
372
3598
5103
77
6793
2648
904
8287
1342
7536
3235
9102
2639
4340
623
18
5588
5274
6992
676
8108
7334
1267
2124
7641
4555
2379
4602
6152
7047
7035
9209
4716
1977
5402
2796
3753
7744
2166
9167
6504
2191
753
2691
8972
9647
3062
4441
5230
8072
1161
1606
4291
9964
9407
9927
5826
4939
8950
8123
1210
9982
2450
5649
913
4610
5267
1764
7212
7978
7196
6350
7774
471
9695
7370
3948
8715
7372
2614
2850
7872
5780
9729
4546
9182
3199
6907
86
5316
5654
6662
1964
6477
6923
5294
4974
6383
1865
4690
7542
3811
650
8416
6463
2544
6918
198
8477
644
8825
9981
5807
1683
4303
7898
7386
6467
5971
4315
254
761
9007
5188
1577
4969
4073
6473
5714
8711
9409
1142
4236
1909
4052
5141
2376
2592
3176
1700
7262
5304
3196
1958
7403
5890
5960
9241
5385
8703
3734
6528
9283
1800
7068
1515
1208
8175
2379
6731
1409
7332
4709
384
9411
8929
5006
9956
4614
434
9232
4485
8124
9664
7877
3134
574
6731
6213
3948
7917
2842
17
7949
2299
9051
2095
4479
9808
3719
6284
9692
4378
9475
6192
8701
8202
8566
4788
6057
3246
2511
9664
2730
3212
9454
573
4203
979
880
9961
1844
6692
9823
4755
9890
9380
9950
1398
4978
1485
347
4228
8814
8406
7340
1807
3231
7376
8551
4997
4631
8477
8421
397
7937
1244
6052
3408
6408
3784
7030
2306
5372
1581
9630
7724
2174
7146
2117
9675
59
8899
4941
9230
2508
2732
5661
5585
888
8701
6627
7957
4842
9057
2976
3855
1786
9890
5460
2509
1408
1576
2447
5219
9742
1204
5493
397
4191
3382
9934
8239
5902
6341
875
6933
7462
1391
9335
6324
4185
2019
2184
2476
9095
1111
7021
301
4168
4696
112
9392
8085
3153
8704
9872
3095
9295
2418
9878
2435
1382
7639
2963
7398
4697
3119
7229
1931
8523
6218
189
1944
3168
2990
4696
7051
8069
4232
7141
8163
2276
1783
8754
6767
630
8600
1186
8457
4324
3872
4918
6190
3401
7143
8509
9289
8804
9286
6708
4135
6527
4989
3283
7745
9797
1559
9172
6048
2960
9823
3111
5432
4453
4130
1888
470
5246
4581
164
9405
6046
7517
6166
715
7702
3833
9035
4735
3688
5297
5832
1922
3252
446
739
2857
2405
3144
186
136
3838
2210
4072
9794
1365
5649
7663
5041
2324
2612
3489
2693
790
1019
2677
3761
5051
693
7764
9488
8403
2023
8795
1425
5665
475
9972
5895
8603
985
6379
4965
1547
1786
1295
8196
5470
7020
5323
5558
3854
4613
865
3516
3092
5633
4943
2702
7335
9881
4704
5779
8249
5373
8403
620
3109
8732
7627
5531
6518
2713
9730
1849
9464
4160
4586
251
6140
3453
8206
3248
2354
3304
9906
2797
3192
1714
1337
7444
8399
9065
4548
4622
5216
9464
5236
9437
6811
8010
1501
4073
2761
7847
980
8556
1324
522
4923
8077
8880
7513
8296
575
9452
5695
7648
8863
3583
3164
5547
1260
4172
5069
9357
9591
3631
7778
5405
5202
4773
8684
8566
9563
3287
4397
7497
9555
3730
2765
5876
9230
3068
4142
8112
682
674
8196
836
9768
2797
7194
3513
4464
925
3976
1755
7391
3271
6257
4293
662
7553
567
7035
1212
7122
448
6224
7345
6190
1346
8906
2246
8151
465
6808
7053
1073
2479
4328
2541
7590
6215
1394
4025
429
2927
7885
6446
6115
9439
9884
5940
4608
1438
9988
5196
3562
5208
5651
1986
1775
1158
1424
3398
5714
7646
7591
7558
7470
705
3623
79
1970
9905
5241
5240
1468
5156
6927
5321
8933
6703
2616
4018
9361
4735
6521
9135
7620
4164
8147
592
9329
9046
821
9310
9085
5550
6932
6200
8920
8042
5690
4299
3450
6091
2574
6536
6835
8366
333
9451
4174
6868
768
6459
6665
9952
8469
4207
9661
3328
1642
9465
2845
408
2528
3039
1612
7045
1091
2968
2712
5480
4424
540
5184
7398
1926
9287
6605
1022
9854
1221
6074
3256
5145
6930
3034
2454
1662
2680
4819
8690
5993
8304
2790
8537
9974
3761
6775
4753
2610
5499
